X	Percentil5	Percentil10	Percentil25	Percentil50	Percentil75	Percentil90	Percentil95
2019.542	72.37	2.71	12.20	10.40	9.04	8.75	13.88
2019.545	72.37	2.71	12.20	10.40	9.04	8.75	13.88
2019.548	72.37	2.71	12.20	10.40	9.04	8.75	13.88
2019.551	72.37	2.71	12.20	10.40	9.04	8.75	13.88
2019.553	72.37	2.71	12.20	10.40	9.04	8.75	13.88
2019.556	72.37	2.71	12.20	10.40	9.04	8.75	13.88
2019.559	72.37	2.71	12.20	10.40	9.04	8.75	13.88
2019.561	72.37	2.71	12.20	10.40	9.04	8.75	13.88
2019.564	72.37	2.71	12.20	10.40	9.04	8.75	13.88
2019.567	72.37	2.71	12.20	10.40	9.04	8.75	13.88
2019.570	72.37	2.71	12.20	10.40	9.04	8.75	13.88
2019.572	72.37	2.71	12.20	10.40	9.04	8.75	13.88
2019.575	72.37	2.71	12.20	10.40	9.04	8.75	13.88
2019.578	72.37	2.71	12.20	10.40	9.04	8.75	13.88
2019.580	72.37	2.71	12.20	10.40	9.04	8.75	13.88
2019.583	72.37	2.71	12.20	10.40	9.04	8.75	13.88
2019.586	72.37	2.71	12.20	10.40	9.04	8.75	13.88
2019.589	72.37	2.71	12.20	10.40	9.04	8.75	13.88
2019.591	72.37	2.71	12.20	10.40	9.04	8.75	13.88
2019.594	72.37	2.71	12.20	10.40	9.04	8.75	13.88
2019.597	72.37	2.71	12.20	10.40	9.04	8.75	13.88
2019.599	72.37	2.71	12.20	10.40	9.04	8.75	13.88
2019.602	72.37	2.77	12.15	10.40	9.04	8.75	13.88
2019.605	72.37	2.82	12.09	10.40	9.04	8.75	13.88
2019.608	72.37	2.88	12.04	10.40	9.04	8.75	13.88
2019.610	72.37	2.99	11.93	10.40	9.04	8.75	13.88
2019.613	72.37	3.04	11.87	10.40	9.04	8.75	13.88
2019.616	72.37	3.10	11.82	10.40	9.04	8.75	13.88
2019.618	72.37	3.11	11.80	10.40	9.04	8.75	13.88
2019.621	72.37	3.11	11.80	10.40	9.04	8.75	13.88
2019.624	72.37	3.11	11.80	10.40	9.04	8.75	13.88
2019.627	72.37	3.11	11.80	10.40	9.04	8.75	13.88
2019.629	72.37	3.11	11.80	10.40	9.04	8.75	13.88
2019.632	72.37	3.11	11.80	10.40	9.04	8.75	13.88
2019.635	72.37	3.11	11.80	10.40	9.04	8.75	13.88
2019.637	72.37	3.11	11.80	10.42	9.02	8.75	13.88
2019.640	72.37	3.11	11.80	10.47	8.97	8.75	13.88
2019.643	72.37	3.11	11.80	10.52	8.92	8.75	13.88
2019.645	72.37	3.11	11.80	10.57	8.87	8.75	13.88
2019.648	72.37	3.11	11.80	10.62	8.82	8.75	13.88
2019.651	72.37	3.11	11.80	10.67	8.77	8.75	13.88
2019.654	72.37	3.11	11.80	10.72	8.72	8.75	13.88
2019.656	72.37	3.11	11.80	10.77	8.67	8.75	13.88
2019.659	72.37	3.11	11.80	10.84	8.60	8.75	13.88
2019.662	72.37	3.11	11.80	10.83	8.61	8.75	13.88
2019.664	72.37	3.11	11.80	10.83	8.61	8.75	13.88
2019.667	72.37	3.11	11.80	10.82	8.61	8.75	13.88
2019.670	72.37	3.11	11.80	10.82	8.62	8.75	13.88
2019.673	72.37	3.11	11.80	10.82	8.62	8.75	13.88
2019.675	72.37	3.11	11.80	10.81	8.63	8.75	13.88
2019.678	72.37	3.11	11.80	10.81	8.63	8.75	13.88
2019.681	72.37	3.11	11.80	10.80	8.63	8.75	13.88
2019.683	72.37	3.11	11.80	10.80	8.62	8.77	13.88
2019.686	72.37	3.11	11.80	10.79	8.61	8.78	13.88
2019.689	72.37	3.11	11.80	10.79	8.61	8.79	13.88
2019.692	72.37	3.03	11.88	10.79	8.60	8.80	13.88
2019.694	72.37	2.99	11.92	10.78	8.59	8.81	13.88
2019.697	72.37	2.96	11.96	10.78	8.59	8.82	13.88
2019.700	72.37	2.92	12.00	10.77	8.58	8.83	13.88
2019.702	72.37	2.88	12.03	10.77	8.58	8.84	13.88
2019.705	72.37	2.84	12.07	10.76	8.57	8.85	13.88
2019.708	72.37	2.80	12.11	10.76	8.56	8.86	13.88
2019.711	72.37	2.76	12.15	10.75	8.56	8.87	13.88
2019.713	72.37	2.69	12.23	10.75	8.55	8.88	13.88
2019.716	72.37	2.65	12.26	10.74	8.55	8.90	13.88
2019.719	72.37	2.61	12.30	10.74	8.54	8.91	13.88
2019.721	72.37	2.57	12.34	10.74	8.53	8.92	13.88
2019.724	72.37	2.53	12.38	10.73	8.53	8.93	13.88
2019.727	72.37	2.49	12.42	10.73	8.52	8.94	13.88
2019.730	72.37	2.46	12.46	10.72	8.51	8.95	13.88
2019.732	72.37	2.42	12.50	10.72	8.51	8.96	13.88
2019.735	72.37	2.38	12.53	10.72	8.50	8.97	13.88
2019.738	72.37	2.30	12.61	10.71	8.49	8.98	13.88
2019.740	72.37	2.26	12.65	10.71	8.48	9.00	13.88
2019.743	72.37	2.23	12.69	10.70	8.47	9.01	13.88
2019.746	72.37	2.19	12.73	10.70	8.46	9.02	13.88
2019.749	72.37	2.15	12.76	10.70	8.46	9.03	13.88
2019.751	72.37	2.11	12.80	10.69	8.45	9.04	13.88
2019.754	72.37	2.07	12.84	10.69	8.45	9.05	13.88
2019.757	72.37	2.03	12.88	10.68	8.44	9.06	13.88
2019.759	72.37	1.99	12.92	10.68	8.44	9.07	13.88
2019.762	72.37	1.92	12.99	10.67	8.44	9.07	13.88
2019.765	72.37	1.88	13.03	10.67	8.44	9.07	13.88
2019.767	72.37	1.84	13.07	10.67	8.45	9.07	13.88
2019.770	72.37	1.80	13.11	10.66	8.45	9.07	13.88
2019.773	72.37	1.76	13.15	10.66	8.46	9.07	13.88
2019.776	72.37	1.73	13.19	10.65	8.46	9.07	13.88
2019.778	72.37	1.69	13.23	10.65	8.46	9.07	13.88
2019.781	72.37	1.65	13.26	10.65	8.47	9.07	13.88
2019.784	72.37	1.57	13.34	10.64	8.47	9.07	13.88
2019.786	72.37	1.53	13.38	10.64	8.48	9.07	13.88
2019.789	72.37	1.50	13.42	10.63	8.48	9.07	13.88
2019.792	72.37	1.46	13.46	10.68	8.44	9.07	13.88
2019.795	72.37	1.42	13.49	10.80	8.31	9.07	13.88
2019.797	72.37	1.38	13.53	10.86	8.25	9.07	13.88
2019.800	72.37	1.34	13.57	10.92	8.19	9.07	13.88
2019.803	72.37	1.30	13.61	10.99	8.13	9.07	13.88
2019.805	72.37	1.26	13.65	11.05	8.07	9.07	13.88
2019.808	72.37	1.19	13.72	11.11	8.00	9.07	13.88
2019.811	72.37	1.15	13.76	11.17	7.94	9.07	13.88
2019.814	72.37	1.11	13.80	11.20	7.91	9.07	13.88
2019.816	72.37	1.07	13.84	11.20	7.92	9.07	13.88
2019.819	72.37	1.04	13.87	11.20	7.92	9.07	13.88
2019.822	72.37	1.03	13.88	11.19	7.92	9.07	13.88
2019.824	72.37	1.03	13.88	11.19	7.93	9.07	13.88
2019.827	72.37	1.03	13.88	11.18	7.93	9.07	13.88
2019.830	72.37	1.03	13.88	11.18	7.93	9.07	13.88
2019.833	72.37	1.03	13.88	11.18	7.94	9.07	13.88
2019.835	72.37	1.03	13.88	11.17	7.94	9.07	13.88
2019.838	72.37	1.03	13.88	11.17	7.94	9.07	13.88
2019.841	72.37	1.03	13.88	11.17	7.95	9.07	13.88
2019.843	72.37	1.03	13.88	11.16	7.98	9.04	13.88
2019.846	72.37	1.03	13.88	11.16	8.01	9.02	13.88
2019.849	72.37	1.03	13.88	11.15	8.04	9.00	13.88
2019.852	72.37	1.03	13.88	11.15	8.07	8.97	13.88
2019.854	72.37	1.03	13.88	11.15	8.12	8.92	13.88
2019.857	72.37	1.03	13.88	11.14	8.15	8.90	13.88
2019.860	72.37	1.03	13.88	11.14	8.18	8.87	13.88
2019.862	72.37	1.03	13.88	11.13	8.20	8.85	13.88
2019.865	72.34	1.06	13.88	11.13	8.23	8.82	13.88
2019.868	72.29	1.11	13.88	11.13	8.26	8.80	13.88
2019.871	72.25	1.15	13.88	11.12	8.29	8.77	13.88
2019.873	72.24	1.16	13.88	11.12	8.32	8.75	13.88
2019.876	72.24	1.17	13.88	11.12	8.35	8.71	13.88
2019.879	72.22	1.18	13.88	11.11	8.42	8.65	13.88
2019.881	72.21	1.19	13.88	11.11	8.42	8.65	13.88
2019.884	72.20	1.20	13.88	11.11	8.42	8.65	13.88
2019.887	72.20	1.21	13.88	11.10	8.43	8.65	13.88
2019.889	72.19	1.21	13.88	11.10	8.43	8.65	13.88
2019.892	72.18	1.22	13.88	11.10	8.44	8.65	13.88
2019.895	72.17	1.23	13.88	11.09	8.44	8.65	13.88
2019.898	72.16	1.24	13.88	11.08	8.45	8.65	13.88
2019.900	72.15	1.25	13.88	11.05	8.48	8.65	13.88
2019.903	72.14	1.26	13.88	11.01	8.52	8.65	13.88
2019.906	72.13	1.27	13.88	10.97	8.56	8.65	13.88
2019.908	72.12	1.28	13.88	10.92	8.61	8.65	13.88
2019.911	72.11	1.29	13.88	10.88	8.65	8.65	13.88
2019.914	72.10	1.30	13.88	10.84	8.69	8.65	13.88
2019.917	72.10	1.31	13.88	10.76	8.77	8.65	13.88
2019.919	72.09	1.31	13.88	10.71	8.82	8.65	13.88
2019.922	72.08	1.32	13.88	10.67	8.86	8.65	13.88
2019.925	72.07	1.33	13.88	10.63	8.90	8.65	13.88
2019.927	72.06	1.35	13.91	10.56	8.94	8.65	13.88
2019.930	72.05	1.35	13.97	10.45	8.99	8.65	13.88
2019.933	72.04	1.36	14.03	10.35	9.03	8.65	13.88
2019.936	72.03	1.37	14.05	10.29	9.07	8.65	13.88
2019.938	72.02	1.38	14.07	10.23	9.11	8.65	13.88
2019.941	72.01	1.39	14.11	10.17	9.13	8.65	13.88
2019.944	72.01	1.40	14.13	10.15	9.13	8.65	13.88
2019.946	72.00	1.40	14.15	10.13	9.13	8.65	13.88
2019.949	71.98	1.42	14.17	10.11	9.13	8.65	13.88
2019.952	71.97	1.43	14.19	10.09	9.13	8.65	13.88
2019.955	71.96	1.44	14.21	10.06	9.13	8.65	13.88
2019.957	71.96	1.45	14.21	10.06	9.13	8.65	13.88
2019.960	71.95	1.45	14.21	10.06	9.13	8.65	13.88
2019.963	71.94	1.46	14.21	10.06	9.13	8.65	13.88
2019.965	71.93	1.47	14.21	10.06	9.13	8.65	13.88
2019.968	71.92	1.48	14.21	10.06	9.13	8.65	13.88
2019.971	71.92	1.49	14.21	10.06	9.13	8.65	13.88
2019.974	71.90	1.50	14.21	10.06	9.13	8.65	13.88
2019.976	71.89	1.51	14.21	10.07	9.13	8.65	13.88
2019.979	71.88	1.52	14.21	10.08	9.12	8.65	13.88
2019.982	71.87	1.53	14.21	10.09	9.11	8.65	13.88
2019.984	71.87	1.54	14.21	10.10	9.10	8.65	13.88
2019.987	71.86	1.54	14.21	10.12	9.08	8.65	13.88
2019.990	71.85	1.55	14.21	10.13	9.07	8.65	13.88
2019.993	71.84	1.56	14.21	10.15	9.05	8.65	13.88
2019.995	71.83	1.57	14.21	10.16	9.04	8.65	13.88
2019.998	71.82	1.59	14.21	10.19	9.01	8.65	13.88
2020.001	71.81	1.59	14.21	10.20	9.00	8.65	13.88
2020.003	71.80	1.60	14.21	10.22	8.98	8.65	13.88
2020.006	71.79	1.61	14.21	10.23	8.97	8.65	13.88
2020.009	71.78	1.62	14.21	10.25	8.95	8.65	13.88
2020.012	71.78	1.63	14.21	10.26	8.94	8.65	13.88
2020.014	71.77	1.63	14.21	10.28	8.93	8.65	13.88
2020.017	71.76	1.64	14.21	10.29	8.91	8.65	13.88
2020.020	71.74	1.66	14.20	10.31	8.90	8.65	13.88
2020.022	71.73	1.67	14.20	10.33	8.87	8.65	13.88
2020.025	71.73	1.68	14.20	10.35	8.86	8.65	13.88
2020.028	71.72	1.68	14.20	10.36	8.84	8.65	13.88
2020.030	71.71	1.69	14.20	10.38	8.83	8.65	13.88
2020.033	71.70	1.70	14.20	10.39	8.81	8.65	13.88
2020.036	71.69	1.71	14.20	10.41	8.80	8.65	13.88
2020.039	71.68	1.72	14.20	10.42	8.79	8.65	13.88
2020.041	71.68	1.73	14.20	10.44	8.77	8.65	13.88
2020.044	71.66	1.74	14.20	10.46	8.74	8.65	13.88
2020.047	71.65	1.75	14.20	10.48	8.73	8.65	13.88
2020.049	71.64	1.76	14.20	10.49	8.71	8.65	13.88
2020.052	71.64	1.77	14.20	10.51	8.70	8.65	13.88
2020.055	71.63	1.77	14.20	10.52	8.69	8.65	13.88
2020.058	71.62	1.78	14.20	10.54	8.67	8.65	13.88
2020.060	71.61	1.79	14.20	10.54	8.67	8.65	13.88
2020.063	71.60	1.80	14.20	10.53	8.68	8.65	13.88
2020.066	71.59	1.81	14.20	10.53	8.68	8.65	13.88
2020.068	71.58	1.82	14.20	10.53	8.68	8.65	13.88
2020.071	71.57	1.83	14.20	10.52	8.69	8.65	13.88
2020.074	71.56	1.84	14.20	10.52	8.69	8.65	13.88
2020.077	71.55	1.85	14.20	10.52	8.69	8.65	13.88
2020.079	71.54	1.86	14.21	10.50	8.70	8.65	13.88
2020.082	71.54	1.87	14.22	10.49	8.70	8.65	13.88
2020.085	71.53	1.87	14.23	10.47	8.70	8.63	13.90
2020.087	71.52	1.88	14.26	10.44	8.71	8.62	13.91
2020.090	71.51	1.89	14.27	10.43	8.71	8.61	13.92
2020.093	71.50	1.91	14.28	10.41	8.72	8.59	13.94
2020.096	71.49	1.91	14.29	10.40	8.72	8.58	13.95
2020.098	71.48	1.92	14.30	10.38	8.72	8.57	13.97
2020.101	71.47	1.93	14.33	10.36	8.73	8.54	13.99
2020.104	71.46	1.94	14.34	10.34	8.73	8.53	14.00
2020.106	71.45	1.95	14.35	10.32	8.72	8.53	14.02
2020.109	71.45	1.96	14.36	10.31	8.63	8.60	14.03
2020.112	71.44	1.96	14.37	10.29	8.61	8.62	14.04
2020.115	71.42	1.98	14.39	10.28	8.59	8.62	14.07
2020.117	71.41	1.99	14.41	10.25	8.57	8.64	14.08
2020.120	71.40	2.00	14.42	10.23	8.52	8.68	14.09
2020.123	71.40	2.01	14.43	10.22	8.50	8.68	14.11
2020.125	71.39	2.01	14.44	10.20	8.48	8.69	14.12
2020.128	71.38	2.02	14.46	10.19	8.45	8.71	14.14
2020.131	71.37	2.03	14.48	10.16	8.41	8.74	14.16
2020.134	71.36	2.04	14.49	10.14	8.38	8.75	14.17
2020.136	71.36	2.05	14.50	10.13	8.36	8.76	14.18
2020.139	71.34	2.06	14.52	10.11	8.36	8.74	14.20
2020.142	71.33	2.07	14.53	10.10	8.37	8.73	14.22
2020.144	71.32	2.08	14.54	10.08	8.37	8.72	14.23
2020.147	71.31	2.09	14.56	10.05	8.38	8.70	14.25
2020.150	71.31	2.10	14.57	10.04	8.38	8.69	14.26
2020.152	71.30	2.10	14.59	10.02	8.38	8.67	14.27
2020.155	71.29	2.11	14.60	10.01	8.39	8.65	14.30
2020.158	71.28	2.12	14.61	9.99	8.39	8.64	14.31
2020.161	71.27	2.13	14.63	9.96	8.40	8.63	14.32
2020.163	71.26	2.15	14.65	9.95	8.40	8.61	14.34
2020.166	71.25	2.15	14.65	9.94	8.40	8.59	14.35
2020.169	71.24	2.16	14.65	9.93	8.41	8.58	14.36
2020.171	71.23	2.17	14.66	9.93	8.41	8.56	14.39
2020.174	71.22	2.18	14.66	9.92	8.41	8.55	14.40
2020.177	71.22	2.19	14.67	9.91	8.28	8.68	14.41
2020.180	71.21	2.19	14.67	9.90	8.05	8.88	14.43
2020.182	71.20	2.20	14.67	9.90	7.83	9.10	14.44
2020.185	71.20	2.20	14.67	9.89	7.61	9.31	14.46
2020.188	71.20	2.20	14.68	9.88	7.40	9.51	14.48
2020.190	71.20	2.20	14.68	9.88	7.35	9.55	14.49
2020.193	71.20	2.20	14.69	9.87	7.35	9.53	14.50
2020.196	71.20	2.20	14.69	9.86	7.36	9.51	14.52
2020.199	71.20	2.20	14.69	9.85	7.36	9.50	14.54
2020.201	71.20	2.20	14.70	9.85	7.37	9.49	14.55
2020.204	71.20	2.20	14.70	9.90	7.31	9.46	14.57
2020.207	71.20	2.20	14.71	9.92	7.28	9.45	14.58
2020.209	71.20	2.20	14.71	9.94	7.26	9.44	14.59
2020.212	71.20	2.20	14.71	9.92	7.28	9.41	14.62
2020.215	71.20	2.20	14.71	9.87	7.33	9.40	14.63
2020.218	71.20	2.20	14.72	9.85	7.35	9.39	14.64
2020.220	71.20	2.20	14.72	9.83	7.37	9.36	14.66
2020.223	71.20	2.20	14.73	9.80	7.39	9.35	14.67
2020.226	71.20	2.20	14.73	9.78	7.41	9.34	14.68
2020.228	71.20	2.20	14.73	9.77	7.42	9.29	14.73
2020.231	71.20	2.20	14.74	9.76	7.42	9.26	14.76
2020.234	71.20	2.20	14.74	9.76	7.43	9.23	14.79
2020.237	71.20	2.20	14.75	9.75	7.43	9.18	14.84
2020.239	71.20	2.20	14.75	9.74	7.44	9.15	14.87
2020.242	71.20	2.20	14.75	9.73	7.44	9.12	14.89
2020.245	71.20	2.20	14.75	9.73	7.44	9.07	14.95
2020.247	71.20	2.20	14.76	9.72	7.45	9.04	14.97
2020.250	71.20	2.20	14.76	9.71	7.45	9.01	15.00
2020.253	71.20	2.20	14.77	9.66	7.50	8.96	15.05
2020.256	71.20	2.20	14.77	9.50	7.66	8.93	15.08
2020.258	71.20	2.20	14.77	9.43	7.73	8.90	15.11
2020.261	71.20	2.20	14.78	9.43	7.73	8.87	15.14
2020.264	71.20	2.20	14.78	9.43	7.72	8.87	15.14
2020.266	71.20	2.20	14.79	9.43	7.72	8.87	15.14
2020.269	71.20	2.20	14.79	9.43	7.72	8.87	15.13
2020.272	71.20	2.20	14.79	9.42	7.72	8.87	15.13
2020.274	71.20	2.20	14.79	9.43	7.71	8.87	15.13
2020.277	71.20	2.20	14.80	9.43	7.71	8.87	15.13
2020.280	71.20	2.20	14.80	9.43	7.71	8.87	15.13
2020.283	71.20	2.20	14.81	9.42	7.72	8.88	15.12
2020.285	71.20	2.20	14.81	9.38	7.75	8.88	15.12
2020.288	71.20	2.20	14.81	9.35	7.78	8.88	15.12
2020.291	71.20	2.20	14.82	9.31	7.81	8.88	15.12
2020.293	71.20	2.20	14.82	9.28	7.85	8.88	15.12
2020.296	71.20	2.20	14.82	9.24	7.88	8.88	15.12
2020.299	71.20	2.20	14.83	9.21	7.91	8.88	15.11
2020.302	71.20	2.20	14.83	9.20	7.91	8.88	15.11
2020.304	71.20	2.20	14.83	9.15	7.96	8.88	15.11
2020.307	71.20	2.20	14.84	9.10	8.01	8.88	15.11
2020.310	71.20	2.20	14.84	9.08	8.03	8.88	15.11
2020.312	71.20	2.20	14.85	9.08	8.02	8.88	15.10
2020.315	71.20	2.19	14.86	9.12	7.98	8.88	15.10
2020.318	71.20	2.18	14.87	9.15	7.95	8.88	15.10
2020.321	71.20	2.18	14.88	9.19	7.91	8.89	15.10
2020.323	71.20	2.17	14.89	9.21	7.89	8.89	15.10
2020.326	71.20	2.17	14.89	9.21	7.88	8.89	15.09
2020.329	71.20	2.16	14.91	9.21	7.88	8.89	15.09
2020.331	71.20	2.15	14.89	9.25	7.87	8.89	15.09
2020.334	71.20	2.14	14.82	9.33	7.87	8.89	15.09
2020.337	71.20	2.14	14.74	9.43	7.86	8.89	15.09
2020.340	71.20	2.13	14.66	9.51	7.86	8.89	15.08
2020.342	71.20	2.13	14.54	9.64	7.85	8.89	15.08
2020.345	71.20	2.12	14.32	9.88	7.85	8.89	15.08
2020.348	71.20	2.12	14.10	10.11	7.85	8.89	15.08
2020.350	71.20	2.11	14.10	10.13	7.84	8.88	15.08
2020.353	71.20	2.10	14.10	10.14	7.84	8.88	15.08
2020.356	71.20	2.10	14.11	10.14	7.84	8.88	15.07
2020.359	71.20	2.09	14.11	10.15	7.85	8.86	15.07
2020.361	71.20	2.08	14.12	10.16	7.86	8.85	15.07
2020.364	71.20	2.08	14.12	10.17	7.89	8.82	15.07
2020.367	71.20	2.07	14.13	10.18	7.89	8.80	15.07
2020.369	71.20	2.06	14.14	10.19	7.90	8.78	15.06
2020.372	71.20	2.06	14.14	10.19	7.93	8.75	15.06
2020.375	71.20	2.05	14.15	10.20	7.94	8.73	15.06
2020.378	71.20	2.05	14.15	10.21	7.95	8.72	15.06
2020.380	71.20	2.04	14.16	10.22	7.98	8.69	15.06
2020.383	71.20	2.04	14.16	10.22	7.99	8.67	15.05
2020.386	71.20	2.03	14.17	10.23	8.02	8.64	15.05
2020.388	71.20	2.02	14.18	10.24	8.03	8.62	15.05
2020.391	71.20	2.01	14.18	10.24	8.04	8.61	15.05
2020.394	71.20	2.01	14.19	10.25	8.06	8.57	15.05
2020.396	71.20	2.00	14.19	10.27	8.07	8.56	15.04
2020.399	71.20	2.00	14.20	10.28	8.08	8.54	15.04
2020.402	71.20	1.99	14.20	10.28	8.11	8.51	15.04
2020.405	71.20	1.99	14.21	10.28	8.13	8.49	15.04
2020.407	71.20	1.98	14.22	10.28	8.17	8.46	15.04
2020.410	71.20	1.97	14.22	10.28	8.18	8.45	15.04
2020.413	71.20	1.97	14.23	10.28	8.20	8.43	15.03
2020.415	71.20	1.96	14.23	10.28	8.24	8.40	15.03
2020.418	71.20	1.96	14.24	10.28	8.25	8.38	15.03
2020.421	71.20	1.95	14.24	10.28	8.27	8.37	15.03
2020.424	71.20	1.94	14.25	10.28	8.31	8.33	15.03
2020.426	71.20	1.93	14.26	10.28	8.32	8.32	15.02
2020.429	71.20	1.93	14.27	10.28	8.36	8.29	15.01
2020.432	71.20	1.92	14.27	10.28	8.38	8.28	15.01
2020.434	71.20	1.92	14.28	10.28	8.39	8.27	15.00
2020.437	71.20	1.91	14.28	10.28	8.43	8.25	14.99
2020.440	71.20	1.91	14.28	10.28	8.45	8.23	14.98
2020.443	71.20	1.91	14.28	10.28	8.46	8.23	14.97
2020.445	71.20	1.91	14.28	10.28	8.50	8.20	14.97
2020.448	71.20	1.91	14.28	10.28	8.52	8.19	14.96
2020.451	71.20	1.91	14.28	10.28	8.55	8.16	14.95
2020.453	71.20	1.91	14.28	10.28	8.57	8.15	14.95
2020.456	71.20	1.91	14.28	10.28	8.59	8.14	14.94
2020.459	71.20	1.91	14.28	10.28	8.62	8.11	14.93
2020.462	71.20	1.91	14.28	10.29	8.63	8.10	14.92
2020.464	71.20	1.91	14.28	10.33	8.61	8.09	14.92
2020.467	71.20	1.92	14.28	10.37	8.60	8.07	14.91
2020.470	71.19	1.93	14.28	10.45	8.54	8.06	14.90
2020.472	71.17	1.95	14.28	10.50	8.53	8.03	14.89
2020.475	71.16	1.96	14.27	10.54	8.51	8.02	14.88
2020.478	71.14	1.98	14.27	10.58	8.48	8.01	14.88
2020.481	71.12	1.99	14.27	10.59	8.47	8.02	14.87
2020.483	71.09	2.02	14.27	10.60	8.47	8.03	14.86
2020.486	71.08	2.04	14.27	10.57	8.50	8.03	14.85
2020.489	71.06	2.05	14.27	10.54	8.53	8.04	14.85
2020.491	71.05	2.07	14.27	10.51	8.56	8.05	14.84
2020.494	71.03	2.08	14.27	10.48	8.59	8.05	14.83
2020.497	71.02	2.10	14.27	10.42	8.65	8.06	14.83
2020.500	71.00	2.11	14.27	10.39	8.68	8.07	14.81
2020.502	70.97	2.14	14.27	10.36	8.71	8.07	14.81
2020.505	70.96	2.16	14.27	10.34	8.74	8.08	14.80
2020.508	70.94	2.17	14.27	10.31	8.77	8.08	14.80
2020.510	70.93	2.19	14.27	10.29	8.79	8.09	14.79
2020.513	70.91	2.20	14.27	10.29	8.79	8.09	14.78
2020.516	70.90	2.22	14.27	10.29	8.79	8.10	14.77
2020.518	70.88	2.23	14.27	10.29	8.79	8.11	14.76
2020.521	70.85	2.26	14.27	10.29	8.79	8.11	14.76
2020.524	70.83	2.28	14.27	10.29	8.79	8.12	14.75
2020.527	70.82	2.30	14.27	10.29	8.79	8.13	14.74
2020.529	70.80	2.31	14.27	10.29	8.80	8.13	14.73
2020.532	70.79	2.33	14.27	10.29	8.80	8.14	14.73
2020.535	70.77	2.34	14.27	10.29	8.80	8.15	14.72
2020.537	70.76	2.36	14.27	10.29	8.80	8.15	14.71
2020.540	70.73	2.39	14.27	10.30	8.80	8.16	14.71
2020.543	70.71	2.40	14.27	10.30	8.80	8.17	14.70
2020.546	70.70	2.42	14.27	10.31	8.78	8.17	14.69
2020.548	70.68	2.43	14.27	10.36	8.74	8.18	14.68
2020.551	70.67	2.45	14.27	10.40	8.70	8.19	14.67
2020.554	70.65	2.46	14.27	10.49	8.61	8.19	14.67
2020.556	70.64	2.48	14.27	10.53	8.57	8.20	14.66
2020.559	70.61	2.51	14.27	10.58	8.53	8.21	14.65
2020.562	70.59	2.52	14.26	10.62	8.49	8.21	14.64
2020.565	70.58	2.55	14.25	10.71	8.40	8.22	14.64
2020.567	70.56	2.58	14.24	10.75	8.36	8.23	14.63
2020.570	70.54	2.63	14.21	10.80	8.32	8.23	14.62
2020.573	70.53	2.66	14.19	10.84	8.27	8.24	14.61
2020.575	70.51	2.70	14.16	10.84	8.27	8.24	14.61
2020.578	70.48	2.74	14.15	10.75	8.36	8.25	14.60
2020.581	70.47	2.77	14.13	10.66	8.45	8.26	14.59
2020.584	70.45	2.82	14.11	10.57	8.54	8.26	14.58
2020.586	70.44	2.85	14.09	10.49	8.64	8.27	14.58
2020.589	70.42	2.88	14.08	10.40	8.73	8.27	14.57
2020.592	70.41	2.92	14.05	10.31	8.82	8.28	14.56
2020.594	70.39	2.95	14.03	10.30	8.82	8.29	14.55
2020.597	70.36	3.01	14.01	10.30	8.82	8.29	14.55
2020.600	70.35	3.04	13.99	10.30	8.82	8.30	14.54
2020.603	70.33	3.08	13.97	10.30	8.83	8.31	14.53
2020.605	70.32	3.16	13.90	10.30	8.83	8.31	14.53
2020.608	70.30	3.21	13.87	10.30	8.83	8.31	14.52
2020.611	70.29	3.29	13.80	10.30	8.83	8.32	14.51
2020.613	70.27	3.34	13.77	10.31	8.83	8.33	14.50
2020.616	70.24	3.40	13.73	10.31	8.83	8.33	14.50
2020.619	70.22	3.48	13.67	10.31	8.84	8.32	14.51
2020.622	70.21	3.53	13.63	10.31	8.84	8.31	14.52
2020.624	70.19	3.61	13.57	10.31	8.84	8.30	14.52
2020.627	70.18	3.66	13.54	10.31	8.84	8.28	14.55
2020.630	70.16	3.70	13.50	10.31	8.84	8.27	14.55
2020.632	70.15	3.79	13.44	10.31	8.84	8.26	14.56
2020.635	70.13	3.83	13.40	10.31	8.85	8.24	14.58
2020.638	70.10	3.93	13.34	10.31	8.85	8.23	14.59
2020.640	70.09	3.98	13.30	10.31	8.85	8.22	14.60
2020.643	70.07	4.03	13.27	10.31	8.85	8.19	14.62
2020.646	70.06	4.06	13.25	10.31	8.85	8.18	14.63
2020.649	70.04	4.07	13.26	10.31	8.85	8.17	14.64
2020.651	70.03	4.07	13.27	10.31	8.86	8.15	14.66
2020.654	70.01	4.08	13.28	10.31	8.86	8.14	14.67
2020.657	69.98	4.09	13.29	10.31	8.86	8.09	14.72
2020.659	69.97	4.10	13.30	10.31	8.86	7.97	14.84
2020.662	69.95	4.10	13.31	10.31	8.86	7.91	14.90
2020.665	69.93	4.11	13.32	10.31	8.86	7.84	14.96
2020.668	69.92	4.12	13.33	10.31	8.87	7.73	15.07
2020.670	69.90	4.12	13.34	10.31	8.87	7.66	15.14
2020.673	69.89	4.13	13.35	10.31	8.87	7.60	15.20
2020.676	69.89	4.11	13.36	10.31	8.87	7.55	15.24
2020.678	69.96	4.04	13.36	10.32	8.87	7.53	15.26
2020.681	69.98	4.00	13.37	10.33	8.87	7.52	15.27
2020.684	70.05	3.93	13.37	10.33	8.88	7.51	15.28
2020.687	70.07	3.89	13.38	10.34	8.88	7.48	15.30
2020.689	70.14	3.82	13.37	10.35	8.88	7.47	15.31
2020.692	70.16	3.78	13.38	10.36	8.88	7.46	15.33
2020.695	70.21	3.72	13.38	10.36	8.88	7.44	15.35
2020.697	70.24	3.68	13.39	10.37	8.88	7.42	15.36
2020.700	70.31	3.61	13.39	10.38	8.88	7.41	15.37
2020.703	70.33	3.57	13.39	10.38	8.89	7.39	15.39
2020.706	70.40	3.50	13.39	10.39	8.89	7.37	15.40
2020.708	70.42	3.46	13.40	10.40	8.89	7.36	15.41
2020.711	70.81	3.06	13.40	10.40	8.89	7.34	15.43
2020.714	71.03	2.83	13.41	10.41	8.89	7.33	15.44
2020.716	71.49	2.36	13.41	10.42	8.89	7.32	15.45
2020.719	71.72	2.12	13.42	10.42	8.90	7.29	15.48
2020.722	71.97	1.87	13.42	10.43	8.90	7.28	15.49
2020.725	71.96	1.86	13.42	10.44	8.92	7.25	15.50
2020.727	71.96	1.85	13.42	10.44	8.94	7.21	15.52
2020.730	71.96	1.91	13.35	10.46	8.95	7.19	15.53
2020.733	71.95	1.98	13.27	10.48	8.97	7.16	15.54
2020.735	71.95	2.32	12.91	10.50	8.98	7.13	15.56
2020.738	71.95	2.51	12.71	10.52	8.99	7.10	15.57
2020.741	71.94	2.88	12.31	10.54	9.00	7.08	15.58
2020.744	71.94	3.07	12.11	10.56	9.02	7.04	15.60
2020.746	71.94	3.45	11.71	10.59	9.03	7.00	15.63
2020.749	71.94	3.64	11.51	10.63	9.02	6.96	15.65
2020.752	71.94	3.84	11.28	10.68	9.02	6.90	15.68
2020.754	71.95	3.72	11.37	10.72	9.03	6.83	15.73
2020.757	71.95	3.66	11.41	10.78	9.02	6.79	15.73
2020.760	71.96	3.59	11.44	10.81	9.03	6.76	15.73
2020.763	71.97	3.48	11.53	10.87	9.06	6.70	15.73
2020.765	71.98	3.42	11.56	10.91	9.10	6.64	15.73
2020.768	71.99	3.30	11.65	10.97	9.13	6.58	15.73
2020.771	72.00	3.23	11.68	11.01	9.17	6.52	15.73
2020.773	72.01	3.11	11.77	11.06	9.16	6.49	15.73
2020.776	72.02	3.05	11.81	11.10	9.20	6.44	15.73
2020.779	72.03	2.93	11.89	11.16	9.22	6.38	15.73
2020.781	72.03	2.87	11.93	11.19	9.23	6.35	15.73
2020.784	72.04	2.75	12.02	11.25	9.25	6.30	15.73
2020.787	72.05	2.69	12.05	11.29	9.28	6.25	15.73
2020.790	72.07	2.62	12.09	11.33	9.36	6.15	15.73
2020.792	72.07	2.51	12.17	11.39	9.37	6.10	15.73
2020.795	72.08	2.44	12.21	11.45	9.40	6.02	15.73
2020.798	72.09	2.33	12.30	11.53	9.43	5.94	15.73
2020.800	72.10	2.26	12.33	11.59	9.46	5.87	15.73
2020.803	72.11	2.15	12.42	11.67	9.48	5.80	15.73
2020.806	72.11	2.08	12.45	11.73	9.49	5.75	15.73
2020.809	72.13	1.96	12.54	11.81	9.51	5.67	15.73
2020.811	72.14	1.89	12.56	11.88	9.52	5.62	15.73
2020.814	72.14	1.78	12.63	11.99	9.49	5.57	15.73
2020.817	72.15	1.71	12.66	12.07	9.51	5.51	15.73
2020.819	72.16	1.65	12.68	12.16	9.51	5.46	15.73
2020.822	72.17	1.53	12.75	12.23	9.52	5.40	15.73
2020.825	72.18	1.47	12.77	12.32	9.43	5.44	15.73
2020.828	72.19	1.35	12.84	12.40	9.27	5.56	15.73
2020.830	72.20	1.30	12.86	12.48	9.15	5.62	15.73
2020.833	72.21	1.27	12.84	12.56	9.07	5.66	15.73
2020.836	72.22	1.28	12.80	12.65	8.96	5.71	15.73
2020.838	72.22	1.28	12.75	12.74	8.88	5.73	15.73
2020.841	72.23	1.30	12.69	12.82	8.79	5.78	15.73
2020.844	72.24	1.30	12.64	12.91	8.71	5.80	15.73
2020.847	72.26	1.30	12.58	12.99	8.65	5.83	15.73
2020.849	72.31	1.27	12.53	13.16	8.46	5.87	15.73
2020.852	72.35	1.25	12.49	13.28	8.35	5.89	15.73
2020.855	72.40	1.21	12.47	13.28	8.33	5.92	15.73
2020.857	72.38	1.26	12.44	13.25	8.32	5.96	15.73
2020.860	72.40	1.25	12.43	13.32	8.25	5.97	15.73
2020.863	72.41	1.26	12.40	13.32	8.25	5.97	15.73
2020.866	72.41	1.27	12.38	13.28	8.28	5.98	15.73
2020.868	72.41	1.29	12.34	13.29	8.29	5.98	15.73
2020.871	72.41	1.31	12.29	13.29	8.33	5.99	15.72
2020.874	72.41	1.33	12.23	13.32	8.33	6.00	15.72
2020.876	72.41	1.34	12.20	13.30	8.37	6.01	15.71
2020.879	72.41	1.37	12.13	13.33	8.37	6.02	15.71
2020.882	72.41	1.38	12.08	13.36	8.38	6.03	15.70
2020.885	72.41	1.40	12.02	13.46	8.31	6.04	15.70
2020.887	72.41	1.42	11.97	13.56	8.25	6.05	15.69
2020.890	72.41	1.44	11.93	13.63	8.19	6.06	15.69
2020.893	72.41	1.45	11.93	13.68	8.13	6.06	15.68
2020.895	72.41	1.46	11.93	13.73	8.06	6.07	15.68
2020.898	72.41	1.49	11.91	13.78	8.00	6.08	15.68
2020.901	72.41	1.51	11.90	13.82	7.94	6.09	15.67
2020.903	72.41	1.57	11.86	13.87	7.88	6.10	15.66
2020.906	72.41	1.60	11.84	13.92	7.82	6.10	15.66
2020.909	72.41	1.64	11.81	13.91	7.81	6.11	15.66
2020.912	72.41	1.66	11.80	13.89	7.80	6.12	15.65
2020.914	72.41	1.70	11.77	13.88	7.80	6.13	15.65
2020.917	72.41	1.73	11.76	13.87	7.79	6.14	15.64
2020.920	72.41	1.77	11.73	13.86	7.79	6.15	15.64
2020.922	72.41	1.81	11.70	13.85	7.78	6.15	15.63
2020.925	72.41	1.85	11.67	13.84	7.78	6.16	15.63
2020.928	72.41	1.88	11.65	13.83	7.77	6.17	15.62
2020.931	72.41	1.92	11.63	13.81	7.77	6.18	15.62
2020.933	72.41	1.95	11.61	13.81	7.76	6.19	15.61
2020.936	72.41	1.99	11.59	13.73	7.82	6.20	15.61
2020.939	72.41	2.02	11.57	13.66	7.88	6.21	15.60
2020.941	72.41	2.07	11.55	13.57	7.93	6.21	15.60
2020.944	72.41	2.10	11.56	13.47	7.99	6.22	15.59
2020.947	72.41	2.13	11.57	13.37	8.05	6.23	15.59
2020.950	72.41	2.17	11.60	13.24	8.11	6.24	15.58
2020.952	72.40	2.20	11.61	13.14	8.16	6.25	15.58
2020.955	72.40	2.24	11.61	13.04	8.22	6.37	15.46
2020.958	72.40	2.28	11.61	12.94	8.27	6.44	15.40
2020.960	72.40	2.33	11.63	12.81	8.33	6.51	15.33
2020.963	72.40	2.41	11.59	12.71	8.39	6.58	15.27
2020.966	72.40	2.45	11.58	12.61	8.45	6.65	15.20
2020.969	72.40	2.50	11.61	12.48	8.50	6.78	15.07
2020.971	72.40	2.54	11.60	12.38	8.56	6.84	15.01
2020.974	72.40	2.59	11.60	12.28	8.62	6.90	14.95
2020.977	72.40	2.63	11.59	12.18	8.68	6.95	14.91
2020.979	72.40	2.67	11.59	12.12	8.69	7.01	14.85
2020.982	72.40	2.76	11.53	12.10	8.69	7.06	14.81
2020.985	72.40	2.80	11.51	12.08	8.68	7.09	14.78
2020.988	72.40	2.85	11.48	12.06	8.68	7.14	14.74
2020.990	72.40	2.89	11.47	12.02	8.68	7.21	14.67
2020.993	72.40	2.94	11.45	12.00	8.68	7.24	14.64
2020.996	72.40	2.98	11.42	11.98	8.67	7.29	14.60
2020.998	72.40	3.03	11.41	11.94	8.67	7.33	14.56
2021.001	72.40	3.11	11.35	11.92	8.67	7.42	14.48
2021.004	72.40	3.15	11.33	11.90	8.66	7.50	14.39
2021.007	72.40	3.20	11.30	11.88	8.66	7.59	14.31
2021.009	72.40	3.24	11.27	11.87	8.66	7.68	14.23
2021.012	72.40	3.29	11.23	11.86	8.66	7.79	14.12
2021.015	72.40	3.33	11.20	11.85	8.65	7.88	14.03
2021.017	72.40	3.38	11.16	11.84	8.65	7.97	13.95
2021.020	72.40	3.46	11.09	11.83	8.65	8.05	13.87
2021.023	72.40	3.50	11.05	11.82	8.65	8.17	13.76
2021.025	72.40	3.55	11.02	11.81	8.64	8.26	13.67
2021.028	72.40	3.59	10.99	11.80	8.64	8.34	13.59
2021.031	72.40	3.64	10.96	11.78	8.63	8.43	13.50
2021.034	72.40	3.68	10.93	11.76	8.63	8.54	13.40
2021.036	72.40	3.69	10.93	11.75	8.63	8.63	13.31
2021.039	72.40	3.68	10.95	11.74	8.63	8.71	13.23
2021.042	72.40	3.68	10.96	11.73	8.63	8.80	13.14
2021.044	72.40	3.67	10.98	11.72	8.63	8.97	12.98
2021.047	72.40	3.67	11.00	11.71	8.63	9.05	12.90
2021.050	72.40	3.66	11.01	11.70	8.63	9.11	12.84
2021.053	72.40	3.66	11.03	11.69	8.63	9.17	12.78
2021.055	72.40	3.65	11.04	11.68	8.62	9.23	12.73
2021.058	72.40	3.65	11.06	11.67	8.64	9.27	12.67
2021.061	72.39	3.63	11.08	11.66	8.67	9.30	12.61
2021.063	72.39	3.63	11.09	11.64	8.70	9.33	12.55
2021.066	72.39	3.62	11.11	11.63	8.72	9.36	12.50
2021.069	72.39	3.62	11.12	11.62	8.75	9.39	12.44
2021.072	72.39	3.61	11.14	11.61	8.79	9.41	12.38
2021.074	72.39	3.61	11.15	11.60	8.88	9.38	12.32
2021.077	72.39	3.60	11.17	11.59	8.97	9.34	12.27
2021.080	72.39	3.60	11.18	11.58	9.08	9.30	12.21
2021.082	72.39	3.60	11.20	11.57	9.08	9.36	12.09
2021.085	72.39	3.59	11.22	11.56	9.15	9.35	11.77
2021.088	72.39	3.59	11.23	11.54	9.29	9.18	11.35
2021.091	72.39	3.58	11.25	11.53	9.35	9.08	10.95
2021.093	72.39	3.58	11.26	11.52	9.42	8.97	10.55
2021.096	72.39	3.57	11.27	11.52	9.57	8.78	10.15
2021.099	72.39	3.57	11.27	11.52	9.63	8.64	9.80
2021.101	72.39	3.59	11.26	11.51	9.70	8.54	9.39
2021.104	72.39	3.60	11.25	11.51	9.85	8.35	9.00
2021.107	72.39	3.61	11.24	11.50	9.92	8.23	8.60
2021.110	72.39	3.62	11.24	11.49	10.08	8.04	8.20
2021.112	72.39	3.64	11.23	11.49	10.16	7.92	7.80
2021.115	72.39	3.65	11.21	11.50	10.23	7.81	7.40
2021.118	72.39	3.68	11.18	11.50	10.39	7.61	7.01
2021.120	72.39	3.71	11.15	11.50	10.47	7.50	6.60
2021.123	72.39	3.74	11.12	11.50	10.54	7.38	6.21
2021.126	72.39	3.77	11.08	11.50	10.66	7.22	5.98
2021.129	72.39	3.79	11.05	11.51	10.75	7.10	6.00
2021.131	72.39	3.83	11.02	11.51	10.84	6.97	5.99
2021.134	72.39	3.84	10.99	11.52	10.87	6.90	6.01
2021.137	72.39	3.88	10.94	11.53	10.87	6.86	6.02
2021.139	72.39	3.90	10.90	11.55	10.87	6.82	6.01
2021.142	72.39	3.94	10.85	11.55	10.87	6.78	6.03
2021.145	72.41	3.94	10.83	11.56	10.87	6.74	6.13
2021.147	72.44	3.95	10.78	11.57	10.87	6.63	6.32
2021.150	72.52	3.89	10.74	11.59	10.87	6.40	6.63
2021.153	72.56	3.89	10.69	11.60	10.87	6.20	6.90
2021.156	72.64	3.83	10.66	11.61	10.87	5.98	7.27
2021.158	72.68	3.83	10.61	11.61	10.87	5.91	7.41
2021.161	72.76	3.77	10.59	11.62	10.87	5.91	7.49
2021.164	72.80	3.76	10.54	11.64	10.86	5.88	7.60
2021.166	72.87	3.71	10.51	11.64	10.86	5.85	7.70
2021.169	72.91	3.70	10.52	11.57	10.89	5.81	7.89
2021.172	72.99	3.65	10.56	11.46	10.94	5.78	8.00
2021.175	73.03	3.63	10.57	11.38	10.98	5.74	8.11
2021.177	73.11	3.58	10.56	11.26	11.07	5.71	8.22
2021.180	73.15	3.56	10.55	11.21	11.12	5.68	8.40
2021.183	73.23	3.53	10.51	11.15	11.16	5.64	8.51
2021.185	73.24	3.55	10.52	11.08	11.21	5.61	8.62
2021.188	73.24	3.59	10.48	11.02	11.25	5.57	8.73
2021.191	73.24	3.61	10.48	10.95	11.29	5.54	8.91
2021.194	73.24	3.66	10.45	10.90	11.34	5.51	9.02
2021.196	73.24	3.68	10.43	10.84	11.38	5.47	9.13
2021.199	73.24	3.71	10.41	10.75	11.48	5.44	9.24
2021.202	73.24	3.75	10.37	10.70	11.52	5.36	9.46
2021.204	73.24	3.78	10.34	10.66	11.57	5.33	9.57
2021.207	73.24	3.82	10.30	10.61	11.61	5.29	9.68
2021.210	73.24	3.84	10.27	10.57	11.65	5.29	9.76
2021.213	73.24	3.88	10.23	10.52	11.70	5.43	9.77
2021.215	73.24	3.91	10.20	10.47	11.74	5.51	9.76
2021.218	73.24	3.95	10.16	10.43	11.79	5.66	9.69
2021.221	73.24	3.98	10.14	10.34	11.89	5.74	9.68
2021.223	73.24	4.02	10.10	10.32	11.90	5.81	9.75
2021.226	73.24	4.05	10.07	10.32	11.90	5.96	9.68
2021.229	73.24	4.07	10.05	10.32	11.90	6.04	9.67
2021.232	73.24	4.11	10.01	10.32	11.90	6.11	9.67
2021.234	73.24	4.14	9.98	10.32	11.91	6.26	9.67
2021.237	73.24	4.18	9.94	10.32	11.91	6.34	9.66
2021.240	73.24	4.21	9.91	10.32	11.91	6.42	9.65
2021.242	73.24	4.25	9.87	10.32	11.91	6.47	9.68
2021.245	73.24	4.27	9.84	10.32	11.91	6.51	9.78
2021.248	73.24	4.31	9.80	10.32	11.91	6.58	9.78
2021.251	73.24	4.34	9.78	10.32	11.92	6.62	9.80
2021.253	73.24	4.38	9.74	10.32	11.92	6.67	9.83
2021.256	73.24	4.41	9.71	10.31	11.92	6.73	9.83
2021.259	73.24	4.43	9.70	10.31	11.92	6.78	9.93
2021.261	73.24	4.48	9.66	10.30	11.92	6.84	9.93
2021.264	73.24	4.50	9.65	10.29	11.92	6.88	9.96
2021.267	73.24	4.54	9.62	10.28	11.93	6.90	10.02
2021.269	73.24	4.57	9.62	10.25	11.93	6.90	10.15
2021.272	73.24	4.61	9.65	10.19	11.91	6.92	10.21
2021.275	73.24	4.64	9.69	10.16	11.88	6.93	10.27
2021.278	73.24	4.68	9.71	10.13	11.85	6.93	10.33
2021.280	73.24	4.70	9.75	10.10	11.82	6.94	10.46
2021.283	73.24	4.75	9.75	10.08	11.79	6.96	10.52
2021.286	73.24	4.77	9.75	10.09	11.76	6.96	10.58
2021.288	73.25	4.78	9.75	10.10	11.74	6.98	10.64
2021.291	73.25	4.82	9.73	10.14	11.67	6.98	10.78
2021.294	73.27	4.83	9.72	10.15	11.64	6.99	10.83
2021.297	73.27	4.87	9.70	10.16	11.61	7.01	10.89
2021.299	73.28	4.89	9.70	10.17	11.59	7.01	10.95
2021.302	73.28	4.93	9.67	10.19	11.56	7.02	11.09
2021.305	73.29	4.95	9.65	10.22	11.53	7.04	11.14
2021.307	73.30	4.98	9.61	10.24	11.50	7.04	11.21
2021.310	73.30	5.00	9.59	10.27	11.47	7.05	11.26
2021.313	73.31	5.04	9.55	10.30	11.44	7.06	11.40
2021.316	73.31	5.06	9.52	10.36	11.38	7.07	11.46
2021.318	73.33	5.09	9.47	10.40	11.35	7.08	11.51
2021.321	73.33	5.11	9.45	10.43	11.32	7.09	11.58
2021.324	73.34	5.13	9.41	10.47	11.29	7.10	11.71
2021.326	73.34	5.16	9.37	10.50	11.26	7.11	11.77
2021.329	73.35	5.18	9.34	10.54	11.23	7.12	11.78
2021.332	73.36	5.22	9.30	10.57	11.20	7.13	11.76
2021.335	73.36	5.24	9.26	10.61	11.17	7.14	11.76
2021.337	73.37	5.27	9.22	10.64	11.14	7.15	11.74
2021.340	73.37	5.29	9.19	10.68	11.11	7.16	11.72
2021.343	73.39	5.32	9.14	10.74	11.05	7.17	11.71
2021.345	73.41	5.32	9.12	10.78	11.02	7.18	11.70
2021.348	73.45	5.33	9.07	10.82	10.99	7.19	11.68
2021.351	73.48	5.32	9.04	10.85	10.96	7.20	11.67
2021.354	73.52	5.31	9.01	10.88	10.93	7.21	11.65
2021.356	73.55	5.29	8.99	10.92	10.90	7.22	11.64
2021.359	73.58	5.28	8.96	10.96	10.87	7.21	11.66
2021.362	73.62	5.26	8.94	10.99	10.84	7.18	11.67
2021.364	73.65	5.24	8.93	11.03	10.81	7.11	11.72
2021.367	73.72	5.19	8.90	11.06	10.79	7.09	11.72
2021.370	73.75	5.17	8.88	11.13	10.72	7.02	11.76
2021.373	73.79	5.15	8.88	11.15	10.69	6.85	11.91
2021.375	73.82	5.14	8.86	11.18	10.66	6.77	11.98
2021.378	73.86	5.12	8.85	11.21	10.64	6.60	12.13
2021.381	73.89	5.10	8.84	11.23	10.61	6.52	12.19
2021.383	73.90	5.11	8.83	11.26	10.58	6.44	12.25
2021.386	73.89	5.14	8.82	11.28	10.55	6.27	12.40
2021.389	73.87	5.18	8.80	11.27	10.55	6.18	12.46
2021.391	73.85	5.22	8.78	11.26	10.57	6.10	12.52
2021.394	73.83	5.27	8.76	11.23	10.60	5.93	12.67
2021.397	73.82	5.31	8.72	11.21	10.58	5.88	12.74
2021.400	73.80	5.35	8.70	11.20	10.55	5.75	12.89
2021.402	73.79	5.40	8.65	11.20	10.52	5.71	12.95
2021.405	73.77	5.45	8.62	11.19	10.50	5.67	13.01
2021.408	73.76	5.49	8.58	11.18	10.47	5.54	13.16
2021.410	73.74	5.54	8.54	11.19	10.40	5.55	13.22
2021.413	73.73	5.59	8.49	11.17	10.38	5.51	13.28
2021.416	73.70	5.65	8.45	11.16	10.35	5.52	13.30
2021.419	73.69	5.73	8.37	11.16	10.32	5.59	13.25
2021.421	73.67	5.79	8.32	11.16	10.30	5.67	13.19
2021.424	73.66	5.87	8.24	11.16	10.27	5.74	13.15
2021.427	73.64	5.93	8.19	11.15	10.24	5.81	13.10
2021.429	73.63	6.01	8.11	11.14	10.22	5.89	13.04
2021.432	73.62	6.05	8.07	11.14	10.19	5.96	13.00
2021.435	73.60	6.07	8.03	11.16	10.17	6.02	12.95
2021.438	73.59	6.08	8.01	11.17	10.14	6.11	12.89
2021.440	73.57	6.11	7.97	11.19	10.11	6.18	12.85
2021.443	73.55	6.12	7.94	11.20	10.08	6.26	12.78
2021.446	73.53	6.15	7.93	11.19	10.05	6.33	12.74
2021.448	73.52	6.16	7.92	11.18	10.04	6.39	12.69
2021.451	73.50	6.19	7.90	11.18	10.01	6.48	12.63
2021.454	73.49	6.20	7.88	11.18	9.98	6.55	12.59
2021.457	73.47	6.23	7.87	11.18	9.95	6.61	12.54
2021.459	73.46	6.24	7.85	11.18	9.92	6.70	12.48
2021.462	73.44	6.27	7.84	11.17	9.90	6.76	12.44
2021.465	73.43	6.28	7.82	11.17	9.84	6.89	12.37
2021.467	73.40	6.30	7.80	11.16	9.81	6.96	12.33
2021.470	73.39	6.32	7.79	11.16	9.78	7.03	12.29
2021.473	73.38	6.33	7.78	11.16	9.75	7.11	12.23
2021.476	73.38	6.34	7.76	11.16	9.72	7.17	12.19
2021.478	73.38	6.34	7.74	11.16	9.70	7.23	12.15
2021.481	73.38	6.35	7.73	11.16	9.67	7.31	12.09
2021.484	73.37	6.36	7.70	11.15	9.65	7.37	12.05
2021.486	73.37	6.36	7.69	11.15	9.62	7.45	12.00
2021.489	73.37	6.37	7.68	11.14	9.60	7.51	11.96
2021.492	73.37	6.38	7.66	11.14	9.57	7.58	11.92
2021.495	73.36	6.38	7.64	11.15	9.54	7.66	11.86
2021.497	73.36	6.39	7.63	11.15	9.51	7.72	11.82
2021.500	73.36	6.40	7.61	11.13	9.50	7.78	11.78
2021.503	73.35	6.41	7.59	11.13	9.47	7.86	11.72
2021.505	73.35	6.42	7.58	11.11	9.46	7.90	11.69
2021.508	73.35	6.43	7.58	11.10	9.46	7.95	11.63
2021.511	73.35	6.43	7.57	11.13	9.42	7.98	11.59
2021.513	73.34	6.46	7.55	11.14	9.40	8.01	11.55
2021.516	73.34	6.47	7.54	11.15	9.37	8.07	11.49
2021.519	73.34	6.50	7.52	11.17	9.34	8.10	11.45
2021.522	73.34	6.51	7.51	11.18	9.32	8.13	11.41
2021.524	73.33	6.49	7.53	11.19	9.32	8.16	11.36
2021.527	73.33	6.48	7.54	11.22	9.32	8.18	11.32
2021.530	73.33	6.47	7.53	11.26	9.29	8.21	11.26
2021.532	73.32	6.48	7.49	11.30	9.29	8.22	11.22
2021.535	73.32	6.50	7.45	11.33	9.30	8.24	11.18
2021.538	73.32	6.50	7.42	11.36	9.29	8.27	11.12
2021.541	73.31	6.52	7.38	11.43	9.27	8.28	11.08
2021.543	73.31	6.53	7.34	11.46	9.26	8.29	11.04
2021.546	73.31	6.54	7.33	11.49	9.27	8.32	10.99
2021.549	73.31	6.55	7.29	11.55	9.24	8.33	10.95
2021.551	73.30	6.56	7.26	11.57	9.24	8.35	10.91
2021.554	73.30	6.57	7.25	11.58	9.25	8.38	10.85
2021.557	73.30	6.58	7.23	11.60	9.24	8.39	10.81
2021.560	73.30	6.59	7.20	11.65	9.22	8.43	10.74
2021.562	73.29	6.60	7.18	11.67	9.22	8.44	10.70
2021.565	73.29	6.61	7.16	11.69	9.22	8.45	10.66
2021.568	73.29	6.63	7.14	11.71	9.22	8.48	10.60
2021.570	73.28	6.63	7.12	11.77	9.19	8.49	10.56
2021.573	73.28	6.65	7.10	11.77	9.20	8.50	10.52
2021.576	73.28	6.66	7.08	11.79	9.20	8.54	10.46
2021.579	73.28	6.67	7.06	11.83	9.17	8.55	10.42
2021.581	73.27	6.68	7.04	11.86	9.17	8.58	10.35
2021.584	73.27	6.69	7.02	11.89	9.16	8.59	10.31
2021.587	73.27	6.70	7.00	11.92	9.15	8.60	10.27
2021.589	73.27	6.71	6.98	11.95	9.14	8.64	10.21
2021.592	73.26	6.73	6.95	11.94	9.18	8.65	10.17
2021.595	73.26	6.74	6.93	11.95	9.19	8.66	10.13
2021.598	73.26	6.75	6.92	11.93	9.22	8.69	10.06
2021.600	73.25	6.76	6.90	11.93	9.24	8.71	10.02
2021.603	73.25	6.77	6.87	11.92	9.27	8.74	9.96
2021.606	73.25	6.78	6.86	11.92	9.30	8.75	9.92
2021.608	73.24	6.79	6.84	11.90	9.33	8.76	9.88
2021.611	73.24	6.80	6.82	11.91	9.34	8.79	9.82
2021.614	73.24	6.81	6.79	11.90	9.38	8.81	9.78
2021.617	73.24	6.82	6.77	11.88	9.41	8.82	9.74
2021.619	73.23	6.84	6.75	11.88	9.35	8.93	9.67
2021.622	73.23	6.84	6.74	11.75	9.41	9.03	9.63
2021.625	73.23	6.85	6.71	11.39	9.75	9.11	9.57
2021.627	73.23	6.86	6.69	11.41	9.69	9.18	9.53
2021.630	73.23	6.87	6.67	11.43	9.69	9.19	9.49
2021.633	73.23	6.88	6.65	11.45	9.70	9.21	9.43
2021.636	73.23	6.89	6.62	11.47	9.71	9.22	9.39
2021.638	73.23	6.89	6.61	11.49	9.72	9.22	9.34
2021.641	73.23	6.90	6.59	11.52	9.72	9.24	9.28
2021.644	73.23	6.91	6.57	11.53	9.74	9.23	9.24
2021.646	73.23	6.92	6.54	11.56	9.75	9.25	9.18
2021.649	73.23	6.92	6.53	11.58	9.76	9.26	9.14
2021.652	73.23	6.93	6.51	11.56	9.81	9.26	9.10
2021.654	73.23	6.94	6.36	11.68	9.85	9.27	9.04
2021.657	73.23	6.95	6.14	11.86	9.91	9.27	9.00
2021.660	73.23	6.96	6.09	11.86	9.97	9.26	8.97
2021.663	73.23	6.97	6.07	11.85	10.03	9.23	8.93
2021.665	73.23	6.97	6.06	11.82	10.11	9.19	8.90
2021.668	73.23	6.99	6.02	11.82	10.16	9.18	8.86
2021.671	73.23	7.02	6.00	11.78	10.24	9.15	8.83
2021.673	73.23	7.04	6.02	11.73	10.27	9.13	8.80
2021.676	73.23	7.07	6.03	11.70	10.31	9.10	8.77
2021.679	73.23	7.12	6.02	11.67	10.33	9.09	8.73
2021.682	73.23	7.12	6.03	11.67	10.35	9.05	8.70
2021.684	73.23	7.10	6.06	11.67	10.39	9.02	8.67
2021.687	73.23	7.06	6.13	11.65	10.41	9.01	8.64
2021.690	73.23	7.08	6.15	11.62	10.44	8.98	8.60
2021.692	73.23	7.14	6.18	11.55	10.45	8.97	8.57
2021.695	73.23	7.14	6.22	11.51	10.49	8.93	8.54
2021.698	73.23	7.14	6.30	11.45	10.51	8.90	8.50
2021.701	73.23	7.11	6.38	11.41	10.53	8.89	8.47
2021.703	73.23	7.03	6.50	11.37	10.57	8.85	8.44
2021.706	73.23	6.95	6.63	11.34	10.58	8.84	8.40
2021.709	73.23	6.88	6.75	11.29	10.61	8.81	8.37
2021.711	73.23	6.75	6.94	11.25	10.63	8.80	8.33
2021.714	73.23	6.68	7.06	11.21	10.66	8.76	8.30
2021.717	73.23	6.61	7.18	11.17	10.69	8.73	8.27
2021.720	73.23	6.55	7.30	11.12	10.71	8.72	8.23
2021.722	73.23	6.52	7.38	11.09	10.74	8.68	8.20
2021.725	73.23	6.52	7.44	11.04	10.75	8.67	8.17
2021.728	73.23	6.53	7.45	11.02	10.79	8.64	8.13
2021.730	73.23	6.54	7.48	10.99	10.80	8.62	8.10
2021.733	73.23	6.56	7.50	10.97	10.83	8.60	8.07
2021.736	73.23	6.59	7.50	10.95	10.87	8.56	8.04
2021.739	73.23	6.61	7.49	10.94	10.88	8.54	8.01
2021.741	73.23	6.64	7.47	10.95	10.91	8.52	7.97
2021.744	73.23	6.70	7.39	10.98	10.93	8.50	7.94
2021.747	73.23	6.73	7.35	11.01	10.96	8.46	7.91
2021.749	73.23	6.75	7.31	11.03	10.97	8.46	7.87
2021.752	73.23	6.78	7.26	11.06	11.01	8.42	7.85
2021.755	73.23	6.81	7.22	11.09	11.04	8.39	7.81
2021.758	73.23	6.84	7.17	11.12	11.05	8.38	7.79
2021.760	73.23	6.87	7.13	11.14	11.09	8.34	7.77
2021.763	73.23	6.89	7.10	11.16	11.10	8.34	7.73
2021.766	73.23	6.92	7.03	11.21	11.13	8.30	7.71
2021.768	73.23	6.98	6.97	11.22	11.15	8.29	7.68
2021.771	73.23	7.01	6.96	11.22	11.12	8.31	7.65
2021.774	73.23	7.04	6.95	11.21	11.11	8.64	7.31
2021.776	73.23	7.06	6.93	11.21	11.10	9.28	6.66
2021.779	73.23	7.09	6.92	11.21	11.07	9.62	6.31
2021.782	73.23	7.12	6.91	11.19	11.07	9.65	6.27
2021.785	73.23	7.15	6.89	11.17	11.07	9.71	6.20
2021.787	73.23	7.18	6.89	11.16	11.05	9.74	6.16
2021.790	73.23	7.23	6.84	11.14	11.06	9.77	6.12
2021.793	73.23	7.26	6.83	11.12	11.06	9.79	6.08
2021.795	73.23	7.29	6.82	11.10	11.05	9.82	6.05
2021.798	73.23	7.32	6.80	11.08	11.05	9.86	6.00
2021.801	73.23	7.34	6.80	11.08	11.02	9.88	5.97
2021.804	73.23	7.37	6.78	11.10	10.99	9.91	6.31
2021.806	73.23	7.40	6.76	11.11	10.96	9.95	6.78
2021.809	73.23	7.41	6.77	11.07	10.97	9.97	7.27
2021.812	73.23	7.42	6.78	10.95	11.08	10.00	8.00
2021.814	73.23	7.43	6.79	10.88	11.11	10.04	8.46
2021.817	73.23	7.44	6.79	10.82	11.15	10.06	8.95
2021.820	73.23	7.45	6.81	10.75	11.20	10.09	9.43
2021.823	73.23	7.45	6.81	10.69	11.24	10.12	9.62
2021.825	73.23	7.46	6.82	10.63	11.28	10.15	9.62
2021.828	73.23	7.47	6.83	10.56	11.33	10.18	9.61
2021.831	73.23	7.47	6.83	10.44	11.44	10.20	9.61
2021.833	73.23	7.48	6.85	10.38	11.48	10.22	9.61
2021.836	73.23	7.49	6.85	10.32	11.53	10.24	9.59
2021.839	73.23	7.50	6.85	10.26	11.58	10.26	9.59
2021.842	73.23	7.51	6.87	10.23	11.59	10.28	9.58
2021.844	73.23	7.52	6.87	10.22	11.59	10.31	9.58
2021.847	73.23	7.52	6.89	10.19	11.59	10.33	9.56
2021.850	73.23	7.53	6.89	10.18	11.59	10.36	9.55
2021.852	73.23	7.54	6.89	10.18	11.58	10.37	9.55
2021.855	73.23	7.55	6.91	10.19	11.56	10.39	9.55
2021.858	73.23	7.56	6.91	10.19	11.54	10.43	9.53
2021.861	73.23	7.57	6.92	10.18	11.53	10.44	9.53
2021.863	73.23	7.57	6.93	10.18	11.53	10.46	9.53
2021.866	73.23	7.57	6.94	10.18	11.51	10.48	9.52
2021.869	73.23	7.55	6.96	10.18	11.53	10.47	9.51
2021.871	73.23	7.51	7.01	10.19	11.53	10.49	9.49
2021.874	73.23	7.49	7.03	10.20	11.55	10.47	9.50
2021.877	73.23	7.45	7.08	10.35	11.43	10.46	9.49
2021.880	73.23	7.44	7.10	10.49	11.30	10.48	9.47
2021.882	73.19	7.43	7.14	10.63	11.19	10.46	9.47
2021.885	73.11	7.50	7.17	10.77	11.06	10.47	9.47
2021.888	73.03	7.54	7.21	10.91	10.95	10.46	9.46
2021.890	72.94	7.60	7.24	11.18	10.71	10.45	9.45
2021.893	72.86	7.65	7.28	11.23	10.67	10.46	9.44
2021.896	72.78	7.71	7.31	11.23	10.69	10.44	9.44
2021.898	72.61	7.84	7.35	11.24	10.69	10.45	9.43
2021.901	72.53	7.90	7.37	11.26	10.70	10.45	9.41
2021.904	72.45	7.95	7.42	11.27	10.73	10.43	9.41
2021.907	72.36	8.01	7.44	11.27	10.73	10.44	9.41
2021.909	72.32	8.02	7.49	11.28	10.75	10.43	9.40
2021.912	72.32	8.00	7.51	11.28	10.76	10.43	9.39
2021.915	72.32	7.98	7.53	11.29	10.78	10.42	9.38
2021.917	72.31	7.94	7.57	11.31	10.81	10.40	9.38
2021.920	72.31	7.93	7.59	11.32	10.82	10.40	9.37
2021.923	72.31	7.89	7.63	11.34	10.84	10.39	9.35
2021.926	72.31	7.87	7.64	11.36	10.85	10.38	9.36
2021.928	72.31	7.83	7.68	11.37	10.88	10.37	9.35
2021.931	72.31	7.81	7.70	11.38	10.87	10.39	9.34
2021.934	72.31	7.77	7.74	11.40	10.87	10.40	9.33
2021.936	72.31	7.75	7.75	11.41	10.86	10.43	9.32
2021.939	72.31	7.71	7.79	11.42	10.85	10.44	9.32
2021.942	72.31	7.70	7.81	11.44	10.84	10.46	9.32
2021.945	72.31	7.66	7.85	11.45	10.83	10.49	9.29
2021.947	72.31	7.64	7.86	11.47	10.81	10.50	9.29
2021.950	72.31	7.60	7.90	11.49	10.80	10.52	9.27
2021.953	72.31	7.58	7.92	11.50	10.79	10.55	9.24
2021.955	72.31	7.54	7.96	11.51	10.78	10.56	9.23
2021.958	72.31	7.52	7.97	11.53	10.78	10.59	9.20
2021.961	72.31	7.50	8.01	11.60	10.70	10.60	9.19
2021.964	72.31	7.47	8.13	11.61	10.60	10.62	9.17
2021.966	72.31	7.46	8.18	11.66	10.50	10.65	9.14
2021.969	72.31	7.45	8.24	11.73	10.39	10.66	9.12
2021.972	72.31	7.44	8.27	11.82	10.29	10.68	9.10
2021.974	72.31	7.42	8.29	11.99	10.12	10.71	9.08
2021.977	72.31	7.41	8.33	11.98	10.10	10.72	9.06
2021.980	72.31	7.40	8.36	12.00	10.08	10.75	9.04
2021.983	72.31	7.39	8.38	12.01	10.06	10.76	9.02
2021.985	72.31	7.37	8.40	12.02	10.11	10.71	9.00
2021.988	72.31	7.36	8.42	12.03	10.10	10.72	8.97
2021.991	72.31	7.35	8.46	12.04	10.07	10.74	8.96
2021.993	72.31	7.34	8.48	12.05	10.05	10.76	8.94
2021.996	72.31	7.32	8.54	12.04	10.02	10.79	8.91
2021.999	72.31	7.32	8.64	11.96	10.00	10.81	8.90
2022.002	72.31	7.30	8.71	11.94	9.98	10.84	8.87
2022.004	72.31	7.29	8.77	11.91	9.96	10.85	8.86
2022.007	72.31	7.28	8.83	11.88	9.94	10.87	8.84
2022.010	72.31	7.27	8.93	11.80	9.93	10.90	8.81
2022.012	72.31	7.26	8.99	11.76	9.92	10.92	8.80
2022.015	72.31	7.24	9.06	11.73	9.90	10.94	8.78
2022.018	72.31	7.24	9.11	11.69	9.81	11.04	8.75
2022.020	72.31	7.22	9.22	11.61	9.71	11.15	8.74
2022.023	72.31	7.21	9.28	11.58	9.61	11.27	8.71
2022.026	72.30	7.19	9.35	11.54	9.53	11.35	8.70
2022.029	72.30	7.19	9.40	11.50	9.49	11.40	8.68
2022.031	72.30	7.17	9.52	11.42	9.47	11.44	8.65
2022.034	72.30	7.16	9.56	11.39	9.47	11.45	8.64
2022.037	72.30	7.15	9.26	11.74	9.45	11.46	8.63
2022.039	72.30	7.14	9.05	11.96	9.44	11.46	8.63
2022.042	72.30	7.12	8.85	12.19	9.43	11.46	8.63
2022.045	72.30	7.11	8.75	12.31	9.43	11.46	8.62
2022.048	72.30	7.10	8.77	12.33	9.42	11.46	8.63
2022.050	72.30	7.09	8.77	12.34	9.41	11.45	8.62
2022.053	72.30	7.07	8.79	12.35	9.41	11.46	8.62
2022.056	72.30	7.06	8.80	12.36	9.40	11.45	8.62
2022.058	72.30	7.05	8.81	12.38	9.40	11.44	8.62
2022.061	72.31	7.04	8.83	12.39	9.40	11.43	8.61
2022.064	72.31	7.02	8.84	12.40	9.38	11.44	8.61
2022.067	72.33	6.99	8.85	12.41	9.36	11.46	8.60
2022.069	72.35	6.96	8.86	12.42	9.35	11.46	8.58
2022.072	72.37	6.92	8.88	12.43	9.34	11.46	8.57
2022.075	72.39	6.90	8.89	12.45	9.34	11.46	8.55
2022.077	72.41	6.86	8.91	12.45	9.33	11.46	8.54
2022.080	72.42	6.83	8.90	12.48	9.32	11.46	8.52
2022.083	72.46	6.78	8.91	12.52	9.30	11.46	8.50
2022.086	72.48	6.75	8.89	12.43	9.42	11.45	8.48
2022.088	72.50	6.72	8.90	12.23	9.64	11.45	8.46
2022.091	72.52	6.69	8.88	12.04	9.87	11.45	8.45
2022.094	72.54	6.66	8.89	11.90	10.03	11.44	8.43
2022.096	72.56	6.63	8.87	11.92	10.04	11.44	8.41
2022.099	72.57	6.59	8.87	11.94	10.05	11.43	8.40
2022.102	72.59	6.57	8.87	11.95	10.06	11.43	8.37
2022.105	72.61	6.53	8.87	11.97	10.10	11.39	8.35
2022.107	72.63	6.51	8.87	11.98	10.14	11.35	8.34
2022.110	72.67	6.31	9.00	11.99	10.13	11.37	8.32
2022.113	72.69	6.07	9.21	12.00	10.13	11.38	8.30
2022.115	72.70	5.74	9.51	12.02	10.13	11.38	8.29
2022.118	72.72	5.50	9.72	12.03	10.13	11.38	8.27
2022.121	72.74	5.27	9.91	12.05	10.14	11.37	8.25
2022.124	72.76	4.93	10.22	12.07	10.15	11.37	8.23
2022.126	72.78	4.70	10.42	12.08	10.15	11.38	8.21
2022.129	72.80	4.48	10.60	12.10	10.16	11.37	8.20
2022.132	72.82	4.31	10.74	12.11	10.17	11.37	8.18
2022.134	72.85	4.15	10.85	12.12	10.17	11.37	8.16
2022.137	72.87	4.08	10.89	12.13	10.18	11.36	8.15
2022.140	72.89	4.04	10.90	12.15	10.05	11.50	8.12
2022.142	72.91	4.00	10.90	12.16	10.03	11.52	8.11
2022.145	72.93	3.96	10.91	12.18	10.03	11.53	8.09
2022.148	72.95	3.93	10.91	12.20	10.02	11.54	8.07
2022.151	72.96	3.88	10.92	12.21	10.02	11.54	8.06
2022.153	72.98	3.85	10.92	12.22	10.02	11.55	8.04
2022.156	73.00	3.82	10.92	12.23	10.02	11.56	8.02
2022.159	73.02	3.77	10.91	12.27	10.02	11.56	8.00
2022.161	73.04	3.74	10.89	12.30	10.02	11.57	7.98
2022.164	72.80	4.01	10.82	12.35	10.02	11.57	7.97
2022.167	72.43	4.41	10.79	12.35	10.01	11.58	7.95
2022.170	72.29	4.58	10.75	12.36	10.01	11.59	7.93
2022.172	72.29	4.61	10.72	12.36	10.01	11.59	7.92
2022.175	72.29	4.65	10.67	12.36	10.01	11.60	7.90
2022.178	72.29	4.67	10.64	12.37	10.01	11.61	7.88
2022.180	72.29	4.72	10.59	12.37	10.01	11.61	7.86
2022.183	72.31	4.72	10.57	12.38	10.00	11.61	7.86
2022.186	72.40	4.68	10.52	12.39	9.99	11.60	7.85
2022.189	72.46	4.64	10.49	12.42	9.97	11.59	7.85
2022.191	72.51	4.63	10.44	12.47	9.92	11.58	7.85
2022.194	72.60	4.56	10.41	12.50	9.91	11.56	7.85
2022.197	72.66	4.55	10.37	12.55	9.87	11.56	7.83
2022.199	72.72	4.51	10.34	12.58	9.85	11.58	7.79
2022.202	72.81	4.46	10.30	12.62	9.81	11.62	7.73
2022.205	72.87	4.43	10.31	12.61	9.80	11.64	7.69
2022.208	72.93	4.40	10.31	12.63	9.76	11.65	7.65
2022.210	73.02	4.35	10.30	12.62	9.75	11.69	7.60
2022.213	73.08	4.32	10.31	12.64	9.71	11.71	7.55
2022.216	73.16	4.27	10.31	12.62	9.69	11.73	7.51
2022.218	73.22	4.24	10.29	12.65	9.65	11.77	7.46
2022.221	73.22	4.28	10.26	12.67	9.63	11.78	7.42
2022.224	73.22	4.31	10.25	12.70	9.59	11.80	7.38
2022.227	73.22	4.35	10.21	12.72	9.58	11.82	7.35
2022.229	73.22	4.37	10.20	12.75	9.56	11.81	7.31
2022.232	73.22	4.41	10.17	12.77	9.55	11.82	7.27
2022.235	73.22	4.44	10.15	12.81	9.52	11.82	7.24
2022.237	73.22	4.48	10.12	12.82	9.52	11.82	7.21
2022.240	73.22	4.51	10.11	12.85	9.49	11.84	7.17
2022.243	73.22	4.55	10.08	12.84	9.49	11.84	7.13
2022.246	73.22	4.58	10.06	12.79	9.56	11.83	7.11
2022.248	73.22	4.62	10.04	12.72	9.63	11.82	7.11
2022.251	73.22	4.64	10.02	12.65	9.71	11.80	7.14
2022.254	73.22	4.67	10.00	12.58	9.80	11.76	7.17
2022.256	73.22	4.71	9.97	12.51	9.87	11.76	7.19
2022.259	73.22	4.70	9.98	12.45	9.93	11.76	7.21
2022.262	73.22	4.69	9.99	12.39	9.99	11.76	7.25
2022.264	73.22	4.68	10.00	12.34	10.05	11.76	7.27
2022.267	73.22	4.66	10.01	12.31	10.08	11.75	7.30
2022.270	73.22	4.64	10.02	12.26	10.14	11.73	7.36
2022.273	73.22	4.64	10.01	12.21	10.20	11.72	7.40
2022.275	73.22	4.67	9.98	12.15	10.26	11.71	7.45
2022.278	73.22	4.67	9.98	12.10	10.32	11.69	7.49
2022.281	73.22	4.69	9.95	12.10	10.33	11.68	7.52
2022.283	73.22	4.69	9.95	12.10	10.33	11.66	7.57
2022.286	73.22	4.70	9.92	12.11	10.33	11.64	7.61
2022.289	73.22	4.71	9.91	12.12	10.33	11.63	7.64
2022.292	73.22	4.73	9.89	12.12	10.33	11.61	7.70
2022.294	73.23	4.72	9.88	12.13	10.33	11.59	7.74
2022.297	73.27	4.69	9.87	12.09	10.38	11.58	7.79
2022.300	73.31	4.67	9.84	12.03	10.45	11.56	7.83
2022.302	73.36	4.62	9.83	11.89	10.59	11.55	7.86
2022.305	73.43	4.57	9.81	11.82	10.67	11.53	7.91
2022.308	73.63	4.38	9.80	11.75	10.74	11.51	7.95
2022.311	73.93	4.09	9.78	11.68	10.81	11.50	8.00
2022.313	74.09	3.93	9.77	11.62	10.89	11.48	8.04
2022.316	74.21	3.83	9.74	11.55	10.96	11.47	8.08
2022.319	74.33	3.72	9.73	11.48	11.03	11.46	8.13
2022.321	74.43	3.62	9.72	11.42	11.11	11.44	8.17
2022.324	74.45	3.54	9.77	11.28	11.25	11.42	8.21
2022.327	74.47	3.41	9.88	11.21	11.33	11.41	8.25
2022.330	74.49	3.33	9.93	11.15	11.40	11.39	8.29
2022.332	74.51	3.20	10.04	11.08	11.47	11.38	8.34
2022.335	74.53	3.12	10.10	11.01	11.55	11.36	8.38
2022.338	74.55	2.98	10.20	10.96	11.62	11.34	8.42
2022.340	74.56	2.92	10.23	10.90	11.69	11.33	8.47
2022.343	74.58	2.83	10.28	10.82	11.79	11.31	8.46
2022.346	74.62	2.76	10.30	10.84	11.78	11.30	8.43
2022.349	74.64	2.66	10.37	10.88	11.76	11.29	8.36
2022.351	74.66	2.68	10.30	10.92	11.75	11.27	8.33
2022.354	74.68	2.69	10.25	10.95	11.74	11.26	8.31
2022.357	74.69	2.67	10.23	10.97	11.73	11.24	8.26
2022.359	74.71	2.72	10.15	11.00	11.71	11.22	7.93
2022.362	74.73	2.82	10.03	11.03	11.70	11.21	7.59
2022.365	74.75	2.89	9.90	11.07	11.69	11.19	6.90
2022.368	74.77	2.98	9.76	11.10	11.68	11.17	6.67
2022.370	74.79	3.08	9.63	11.14	11.67	11.16	6.66
2022.373	74.82	3.13	9.52	11.18	11.65	11.14	6.67
2022.376	74.84	3.23	9.38	11.21	11.64	11.13	6.67
2022.378	74.86	3.30	9.25	11.26	11.63	11.11	6.68
2022.381	74.88	3.44	9.08	11.29	11.62	11.10	6.68
2022.384	74.90	3.62	8.86	11.32	11.61	11.09	6.68
2022.387	74.92	3.79	8.65	11.36	11.60	11.07	6.69
2022.389	74.94	4.02	8.38	11.39	11.59	11.05	6.69
2022.392	74.96	4.04	8.30	11.44	11.59	11.02	6.69
2022.395	74.97	4.07	8.23	11.47	11.59	10.99	6.70
2022.397	74.99	4.10	8.17	11.51	11.61	10.94	6.70
2022.400	74.95	4.18	8.10	11.54	11.63	10.89	6.70
2022.403	74.89	4.28	8.04	11.58	11.67	10.67	6.86
2022.405	74.77	4.46	7.94	11.63	11.70	10.50	6.99
2022.408	74.70	4.56	7.89	11.66	11.74	10.16	7.26
2022.411	74.64	4.67	7.82	11.69	11.77	9.92	7.45
2022.414	74.52	4.84	7.76	11.71	11.81	9.91	7.40
2022.416	74.45	4.96	7.70	11.74	11.84	9.87	7.37
2022.419	74.33	5.12	7.65	11.76	11.88	9.86	7.33
2022.422	74.26	5.23	7.59	11.79	11.90	9.83	7.30
2022.424	74.14	5.42	7.52	11.81	11.94	9.82	7.26
2022.427	74.08	5.54	7.45	11.83	11.96	9.82	7.21
2022.430	73.95	5.75	7.35	11.86	11.99	9.79	7.19
2022.433	73.89	5.84	7.31	11.88	12.03	9.78	7.14
2022.435	73.76	5.98	7.29	11.90	12.06	9.75	7.11
2022.438	73.70	6.05	7.28	11.92	12.04	9.80	7.07
2022.441	73.60	6.16	7.26	11.94	12.02	9.81	7.05
2022.443	73.72	6.05	7.22	11.98	12.00	9.82	7.04
2022.446	73.87	5.91	7.19	12.02	11.97	9.83	7.02
2022.449	74.03	5.75	7.17	12.05	11.96	9.83	7.01
2022.452	74.15	5.65	7.14	12.08	11.94	9.84	7.00
2022.454	74.31	5.38	7.21	12.12	11.92	9.84	6.99
2022.457	74.46	5.16	7.27	12.15	11.90	9.86	6.97
2022.460	74.63	4.91	7.33	12.18	11.89	9.86	6.96
2022.462	74.81	4.58	7.46	12.21	11.86	9.87	6.93
2022.465	74.95	4.36	7.60	12.16	11.85	9.89	6.90
2022.468	75.03	4.13	7.84	12.08	11.83	9.89	6.88
2022.471	75.01	4.06	7.97	12.05	11.80	9.90	6.85
2022.473	74.99	4.02	8.14	11.98	11.78	9.90	6.83
2022.476	74.96	3.89	8.29	11.99	11.77	9.91	6.81
2022.479	74.93	3.84	8.36	12.00	11.75	9.93	6.78
2022.481	74.90	3.89	8.34	12.02	11.73	9.93	6.76
2022.484	74.90	3.96	8.27	12.03	11.71	9.94	6.73
2022.487	74.87	4.04	8.21	12.05	11.69	9.95	6.71
2022.490	74.64	4.34	8.14	12.06	11.68	9.94	6.70
2022.492	74.42	4.60	8.09	12.08	11.66	9.94	6.68
2022.495	73.99	5.09	8.02	12.10	11.63	9.92	6.68
2022.498	73.78	5.36	7.96	12.12	11.61	9.91	6.68
2022.500	73.57	5.64	7.89	12.14	11.60	9.90	6.66
2022.503	73.43	5.84	7.83	12.15	11.58	9.89	6.67
2022.506	73.42	5.90	7.78	12.17	11.56	9.87	6.66
2022.509	73.37	6.01	7.68	12.21	11.54	9.87	6.65
2022.511	73.41	6.03	7.58	12.26	11.52	9.86	6.64
2022.514	73.43	6.06	7.48	12.31	11.50	9.85	6.64
2022.517	73.46	6.10	7.38	12.36	11.49	9.84	6.64
2022.519	73.49	6.12	7.29	12.43	11.46	9.82	6.63
2022.522	73.51	6.16	7.19	12.48	11.44	9.82	6.62
2022.525	73.56	6.17	7.05	12.57	11.42	9.80	6.62
2022.527	73.59	6.21	6.76	12.80	11.41	9.79	6.61
2022.530	73.61	6.21	6.63	12.92	11.39	9.78	6.60
2022.533	73.64	6.14	6.56	13.04	11.37	9.77	6.60
2022.536	73.67	6.10	6.52	13.10	11.35	9.76	6.60
2022.538	73.72	6.03	6.53	13.13	11.33	9.75	6.59
2022.541	73.74	5.99	6.52	13.16	11.31	9.74	6.58
2022.544	73.76	5.95	6.53	13.20	11.29	9.73	6.58
2022.546	73.78	5.92	6.51	13.24	11.27	9.72	6.65
2022.549	73.80	5.87	6.51	13.27	11.25	9.70	6.69
2022.552	73.82	5.84	6.51	13.30	11.24	9.70	6.72
2022.555	73.87	5.78	6.51	13.33	11.21	9.69	6.78
2022.557	73.89	5.73	6.52	13.45	11.10	9.68	6.81
2022.560	73.89	5.72	6.49	13.58	11.00	9.66	6.85
2022.563	73.86	5.73	6.51	13.68	10.90	9.65	6.80
2022.565	73.84	5.74	6.51	13.78	10.80	9.64	6.70
2022.568	73.83	5.73	6.54	13.89	10.69	9.63	6.60
2022.571	73.81	5.73	6.54	13.98	10.59	9.62	6.53
2022.574	73.79	5.74	6.56	14.08	10.49	9.61	6.52
2022.576	73.77	5.74	6.55	14.10	10.45	9.62	6.53
2022.579	73.74	5.75	6.54	14.12	10.36	9.71	6.54
2022.582	73.72	5.75	6.53	14.14	10.27	9.80	6.55
2022.584	73.71	5.74	6.51	14.17	10.19	9.86	6.56
2022.587	73.69	5.75	6.52	14.17	10.16	9.88	6.57
2022.590	73.67	5.75	6.50	14.20	10.13	9.90	6.58
2022.593	73.64	5.76	6.49	14.23	10.09	9.91	6.59
2022.595	73.63	5.76	6.47	14.25	10.08	9.93	6.60
2022.598	73.62	5.75	6.41	14.42	9.99	9.90	6.62
2022.601	73.60	5.76	6.33	14.62	9.90	9.88	6.62
2022.603	73.57	5.76	6.26	14.72	9.89	9.86	6.63
2022.606	73.55	5.76	6.20	14.81	9.88	9.84	6.65
2022.609	73.53	5.77	6.15	14.88	9.88	9.82	6.65
2022.612	73.53	5.75	6.16	14.91	9.87	9.80	6.66
2022.614	73.50	5.77	6.15	14.94	9.86	9.78	6.67
2022.617	73.48	5.76	6.22	14.91	9.85	9.76	6.69
2022.620	73.46	5.78	6.31	14.84	9.84	9.73	6.70
2022.622	73.47	5.74	6.39	14.80	9.83	9.71	6.71
2022.625	73.51	5.69	6.45	14.76	9.82	9.69	6.71
2022.628	73.58	5.60	6.55	14.69	9.82	9.67	6.73
2022.631	73.61	5.54	6.62	14.65	9.81	9.65	6.73
2022.633	73.65	5.50	6.70	14.59	9.80	9.63	6.74
2022.636	73.72	5.41	6.74	14.59	9.80	9.61	6.76
2022.639	73.75	5.36	6.77	14.58	9.79	9.59	6.76
2022.641	73.82	5.16	6.92	14.58	9.77	9.57	6.78
2022.644	73.86	5.03	7.03	14.57	9.76	9.54	6.79
2022.647	73.93	4.93	7.07	14.57	9.76	9.53	6.79
2022.649	73.96	4.85	7.15	14.55	9.75	9.50	6.81
2022.652	74.03	4.68	7.27	14.55	9.74	9.49	6.82
2022.655	74.07	4.64	7.28	14.54	9.74	9.46	6.83
2022.658	74.14	4.58	7.29	14.53	9.73	9.44	6.84
2022.660	74.17	4.74	7.09	14.51	9.76	9.42	6.84
2022.663	74.24	4.75	7.01	14.41	9.87	9.38	6.89
2022.666	74.28	4.91	6.82	14.34	9.94	9.28	7.00
2022.668	74.35	4.91	6.76	14.26	10.01	9.23	7.07
2022.671	74.38	4.79	6.88	14.13	10.11	9.18	7.14
2022.674	74.46	4.72	6.87	14.06	10.18	9.08	7.29
2022.677	74.49	4.69	6.85	14.01	10.25	9.02	7.37
2022.679	74.56	4.63	6.84	13.92	10.36	8.93	7.48
2022.682	74.60	4.60	6.82	13.86	10.43	8.99	7.43
2022.685	74.67	4.53	7.00	13.63	10.48	9.03	7.44
2022.687	74.70	4.55	7.21	13.36	10.48	9.05	7.44
2022.690	74.73	4.97	6.88	13.21	10.52	9.07	7.41
2022.693	74.80	5.07	6.77	13.11	10.57	9.08	7.38
2022.696	74.84	5.03	6.84	13.00	10.61	9.09	7.35
2022.698	74.91	4.94	6.85	12.96	10.66	9.11	7.32
2022.701	74.94	4.90	7.27	12.51	10.70	9.11	7.32
2022.704	75.02	4.81	7.92	11.83	10.74	9.10	7.31
2022.706	75.05	4.77	7.95	11.77	10.79	9.08	7.33
2022.709	75.12	4.68	7.95	11.68	10.88	9.05	7.34
2022.712	75.16	4.64	7.96	11.64	10.93	9.03	7.33
2022.715	75.23	4.55	7.97	11.60	10.98	9.02	7.34
2022.717	75.26	4.52	7.97	11.56	11.02	9.00	7.35
2022.720	75.33	4.44	7.97	11.52	11.06	8.97	7.37
2022.723	75.37	4.48	7.89	12.00	10.59	8.93	7.41
2022.725	75.44	4.50	7.78	12.00	10.59	8.90	7.42
2022.728	75.47	4.57	7.67	12.01	10.60	8.85	7.47
2022.731	75.54	4.59	7.56	12.01	10.61	8.81	7.50
2022.734	75.58	4.65	7.45	12.02	10.61	8.78	7.51
2022.736	75.65	4.68	7.34	12.02	10.62	8.79	7.50
2022.739	75.68	4.74	7.24	12.01	10.84	8.59	7.49
2022.742	75.75	4.86	7.04	12.03	10.85	8.58	7.46
2022.744	75.79	4.92	6.94	12.03	10.86	8.57	7.45
2022.747	75.82	4.99	6.85	12.03	10.87	8.55	7.44
2022.750	75.89	5.01	6.86	11.93	10.90	8.53	7.42
2022.753	75.93	5.07	6.85	11.85	10.91	8.52	7.41
2022.755	76.00	5.10	6.80	11.81	10.92	8.51	7.39
2022.758	76.03	5.16	6.75	11.76	10.95	8.48	7.38
2022.761	76.10	5.19	6.66	11.76	10.96	8.47	7.36
2022.763	76.13	5.25	6.56	11.76	10.98	8.46	7.35
2022.766	76.19	5.29	6.46	11.77	10.97	8.44	7.34
2022.769	76.21	5.47	6.27	11.78	11.00	8.42	7.31
2022.771	76.23	5.54	6.17	11.78	11.01	8.41	7.31
2022.774	76.25	5.62	6.08	11.79	11.02	8.40	7.29
2022.777	76.27	5.70	5.98	11.79	11.05	8.37	7.27
2022.780	76.32	5.74	5.88	11.79	11.06	8.36	7.25
2022.782	76.34	5.82	5.79	11.80	11.07	8.35	7.23
2022.785	76.36	5.89	5.69	11.80	11.11	8.31	7.21
2022.788	76.38	5.87	5.69	11.80	11.16	8.26	7.18
2022.790	76.40	5.85	5.69	11.80	11.20	8.22	7.16
2022.793	76.44	5.81	5.69	11.81	11.24	8.19	7.13
2022.796	76.45	5.80	5.69	11.81	11.29	8.13	7.11
2022.799	76.47	5.78	5.69	11.82	11.33	8.09	7.09
2022.801	76.48	5.77	5.69	11.82	11.29	8.13	7.06
2022.804	76.50	5.75	5.69	11.83	11.34	8.08	7.04
2022.807	76.52	5.73	5.69	11.83	11.32	8.10	7.02
2022.809	76.55	5.70	5.69	11.83	11.26	8.16	6.99
2022.812	76.57	5.68	5.69	11.83	11.25	8.18	6.95
2022.815	76.58	5.67	5.69	11.81	11.30	8.15	7.00
2022.818	76.59	5.65	5.69	11.79	11.18	8.28	7.05
2022.820	76.61	5.64	5.69	11.76	10.95	8.53	7.12
2022.823	76.65	5.60	5.69	11.74	10.71	8.78	7.20
2022.826	76.66	5.59	5.69	11.71	10.62	8.89	7.27
2022.828	76.68	5.57	5.69	11.67	10.63	8.91	7.41
2022.831	76.69	5.56	5.69	11.64	10.65	8.91	7.48
2022.834	76.71	5.54	5.69	11.61	10.68	8.90	7.55
2022.837	76.74	5.50	5.69	11.59	10.70	8.89	7.63
2022.839	76.76	5.49	5.69	11.42	10.86	8.89	7.70
2022.842	76.77	5.47	5.69	11.40	10.89	8.87	7.76
2022.845	76.79	5.46	5.69	11.39	10.90	8.87	7.91
2022.847	76.80	5.44	5.69	11.38	10.90	8.86	7.98
2022.850	76.84	5.41	5.69	11.37	10.91	8.85	8.06
2022.853	76.85	5.39	5.69	11.37	10.91	8.85	8.11
2022.856	76.87	5.38	5.69	11.36	10.92	8.84	8.19
2022.858	76.88	5.36	5.69	11.34	10.93	8.86	8.23
2022.861	76.90	5.35	5.69	11.33	10.94	8.96	8.20
2022.864	76.92	5.33	5.69	11.33	10.94	9.05	8.23
2022.866	76.95	5.29	5.78	11.27	10.91	9.15	8.20
2022.869	76.97	5.28	5.88	11.24	10.83	9.25	8.18
2022.872	76.98	5.26	5.99	11.31	10.65	9.32	8.20
2022.875	76.99	5.25	5.66	11.66	10.63	9.37	8.25
2022.877	77.01	5.23	5.64	11.68	10.63	9.45	8.26
2022.880	77.05	5.21	5.59	11.70	10.64	9.50	8.38
2022.883	77.06	5.21	5.54	11.73	10.65	9.55	8.42
2022.885	77.08	5.22	5.47	11.77	10.67	9.59	8.48
2022.888	77.09	5.22	5.42	11.80	10.68	9.60	8.55
2022.891	77.11	5.23	5.32	11.87	10.69	9.60	8.63
2022.893	77.14	5.21	5.30	11.86	10.70	9.61	8.72
2022.896	77.16	5.22	5.28	11.85	10.72	9.61	8.81
2022.899	77.17	5.22	5.26	11.84	10.73	9.62	8.97
2022.902	77.19	5.23	5.24	11.83	10.74	9.62	9.06
2022.904	77.20	5.23	5.22	11.88	10.70	9.63	9.14
2022.907	77.24	5.22	5.19	11.94	10.65	9.63	9.23
2022.910	77.22	5.26	5.18	12.00	10.59	9.63	9.31
2022.912	77.20	5.30	5.15	11.86	10.74	9.64	9.39
2022.915	77.18	5.34	5.19	11.75	10.80	9.64	9.47
2022.918	77.16	5.37	5.27	11.66	10.80	9.65	9.65
2022.921	77.14	5.42	5.31	11.59	10.80	9.65	9.73
2022.923	77.12	5.45	5.36	11.54	10.80	9.66	9.81
2022.926	77.10	5.50	5.33	11.55	10.80	9.66	9.89
2022.929	77.08	5.53	5.32	11.55	10.81	9.66	9.98
2022.931	77.06	5.58	5.29	11.55	10.81	9.67	10.07
2022.934	77.04	5.61	5.28	11.56	10.80	9.67	10.23
2022.937	77.02	5.66	5.25	11.56	10.80	9.68	10.32
2022.940	77.02	5.67	5.23	11.56	10.81	9.68	10.40
2022.942	77.01	5.70	5.21	11.57	10.81	9.68	10.49
2022.945	77.01	5.72	5.32	11.45	10.81	9.68	10.57
2022.948	77.01	5.75	5.42	11.33	10.81	9.69	10.65
2022.950	77.00	5.77	5.54	11.20	10.81	9.70	10.73
2022.953	77.00	5.79	5.64	11.08	10.80	9.70	10.90
2022.956	77.00	5.81	5.70	11.01	10.81	9.71	10.97
2022.959	77.00	5.84	5.71	10.97	10.81	9.71	11.04
2022.961	76.99	5.86	5.74	10.93	10.81	9.71	11.11
2022.964	76.98	5.89	5.80	10.86	10.80	9.72	11.18
2022.967	76.99	5.90	5.83	10.81	10.81	9.72	11.25
2022.969	76.98	5.81	5.98	10.78	10.82	9.71	11.40
2022.972	76.98	5.73	6.08	10.75	10.84	9.71	11.47
2022.975	76.97	5.65	6.11	10.75	10.90	9.70	11.54
2022.978	76.97	5.55	6.20	10.69	10.99	9.70	11.62
2022.980	76.97	5.47	6.25	10.58	11.14	9.69	11.69
2022.983	76.96	5.41	6.29	10.59	11.17	9.69	11.75
2022.986	76.96	5.40	6.28	10.61	11.19	9.69	11.82
2022.988	76.96	5.41	6.26	10.62	11.21	9.68	11.98
2022.991	76.95	5.40	6.24	10.64	11.23	9.68	12.05
2022.994	76.95	5.43	6.17	10.68	11.25	9.67	12.06
2022.997	76.95	5.40	6.18	10.70	11.27	9.67	12.05
2022.999	76.94	5.43	6.12	10.72	11.31	9.65	12.03
2023.002	76.94	5.43	5.96	10.88	11.33	9.64	12.01
2023.005	76.94	5.35	5.90	11.02	11.35	9.64	12.01
2023.007	76.94	5.29	5.98	10.99	11.37	9.64	11.99
2023.010	76.93	5.21	6.08	10.96	11.39	9.63	11.98
2023.013	76.93	5.14	6.10	11.01	11.41	9.62	11.97
2023.015	76.93	5.08	6.11	11.06	11.43	9.62	11.94
2023.018	76.92	5.01	6.13	11.11	11.45	9.62	11.92
2023.021	76.92	4.93	6.16	11.15	11.47	9.61	11.91
2023.024	76.92	4.85	6.25	11.13	11.50	9.60	11.92
2023.026	76.91	4.80	6.33	11.11	11.51	9.59	11.90
2023.029	76.91	4.72	6.84	10.67	11.54	9.58	11.89
2023.032	76.90	4.71	6.87	10.64	11.56	9.57	11.88
2023.034	76.91	4.69	6.90	10.64	11.56	9.56	11.87
2023.037	76.90	4.68	6.93	10.77	11.43	9.55	11.85
2023.040	76.89	4.65	6.97	10.83	11.38	9.53	11.86
2023.043	76.90	4.64	6.99	10.97	11.24	9.52	11.85
2023.045	76.89	4.61	7.04	11.34	10.87	9.51	11.84
2023.048	76.89	4.61	7.06	11.80	10.41	9.50	11.82
2023.051	76.89	4.60	7.08	11.94	10.29	9.47	11.81
2023.053	76.88	4.57	7.12	12.08	10.18	9.44	11.81
2023.056	76.88	4.56	7.16	12.15	10.13	9.40	11.80
2023.059	76.87	4.53	7.20	12.44	9.90	9.33	11.80
2023.062	76.87	4.52	7.22	13.13	9.23	9.30	11.78
2023.064	76.87	4.50	7.25	13.31	9.09	9.27	11.78
2023.067	76.86	4.49	7.29	13.43	9.06	9.16	11.77
2023.070	76.83	4.49	7.37	13.45	9.06	9.09	11.76
2023.072	76.67	4.64	7.42	13.43	9.12	9.02	11.74
2023.075	76.57	4.71	7.49	13.40	9.25	8.88	11.70
2023.078	76.46	4.81	7.53	13.38	9.31	8.81	11.67
2023.081	76.30	4.96	7.59	13.34	9.37	8.74	11.62
2023.083	76.20	5.03	7.65	13.33	9.50	8.60	11.58
2023.086	76.09	5.12	7.69	13.31	9.56	8.53	11.55
2023.089	75.94	5.24	7.77	13.28	9.62	8.46	11.50
2023.091	75.83	5.34	7.80	13.26	9.71	8.35	11.47
2023.094	75.73	5.42	7.89	13.22	9.68	8.38	11.43
2023.097	75.63	5.50	7.93	13.20	9.66	8.39	11.38
2023.100	75.46	5.64	8.01	13.17	9.65	8.39	11.35
2023.102	75.36	5.72	8.05	13.16	9.63	8.40	11.30
2023.105	75.26	5.80	8.13	13.11	9.62	8.40	11.26
2023.108	75.09	5.95	8.17	13.10	9.60	8.41	11.23
2023.110	75.00	6.04	8.23	13.06	9.58	8.42	11.18
2023.113	74.89	6.11	8.29	13.05	9.57	8.42	11.15
2023.116	74.73	6.26	8.35	13.01	9.55	8.43	11.12
2023.119	74.68	6.28	8.41	12.99	9.55	8.43	11.06
2023.121	74.70	6.25	8.46	12.96	9.53	8.44	11.03
2023.124	74.77	6.15	8.50	12.97	9.51	8.44	10.99
2023.127	74.80	6.11	8.53	12.82	9.64	8.45	10.95
2023.129	74.87	6.01	8.56	12.62	9.84	8.46	10.91
2023.132	74.89	5.99	8.56	12.42	10.04	8.46	10.86
2023.135	74.91	5.98	8.55	12.31	10.14	8.47	10.83
2023.138	74.99	5.91	8.54	12.17	10.27	8.47	10.80
2023.140	75.00	5.89	8.54	12.19	10.26	8.48	10.74
2023.143	75.08	5.83	8.52	12.20	10.25	8.48	10.71
2023.146	75.10	5.81	8.53	12.21	10.22	8.49	10.67
2023.148	75.12	5.81	8.51	12.24	10.20	8.50	10.63
2023.151	75.19	5.74	8.50	12.28	10.16	8.50	10.59
2023.154	75.22	5.72	8.44	12.38	10.14	8.48	10.54
2023.156	75.29	5.65	7.86	12.99	10.13	8.45	10.51
2023.159	75.31	5.63	7.52	13.37	10.20	8.35	10.47
2023.162	75.34	5.63	7.50	13.41	10.24	8.26	10.43
2023.165	75.41	5.56	7.49	13.46	10.31	8.17	10.38
2023.167	75.43	5.55	7.49	13.49	10.37	8.07	10.34
2023.170	75.46	5.52	7.50	13.53	10.42	7.98	10.30
2023.173	75.53	5.46	7.48	13.57	10.48	7.88	10.27
2023.175	75.55	4.99	7.94	13.60	10.52	7.81	10.21
2023.178	75.62	4.42	8.44	13.65	10.47	7.82	10.17
2023.181	75.65	4.37	8.45	13.70	10.44	7.82	10.14
2023.184	75.66	4.31	8.44	13.78	10.41	7.82	10.10
2023.186	75.74	4.22	8.40	13.89	10.32	7.86	10.05
2023.189	74.93	4.99	8.39	13.98	10.17	7.97	10.00
2023.192	73.20	6.70	8.30	14.12	9.91	8.21	9.97
2023.194	72.33	7.52	8.29	14.23	9.74	8.33	9.93
2023.197	71.47	8.37	8.25	14.41	9.49	8.44	9.88
2023.200	70.59	9.21	8.24	14.56	9.34	8.50	9.84
2023.203	69.74	10.04	8.23	14.77	9.15	8.52	9.81
2023.205	69.60	10.17	8.32	14.85	9.00	8.51	9.76
2023.208	69.52	10.23	8.38	14.91	8.91	8.50	9.72
2023.211	69.48	10.27	8.47	15.01	8.74	8.50	9.67
2023.213	69.45	10.28	8.53	15.06	8.66	8.49	9.64
2023.216	69.43	10.30	8.61	15.01	8.64	8.48	9.60
2023.219	69.39	10.32	8.67	15.01	8.61	8.48	9.56
2023.222	69.36	10.33	8.76	14.97	8.59	8.47	9.51
2023.224	69.34	10.34	8.82	15.05	8.48	8.46	9.48
2023.227	69.30	10.37	8.87	15.16	8.33	8.45	9.43
2023.230	69.27	10.38	8.82	15.28	8.30	8.45	9.40
2023.232	69.24	10.40	8.61	15.55	8.24	8.44	9.34
2023.235	69.20	10.43	8.33	15.89	8.22	8.42	9.31
2023.238	69.21	10.41	8.35	15.94	8.18	8.42	9.27
2023.241	69.24	10.38	8.37	15.97	8.15	8.41	9.19
2023.243	69.25	10.35	8.41	15.96	8.15	8.40	9.12
2023.246	69.28	10.31	8.43	15.96	8.15	8.40	9.00
2023.249	69.30	10.27	8.47	15.95	8.14	8.39	8.93
2023.251	69.33	10.23	8.47	15.98	8.15	8.38	8.87
2023.254	69.35	10.19	8.45	16.02	8.15	8.36	8.74
2023.257	69.37	10.17	8.43	15.92	8.30	8.35	8.67
2023.260	69.50	10.02	8.41	15.64	8.62	8.34	8.61
2023.262	69.69	9.82	8.39	15.68	8.63	8.33	8.49
2023.265	69.89	9.61	8.37	15.72	8.64	8.32	8.42
2023.268	70.08	9.45	8.30	15.76	8.66	8.30	8.30
2023.270	70.18	9.37	8.25	15.80	8.67	8.33	8.18
2023.273	70.37	9.21	8.19	15.83	8.69	8.38	8.05
2023.276	70.56	9.04	8.14	15.85	8.72	8.49	7.80
2023.278	70.76	8.86	8.04	15.93	8.74	8.53	7.67
2023.281	70.95	8.70	8.00	15.94	8.77	8.58	7.54
2023.284	71.05	8.62	7.99	15.93	8.80	8.69	7.28
2023.287	71.24	8.46	7.95	15.93	8.82	8.73	7.17
2023.289	71.44	8.28	7.94	15.92	8.85	8.76	6.99
2023.292	71.63	8.10	7.92	15.92	8.85	8.88	6.80
2023.295	71.82	7.94	7.89	15.91	8.85	8.95	6.68
2023.297	72.02	7.77	7.87	15.91	8.85	9.02	6.50
2023.300	72.11	7.75	7.79	15.90	8.84	9.06	6.40
2023.303	72.31	7.59	7.75	15.90	8.84	9.10	6.31
2023.306	72.50	7.44	7.72	15.90	8.84	9.10	6.20
2023.308	72.70	7.32	7.64	15.89	8.83	9.10	6.14
2023.311	72.89	7.17	7.60	15.89	8.83	9.10	6.03
2023.314	72.99	7.15	7.52	15.88	8.83	9.10	5.98
2023.316	73.18	6.99	7.48	15.88	8.82	9.10	5.93
2023.319	73.37	6.84	7.44	15.87	8.82	9.10	5.81
2023.322	73.57	6.72	7.37	15.87	8.82	9.09	5.77
2023.325	73.76	6.57	7.33	15.82	8.89	9.06	5.71
2023.327	73.86	6.55	7.25	15.76	8.97	9.04	5.60
2023.330	74.05	6.39	7.21	15.74	9.01	9.01	5.54
2023.333	74.24	6.24	7.17	15.69	9.08	8.98	5.43
2023.335	74.44	6.12	7.09	15.66	9.13	8.95	5.38
2023.338	74.63	5.97	7.06	15.62	9.19	8.92	5.33
2023.341	74.73	5.95	6.98	15.57	9.26	8.89	5.22
2023.344	74.74	5.98	6.94	15.54	9.31	8.95	5.07
2023.346	74.72	6.03	6.90	15.50	9.38	9.03	4.91
2023.349	74.71	6.12	6.82	15.47	9.42	9.11	4.69
2023.352	74.69	6.18	6.78	15.43	9.49	9.19	4.53
2023.354	74.67	6.27	6.71	15.39	9.55	9.25	4.31
2023.357	74.66	6.33	6.67	15.35	9.69	9.24	4.17
2023.360	74.64	6.38	6.63	15.32	9.77	9.23	4.06
2023.363	74.63	6.47	6.55	15.30	9.85	9.22	3.90
2023.365	74.61	6.53	6.51	15.31	9.92	9.18	3.80
2023.368	74.59	6.58	6.47	15.31	9.95	9.20	3.69
2023.371	74.58	6.68	6.40	15.32	9.96	9.18	3.56
2023.373	74.56	6.66	6.43	15.33	9.98	9.14	3.51
2023.376	74.55	6.63	6.48	15.30	10.03	9.10	3.41
2023.379	74.53	6.60	6.52	15.24	10.12	9.06	3.36
2023.382	74.51	6.58	6.65	15.09	10.21	9.03	3.31
2023.384	74.50	6.55	6.72	14.96	10.35	8.99	3.20
2023.387	74.48	6.52	6.80	14.86	10.43	8.95	3.15
2023.390	74.47	6.49	6.88	14.77	10.52	8.89	3.12
2023.392	74.45	6.46	6.96	14.62	10.66	8.86	3.01
2023.395	74.43	6.44	7.03	14.51	10.75	8.82	2.96
2023.398	74.42	6.45	7.07	14.15	11.10	8.78	3.04
2023.400	74.40	6.49	7.07	14.02	11.24	8.72	3.09
2023.403	74.39	6.53	7.08	13.93	11.32	8.67	3.16
2023.406	74.37	6.56	7.10	13.84	11.39	8.60	3.27
2023.409	74.35	6.59	7.13	13.70	11.51	8.50	3.39
2023.411	74.34	6.54	7.23	13.61	11.58	8.43	3.47
2023.414	74.32	6.48	7.31	13.54	11.66	8.35	3.58
2023.417	74.31	6.43	7.36	13.46	11.78	8.28	3.67
2023.419	74.29	6.33	7.44	13.43	11.85	8.21	3.78
2023.422	74.27	6.28	7.50	13.39	11.92	8.14	3.87
2023.425	74.26	6.23	7.54	13.31	12.04	8.07	3.95
2023.428	74.24	6.18	7.60	13.26	12.11	8.01	4.07
2023.430	74.23	6.10	7.67	13.24	12.17	7.90	4.18
2023.433	74.21	6.05	7.72	13.14	12.30	7.84	4.30
2023.436	74.19	5.99	7.77	13.11	12.36	7.77	4.38
2023.438	74.18	5.94	7.82	13.07	12.42	7.70	4.47
2023.441	74.16	5.89	7.87	12.99	12.52	7.65	4.60
2023.444	74.15	5.79	7.97	12.95	12.57	7.59	4.69
2023.447	74.13	5.76	7.99	12.93	12.61	7.53	4.78
2023.449	74.11	5.74	8.02	12.89	12.66	7.46	4.91
2023.452	74.10	5.71	8.04	12.87	12.70	7.40	5.00
2023.455	74.08	5.69	8.05	12.83	12.75	7.35	5.13
2023.457	74.07	5.69	8.05	12.79	12.81	7.28	5.23
2023.460	74.05	5.69	8.05	12.76	12.85	7.22	5.32
2023.463	74.03	5.68	8.05	12.73	12.90	7.16	5.44
2023.466	74.02	5.66	8.06	12.72	12.93	7.11	5.53
2023.468	74.00	5.66	8.04	12.69	12.99	7.05	5.62
2023.471	74.00	5.64	8.01	12.70	13.02	6.98	5.76
2023.474	74.00	5.62	8.03	12.66	13.06	6.92	5.85
2023.476	74.00	5.61	8.05	12.61	13.11	7.00	5.84
2023.479	73.99	5.59	8.01	12.63	13.14	7.01	5.86
2023.482	73.99	5.57	7.81	12.81	12.64	7.56	5.88
2023.485	73.99	5.55	7.79	12.79	12.71	7.60	5.90
2023.487	73.99	5.53	7.73	12.83	12.77	7.58	5.92
2023.490	73.99	5.50	7.81	12.75	12.92	7.50	5.92
2023.493	73.99	5.48	8.00	12.52	13.03	7.53	5.90
2023.495	73.99	5.46	8.11	12.39	13.18	7.46	5.89
2023.498	73.99	5.44	8.22	12.32	13.21	7.44	5.92
2023.501	73.99	5.43	8.24	12.39	13.19	7.37	5.96
2023.504	73.98	5.41	8.26	12.42	13.22	7.29	6.01
2023.506	73.98	5.37	8.30	12.45	13.19	7.29	6.08
2023.509	73.98	5.32	8.35	12.46	13.17	7.29	6.12
2023.512	73.98	5.28	8.39	12.55	13.06	7.28	6.17
2023.514	73.98	5.19	8.49	12.58	13.03	7.28	6.24
2023.517	73.98	5.15	8.53	12.59	13.01	7.27	6.28
2023.520	73.98	5.10	8.58	12.61	12.97	7.26	6.37
2023.522	73.96	5.08	8.62	12.64	12.93	7.26	6.41
2023.525	73.93	5.05	8.66	12.73	12.85	7.26	6.42
2023.528	73.88	5.03	8.72	12.77	12.80	7.26	6.43
2023.531	73.86	5.01	8.74	12.69	12.90	7.26	6.42
2023.533	73.81	5.02	8.83	12.51	13.02	7.26	6.41
2023.536	73.78	4.98	8.90	12.40	13.12	7.25	6.43
2023.539	73.73	4.98	8.94	12.28	13.22	7.25	6.42
2023.541	73.71	4.93	9.01	12.21	13.29	7.24	6.41
2023.544	73.66	4.94	9.06	12.13	13.35	7.23	6.42
2023.547	73.63	4.92	9.11	12.06	13.41	7.23	6.42
2023.550	73.61	4.90	9.15	11.99	13.48	7.23	6.42
2023.552	73.56	4.90	9.19	11.92	13.54	7.23	6.40
2023.555	73.53	4.85	9.21	11.90	13.60	7.22	6.41
2023.558	73.48	4.86	9.20	11.88	13.67	7.22	6.41
2023.560	73.46	4.82	9.31	11.76	13.72	7.23	6.41
2023.563	73.41	4.82	9.39	11.66	13.78	7.22	6.41
2023.566	73.38	4.77	9.48	11.50	13.92	7.21	6.41
2023.569	73.36	4.76	9.53	11.42	13.98	7.21	6.40
2023.571	73.34	4.72	9.59	11.33	14.04	7.20	6.42
2023.574	73.30	4.72	9.69	11.20	14.11	7.20	6.41
2023.577	73.29	4.69	9.77	11.10	14.17	7.20	6.40
2023.579	73.25	4.65	9.85	11.01	14.23	7.19	6.41
2023.582	73.23	4.62	9.92	10.91	14.30	7.19	6.41
2023.585	73.22	4.57	10.00	10.83	14.35	7.19	6.41
2023.588	73.19	4.56	10.05	10.87	14.30	7.17	6.41
2023.590	73.18	4.52	10.11	10.94	14.21	7.15	6.42
2023.593	73.14	4.49	10.19	11.01	14.11	7.15	6.44
2023.596	73.12	4.46	10.24	11.09	14.01	7.11	6.47
2023.598	73.08	4.45	10.31	11.15	13.92	7.09	6.47
2023.601	73.07	4.42	10.36	11.23	13.83	7.08	6.45
2023.604	73.03	4.41	10.42	11.26	13.78	7.04	6.45
2023.607	73.02	4.34	10.52	11.33	13.69	7.02	6.43
2023.609	72.99	4.32	10.57	11.41	13.60	7.00	6.37
2023.612	72.97	4.29	10.63	11.48	13.52	6.94	6.37
2023.615	72.96	4.26	10.69	11.55	13.45	6.91	6.35
2023.617	72.92	4.23	10.78	11.62	13.37	6.87	6.32
2023.620	72.90	4.20	10.83	11.65	13.34	6.81	6.33
2023.623	72.87	4.19	10.89	11.72	13.27	6.77	6.29
2023.626	72.85	4.16	10.94	11.80	13.21	6.73	6.27
2023.628	72.82	4.14	11.00	11.87	13.14	6.69	6.22
2023.631	72.81	4.06	11.10	11.95	13.07	6.63	6.17
2023.634	72.77	4.06	11.16	12.01	13.00	6.59	6.04
2023.636	72.75	4.03	11.22	12.04	12.97	6.55	5.90
2023.639	72.72	4.02	11.27	12.12	12.90	6.48	5.80
2023.642	72.70	4.01	11.31	12.19	12.83	6.44	5.67
2023.644	72.69	3.97	11.37	12.26	12.76	6.40	5.39
2023.647	72.66	3.97	11.40	12.35	12.68	6.35	5.28
2023.650	72.64	3.96	11.37	12.40	12.66	6.38	5.13
2023.653	72.60	3.97	11.37	12.42	12.66	6.40	4.96
2023.655	72.59	3.96	11.37	12.45	12.64	6.45	4.78
2023.658	72.55	3.94	11.37	12.49	12.64	6.47	4.61
2023.661	72.54	3.93	11.37	12.52	12.63	6.50	4.45
2023.663	72.50	3.94	11.37	12.54	12.62	6.54	4.11
2023.666	72.48	3.93	11.34	12.58	12.61	6.57	3.94
2023.669	72.45	3.91	11.35	12.62	12.60	6.60	3.78
2023.672	72.44	3.90	11.32	12.67	12.59	6.63	3.61
2023.674	72.42	3.88	11.35	12.81	12.44	6.67	3.43
2023.677	72.38	3.90	11.37	12.88	12.36	6.70	3.27
2023.680	72.37	3.88	11.40	13.02	12.21	6.73	3.27
2023.682	72.33	3.87	11.45	13.08	12.13	6.77	3.25
2023.685	72.32	3.86	11.48	13.22	11.97	6.80	3.24
2023.688	72.29	3.86	11.51	13.29	11.90	6.82	3.23
2023.691	72.27	3.85	11.53	13.43	11.76	6.83	3.23
2023.693	72.23	3.86	11.56	13.56	11.62	6.87	3.21
2023.696	72.22	3.82	11.60	13.64	11.55	6.88	3.20
2023.699	72.18	3.83	11.31	14.09	11.40	6.90	3.20
2023.701	72.17	3.82	11.00	14.50	11.33	6.94	3.18
2023.704	72.13	3.86	11.00	14.64	11.19	6.91	3.22
2023.707	72.23	3.76	11.00	14.66	11.16	6.87	3.27
2023.710	72.28	3.71	11.00	14.65	11.16	6.83	3.32
2023.712	72.33	3.66	11.00	14.65	11.16	6.72	3.45
2023.715	72.38	3.61	11.00	14.64	11.16	6.46	3.71
2023.718	72.42	3.57	11.00	14.64	11.16	6.35	3.85
2023.720	72.47	3.52	11.00	14.63	11.20	6.20	3.97
2023.723	72.52	3.47	11.00	14.62	11.25	6.03	4.10
2023.726	72.52	3.46	11.00	14.62	11.36	5.80	4.24
2023.729	72.46	3.53	10.97	14.64	11.56	5.48	4.37
2023.731	72.40	3.58	10.85	14.76	11.59	5.33	4.50
2023.734	72.34	3.65	10.79	14.82	11.60	5.08	4.76
2023.737	72.28	3.70	10.60	15.01	11.60	5.05	4.79
2023.739	72.23	3.77	10.23	15.38	11.49	5.12	4.84
2023.742	72.16	3.84	10.03	15.56	11.24	5.35	4.87
2023.745	72.11	3.91	9.65	15.93	11.15	5.42	4.89
2023.748	72.04	4.00	9.44	16.12	11.15	5.39	4.94
2023.750	71.93	4.12	9.24	16.30	11.17	5.34	4.97
2023.753	71.87	4.20	9.15	16.37	11.20	5.30	4.99
2023.756	71.81	4.27	9.19	16.33	11.23	5.22	5.05
2023.758	71.75	4.34	9.20	16.30	11.26	5.18	5.07
2023.761	71.69	4.41	9.21	16.28	11.33	5.10	5.10
2023.764	71.63	4.49	9.24	16.23	11.40	4.98	5.15
2023.766	71.57	4.56	9.25	16.20	11.43	4.93	5.18
2023.769	71.51	4.63	9.26	16.18	11.38	4.95	5.22
2023.772	71.40	4.77	9.29	16.10	11.36	4.95	5.28
2023.775	71.32	4.86	9.30	16.03	11.36	4.97	5.31
2023.777	71.28	4.92	9.31	15.96	11.38	4.98	5.34
2023.780	71.28	4.93	9.34	15.86	11.41	4.94	5.40
2023.783	71.24	4.96	9.37	15.79	11.44	4.93	5.43
2023.785	71.24	4.88	9.48	15.72	11.48	4.92	5.47
2023.788	71.20	4.84	9.60	15.62	11.51	4.89	5.53
2023.791	71.20	4.81	9.65	15.56	11.54	4.88	5.56
2023.794	71.16	4.77	9.72	15.52	11.57	4.87	5.59
2023.796	71.20	4.68	9.78	15.46	11.52	4.95	5.63
2023.799	71.16	4.74	9.76	15.43	11.40	5.05	5.68
2023.802	71.16	4.73	9.79	15.36	11.29	5.18	5.72
2023.804	71.16	4.73	9.83	15.26	11.14	5.36	5.75
2023.807	71.12	4.76	9.86	15.19	11.14	5.40	5.76
2023.810	71.12	4.75	9.89	15.13	11.17	5.42	5.77
2023.813	71.08	4.78	9.94	14.96	11.27	5.44	5.78
2023.815	71.08	4.81	9.94	14.71	11.49	5.45	5.79
2023.818	71.04	4.82	9.99	14.45	11.72	5.45	5.80
2023.821	71.09	4.45	10.36	14.18	11.95	5.46	5.80
2023.823	71.04	4.34	10.54	13.79	12.31	5.47	5.81
2023.826	71.05	4.22	10.70	13.70	12.35	5.47	5.82
2023.829	71.00	4.31	10.67	13.63	12.39	5.51	5.80
2023.832	71.01	4.35	10.65	13.56	12.44	5.51	5.80
2023.834	71.01	4.39	10.65	13.47	12.53	5.48	5.79
2023.837	71.01	4.43	10.62	13.40	12.67	5.40	5.79
2023.840	71.05	4.43	10.60	13.33	12.78	5.35	5.78
2023.842	71.10	4.43	10.60	13.24	12.95	5.24	5.78
2023.845	71.03	4.54	10.58	13.18	13.02	5.23	5.77
2023.848	70.61	5.05	10.51	13.11	13.04	5.27	5.77
2023.851	70.40	5.30	10.47	13.07	13.08	5.28	5.77
2023.853	69.98	5.77	10.43	13.02	13.13	5.32	5.76
2023.856	69.77	6.02	10.39	12.96	13.19	5.36	5.74
2023.859	69.56	6.28	10.41	12.85	13.24	5.47	5.69
2023.861	69.15	6.74	10.40	12.77	13.18	5.63	5.69
2023.864	68.94	6.99	10.41	12.67	13.21	5.72	5.67
2023.867	68.52	7.47	10.40	12.58	13.24	5.83	5.62
2023.870	68.31	7.68	10.45	12.47	13.27	5.91	5.59
2023.872	68.10	7.89	10.49	12.41	13.28	6.00	5.59
2023.875	67.68	8.31	10.55	12.33	13.27	6.08	5.57
2023.878	67.47	8.52	10.58	12.30	13.26	6.20	5.52
2023.880	67.05	8.94	10.64	12.23	13.20	6.33	5.52
2023.883	66.84	9.15	10.71	12.15	13.17	6.43	5.50
2023.886	66.63	9.36	10.74	12.12	13.17	6.54	5.45
2023.888	66.21	9.78	10.79	12.07	13.15	6.62	5.45
2023.891	66.00	9.99	10.80	12.08	13.11	6.70	5.42
2023.894	65.58	10.41	10.82	12.08	13.09	6.81	5.37
2023.897	65.37	10.62	10.82	12.09	13.04	6.91	5.35
2023.899	65.16	10.83	10.84	12.09	12.98	7.02	5.29
2023.902	64.74	11.25	10.85	12.10	12.93	7.11	5.23
2023.905	64.61	11.38	10.86	12.10	12.89	7.24	5.14
2023.907	64.72	11.27	10.88	12.11	12.84	7.33	5.08
2023.910	64.95	11.04	10.88	12.11	12.80	7.43	5.02
2023.913	65.07	10.92	10.89	12.13	12.75	7.55	4.93
2023.916	65.30	10.69	10.91	12.12	12.70	7.65	4.87
2023.918	65.41	10.58	10.92	12.12	12.66	7.75	4.81
2023.921	65.53	10.46	10.92	12.02	12.72	7.85	4.75
2023.924	65.76	10.23	10.94	11.69	13.00	7.97	4.66
2023.926	65.87	10.12	10.95	11.66	13.01	8.05	4.60
2023.929	66.10	9.89	10.95	11.66	12.99	8.14	4.54
2023.932	66.22	9.77	10.97	11.68	12.92	8.26	4.45
2023.935	66.33	9.66	10.98	11.70	12.88	8.35	4.39
2023.937	66.56	9.43	10.99	11.73	12.81	8.44	4.33
2023.940	66.68	9.31	11.00	11.75	12.76	8.55	4.23
2023.943	66.91	9.09	11.00	11.80	12.68	8.64	4.18
2023.945	67.02	8.99	10.98	11.83	12.63	8.70	4.14
2023.948	67.14	8.89	10.97	11.88	12.57	8.76	4.11
2023.951	67.37	8.67	10.95	11.92	12.50	8.82	4.08
2023.954	67.48	8.57	10.94	11.94	12.46	8.87	4.06
2023.956	67.69	8.37	10.92	11.98	12.40	8.92	4.03
2023.959	67.64	8.45	10.91	12.00	12.36	8.98	4.00
2023.962	67.53	8.59	10.88	12.02	12.32	9.03	3.97
2023.964	67.41	8.72	10.86	12.06	12.27	9.07	3.94
2023.967	67.30	8.84	10.85	12.08	12.39	8.95	3.91
2023.970	67.19	8.97	10.83	12.12	12.67	8.68	3.87
2023.973	67.13	9.04	10.81	12.14	12.68	8.66	3.86
2023.975	67.02	9.17	10.80	12.16	12.66	8.67	3.86
2023.978	66.91	9.30	10.78	12.19	12.61	8.68	3.86
2023.981	66.80	9.42	10.77	12.21	12.58	8.68	3.86
2023.983	66.69	9.55	10.75	12.25	12.54	8.69	3.86
2023.986	66.63	9.64	10.72	12.27	12.51	8.70	3.86
2023.989	66.52	9.77	10.71	12.31	12.46	8.71	3.86
2023.992	66.41	9.89	10.69	12.33	12.44	8.71	3.86
2023.994	66.30	10.02	10.68	12.35	12.41	8.72	3.86
2023.997	66.18	10.15	10.66	12.39	12.33	8.76	3.86
2024.000	66.13	10.22	10.64	12.41	12.30	8.78	3.86
2024.002	66.21	10.15	10.63	12.45	12.22	8.81	3.86
2024.005	66.39	9.98	10.61	12.47	12.19	8.83	3.86
2024.008	66.58	9.83	10.58	12.50	12.11	8.86	3.86
2024.011	66.77	9.65	10.57	12.56	12.03	8.89	3.86
2024.013	66.96	9.48	10.55	12.60	11.97	8.91	3.86
2024.016	67.05	9.42	10.52	12.66	11.88	8.95	3.86
2024.019	67.24	9.27	10.49	12.69	11.82	9.49	3.33
2024.021	67.43	9.11	10.45	12.73	11.75	9.78	3.07
2024.024	67.61	8.96	10.41	12.79	11.68	9.80	3.10
2024.027	67.80	8.81	10.38	12.82	11.61	9.83	3.18
2024.029	67.90	8.75	10.34	12.87	11.54	9.84	3.26
2024.032	68.08	8.64	10.27	12.89	11.50	9.87	3.38
2024.035	68.27	8.49	10.23	12.90	11.46	9.90	3.46
2024.038	68.46	8.33	10.20	12.91	11.43	9.91	3.54
2024.040	68.65	8.18	10.16	12.93	11.39	9.94	3.62
2024.043	68.74	8.12	10.13	12.94	11.37	9.95	3.74
2024.046	68.93	7.97	10.09	12.95	11.33	9.98	3.81
2024.048	69.12	7.82	10.05	12.97	11.30	10.00	3.89
2024.051	69.30	7.67	10.02	12.98	11.26	10.02	4.01
2024.054	69.49	7.52	9.98	13.00	11.23	10.04	4.09
2024.057	69.58	7.50	9.91	13.01	11.19	10.06	4.17
2024.059	69.77	7.34	9.87	13.02	11.15	10.09	4.25
2024.062	69.96	7.19	9.84	13.03	11.13	10.10	4.37
2024.065	70.15	7.04	9.80	13.05	11.08	10.13	4.45
2024.067	70.34	6.91	9.75	13.06	11.06	10.15	4.53
2024.070	70.43	6.89	9.67	13.07	11.02	10.17	4.65
2024.073	70.62	6.75	9.62	13.09	10.99	10.19	4.72
2024.076	70.80	6.56	9.63	13.10	10.95	10.21	4.80
2024.078	70.99	6.42	9.58	13.11	10.92	10.23	4.88
2024.081	71.18	6.26	9.55	13.11	10.89	10.26	5.00
2024.084	71.37	6.15	9.48	13.13	10.85	10.28	5.08
2024.086	71.46	6.23	9.30	13.14	10.82	10.30	5.16
2024.089	71.65	6.12	9.22	13.15	10.78	10.32	5.28
2024.092	71.84	5.97	9.18	13.17	10.75	10.34	5.36
2024.095	72.02	5.81	9.16	13.18	10.72	10.37	5.44
2024.097	72.21	5.65	9.13	13.19	10.69	10.38	5.56
2024.100	72.31	5.59	9.09	13.21	10.65	10.41	5.63
2024.103	72.49	5.48	9.02	13.22	10.62	10.42	5.71
2024.105	72.68	5.33	8.98	13.24	10.59	10.44	5.79
2024.108	72.87	5.18	8.95	13.25	10.57	10.45	5.91
2024.111	72.92	5.16	8.91	13.26	10.55	10.45	5.99
2024.114	72.92	5.19	8.88	13.28	10.52	10.46	6.07
2024.116	72.92	5.23	8.92	13.21	10.51	10.47	6.19
2024.119	72.92	5.27	9.01	13.08	10.48	10.50	6.27
2024.122	72.92	5.28	9.13	12.94	10.45	10.53	6.35
2024.124	72.92	5.28	9.26	12.80	10.42	10.57	6.43
2024.127	72.92	5.28	9.39	12.66	10.37	10.63	6.54
2024.130	72.92	5.28	9.35	12.70	10.34	10.66	6.62
2024.133	72.92	5.28	9.28	12.77	10.30	10.70	6.70
2024.135	72.92	5.28	9.24	12.80	10.26	10.75	6.82
2024.138	72.92	5.28	9.17	12.87	10.25	10.76	6.90
2024.141	72.92	5.28	9.09	12.94	10.26	10.76	6.98
2024.143	72.92	5.28	9.02	13.01	10.25	10.77	7.10
2024.146	72.92	5.28	8.94	13.08	10.25	10.77	7.18
2024.149	72.92	5.28	8.87	13.15	10.25	10.78	7.26
2024.151	72.92	5.28	8.83	13.18	10.25	10.79	7.34
2024.154	72.92	5.28	8.79	13.22	10.25	10.80	7.45
2024.157	72.56	5.65	8.79	13.22	10.24	10.81	7.53
2024.160	72.15	6.05	8.79	13.21	10.24	10.81	7.61
2024.162	71.75	6.46	8.79	13.21	10.25	10.81	7.73
2024.165	71.34	6.86	8.79	13.20	10.25	10.81	7.81
2024.168	70.94	7.27	8.79	13.19	10.26	10.81	7.89
2024.170	70.73	7.47	8.79	13.19	10.26	10.81	7.97
2024.173	70.33	7.88	8.79	13.18	10.27	10.81	8.09
2024.176	69.92	8.28	8.79	13.18	10.27	10.81	8.17
2024.179	69.52	8.69	8.89	13.08	10.28	10.81	8.25
2024.181	69.11	9.10	9.06	12.89	10.28	10.81	8.36
2024.184	68.91	9.30	9.24	12.71	10.29	10.81	8.44
2024.187	68.50	9.70	9.41	12.53	10.29	10.81	8.52
2024.189	68.09	10.11	9.44	12.50	10.30	10.81	8.64
2024.192	67.69	10.52	9.44	12.49	10.30	10.81	8.72
2024.195	67.28	10.92	9.44	12.49	10.31	10.81	8.80
2024.198	67.08	11.12	9.44	12.48	10.31	10.81	8.88
2024.200	66.67	11.53	9.44	12.48	10.32	10.81	8.99
2024.203	66.27	11.94	9.44	12.47	10.32	10.81	9.00
2024.206	65.86	12.34	9.44	12.47	10.33	10.81	9.00
2024.208	65.46	12.75	9.44	12.46	10.33	10.81	9.00
2024.211	65.25	12.95	9.44	12.46	10.34	10.81	9.00
2024.214	64.85	13.36	9.44	12.45	10.34	10.81	9.00
2024.217	64.44	13.76	9.44	12.45	10.35	10.81	9.00
2024.219	64.04	14.17	9.44	12.44	10.35	10.81	9.00
2024.222	63.63	14.57	9.44	12.44	10.36	10.81	9.00
2024.225	63.43	14.78	9.44	12.43	10.36	10.81	9.00
2024.227	63.02	15.18	9.44	12.43	10.37	10.81	9.00
2024.230	62.62	15.59	9.44	12.42	10.37	10.81	9.00
2024.233	62.21	15.99	9.44	12.42	10.38	10.81	9.00
2024.236	61.81	16.40	9.44	12.41	10.38	10.81	9.00
2024.238	61.60	16.60	9.44	12.41	10.38	10.81	9.00
2024.241	61.56	16.65	9.44	12.40	10.39	10.81	9.00
2024.244	61.56	16.65	9.44	12.40	10.40	10.81	9.00
2024.246	61.56	16.65	9.44	12.39	10.40	10.81	9.00
2024.249	61.56	16.65	9.44	12.39	10.41	10.81	9.00
2024.252	61.56	16.65	9.44	12.39	10.41	10.81	9.00
2024.255	61.56	16.65	9.44	12.38	10.42	10.81	9.00
2024.257	61.56	16.65	9.44	12.38	10.42	10.81	9.00
2024.260	61.56	16.65	9.44	12.38	10.42	10.81	9.00
2024.263	61.56	16.65	9.44	12.38	10.42	10.81	9.00
2024.265	61.56	16.65	9.44	12.38	10.42	10.81	9.00
2024.268	61.56	16.65	9.44	12.38	10.42	10.81	9.00
2024.271	61.56	16.65	9.44	12.38	10.42	10.81	9.00
2024.273	61.56	16.65	9.44	12.38	10.42	10.81	9.00
2024.276	61.56	16.65	9.44	12.38	10.42	10.81	9.00
2024.279	61.56	16.65	9.44	12.38	10.42	10.81	9.00
2024.282	61.56	16.65	9.44	12.38	10.42	10.81	9.00
2024.284	61.56	16.65	9.44	12.38	10.42	10.81	9.00
2024.287	61.56	16.65	9.44	12.38	10.42	10.81	9.00
2024.290	61.56	16.65	9.44	12.38	10.42	10.81	9.00
2024.292	61.56	16.65	9.44	12.38	10.42	10.81	9.00
2024.295	61.56	16.65	9.44	12.38	10.42	10.81	9.00
2024.298	61.56	16.65	9.44	12.38	10.42	10.81	9.00
2024.301	61.56	16.65	9.44	12.38	10.42	10.81	9.00
2024.303	61.56	16.65	9.44	12.42	10.38	10.81	9.00
2024.306	61.56	16.65	9.44	12.51	10.29	10.81	9.00
2024.309	61.56	16.65	9.44	12.59	10.20	10.81	9.00
2024.311	61.56	16.65	9.44	12.68	10.11	10.81	9.00
2024.314	61.56	16.65	9.44	12.77	10.02	10.81	9.00
2024.317	61.56	16.65	9.44	12.86	9.94	10.81	9.00
2024.320	61.56	16.65	9.44	12.95	9.85	10.81	9.00
2024.322	61.56	16.65	9.44	13.04	9.76	10.81	9.00
2024.325	61.56	16.65	9.44	13.09	9.70	10.81	9.00
2024.328	61.56	16.65	9.44	13.09	9.71	10.81	9.00
2024.330	61.56	16.65	9.44	13.09	9.71	10.81	9.00
2024.333	61.56	16.65	9.44	13.09	9.71	10.81	9.00
2024.336	61.56	16.65	9.44	13.10	9.69	10.81	9.00
2024.339	61.56	16.65	9.44	13.22	9.58	10.81	9.00
2024.341	61.56	16.65	9.44	13.33	9.46	10.81	9.00
2024.344	61.56	16.65	9.44	13.45	9.35	10.81	9.00
2024.347	61.56	16.65	9.44	13.57	9.23	10.81	9.00
2024.349	61.56	16.65	9.44	13.68	9.11	10.81	9.00
2024.352	61.56	16.65	9.44	13.67	9.13	10.81	9.00
2024.355	61.56	16.65	9.44	13.62	9.17	10.81	9.00
2024.358	61.56	16.65	9.44	13.54	9.26	10.81	9.00
2024.360	61.56	16.65	9.44	13.50	9.30	10.81	9.00
2024.363	61.56	16.65	9.44	13.41	9.38	10.81	9.00
2024.366	61.56	16.65	9.44	13.37	9.42	10.81	9.00
2024.368	61.56	16.65	9.44	13.29	9.51	10.81	9.00
2024.371	61.56	16.65	9.44	13.20	9.59	10.81	9.00
2024.374	61.56	16.65	9.44	13.16	9.63	10.81	9.00
2024.377	61.56	16.65	9.44	13.08	9.72	10.81	9.00
2024.379	61.56	16.65	9.44	13.07	9.72	10.81	9.00
2024.382	61.56	16.65	9.44	13.07	9.72	10.81	9.00
2024.385	61.56	16.65	9.44	13.07	9.72	10.81	9.00
2024.387	61.56	16.65	9.44	13.07	9.72	10.81	9.00
2024.390	61.56	16.65	9.44	13.07	9.72	10.81	9.00
2024.393	61.56	16.65	9.44	13.07	9.73	10.81	9.00
2024.395	61.56	16.62	9.48	13.07	9.73	10.81	9.00
2024.398	61.56	16.55	9.55	13.07	9.73	10.81	9.00
2024.401	61.56	16.48	9.62	13.07	9.73	10.81	9.00
2024.404	61.56	16.44	9.65	13.07	9.73	10.81	9.00
2024.406	61.56	16.37	9.72	13.07	9.73	10.81	9.00
2024.409	61.56	16.30	9.79	13.07	9.73	10.81	9.00
2024.412	61.56	16.23	9.86	13.07	9.73	10.81	9.00
2024.414	61.56	16.16	9.93	13.07	9.73	10.81	9.00
2024.417	61.56	16.13	9.96	13.07	9.73	10.81	9.00
2024.420	61.56	16.06	10.03	13.07	9.73	10.81	9.00
2024.423	61.56	15.99	10.10	13.07	9.73	10.81	9.00
2024.425	61.56	15.92	10.17	13.07	9.73	10.81	9.00
2024.428	61.56	15.85	10.24	13.07	9.73	10.81	9.00
2024.431	61.56	15.78	10.31	13.07	9.73	10.81	9.00
2024.433	61.56	15.75	10.35	13.07	9.73	10.81	9.00
2024.436	61.56	15.68	10.42	13.07	9.73	10.81	9.00
2024.439	61.56	15.61	10.49	13.07	9.73	10.81	9.00
2024.442	61.56	15.56	10.53	13.07	9.73	10.81	9.00
2024.444	61.56	15.53	10.56	13.07	9.73	10.80	9.00
2024.447	61.56	15.50	10.59	13.07	9.80	10.73	9.00
2024.450	61.56	15.49	10.61	13.07	9.95	10.58	9.00
2024.452	61.56	15.46	10.64	13.07	9.95	10.58	9.00
2024.455	61.56	15.43	10.67	13.07	9.95	10.58	9.00
2024.458	61.56	15.40	10.70	13.07	9.95	10.58	9.00
2024.461	61.56	15.37	10.72	13.07	9.95	10.58	9.00
2024.463	61.56	15.37	10.72	13.07	9.95	10.58	9.00
2024.466	61.56	15.37	10.72	13.07	9.95	10.58	9.00
2024.469	61.56	15.37	10.72	13.07	9.95	10.58	9.00
2024.471	61.56	15.37	10.72	13.07	9.95	10.58	9.00
2024.474	61.56	15.37	10.72	13.07	9.95	10.58	9.00
2024.477	61.56	15.37	10.72	13.07	9.95	10.58	9.00
2024.480	61.56	15.37	10.72	13.07	9.95	10.58	9.00
2024.482	61.56	15.37	10.72	13.07	9.95	10.58	9.00
2024.485	61.56	15.37	10.72	13.07	9.95	10.58	9.00
2024.488	61.56	15.37	10.72	13.07	9.95	10.58	9.00