X	Percentil5	Percentil10	Percentil25	Percentil50	Percentil75	Percentil90	Percentil95
2019.501	37.92	8.97	10.27	13.44	13.51	13.20	6.12
2019.504	37.92	8.97	10.27	13.44	13.51	13.20	6.12
2019.507	37.92	8.97	10.27	13.44	13.51	13.20	6.12
2019.510	37.92	8.97	10.27	13.44	13.51	13.20	6.12
2019.512	37.92	8.97	10.27	13.44	13.51	13.20	6.12
2019.515	37.92	8.97	10.27	13.44	13.51	13.20	6.12
2019.518	37.92	8.97	10.27	13.36	13.59	13.20	6.12
2019.521	37.92	8.97	10.27	13.36	13.59	13.20	6.12
2019.523	37.92	8.97	10.27	13.36	13.59	13.20	6.12
2019.526	37.92	8.97	10.27	13.36	13.59	13.20	6.12
2019.529	37.92	8.97	10.27	13.36	13.59	13.20	6.12
2019.532	37.92	8.97	10.27	13.36	13.59	13.20	6.12
2019.534	37.92	8.97	10.27	13.36	13.59	13.20	6.12
2019.537	37.92	8.97	10.27	13.36	13.59	13.20	6.12
2019.540	37.92	8.97	10.27	13.36	13.59	13.20	6.12
2019.542	37.92	8.97	10.27	13.36	13.59	13.20	6.12
2019.545	37.92	8.97	10.27	13.36	13.59	13.20	6.12
2019.548	37.92	8.97	10.27	13.36	13.59	13.20	6.12
2019.551	37.92	8.97	10.27	13.36	13.59	13.20	6.12
2019.553	37.92	8.97	10.27	13.36	13.59	13.20	6.12
2019.556	37.92	8.97	10.27	13.36	13.59	13.20	6.12
2019.559	37.92	8.97	10.44	13.19	13.59	13.20	6.12
2019.562	37.92	8.97	10.44	13.19	13.59	13.20	6.12
2019.564	37.92	8.97	10.44	13.19	13.59	13.20	6.12
2019.567	37.92	8.97	10.44	13.19	13.59	13.20	6.12
2019.570	37.92	8.97	10.44	13.19	13.59	13.20	6.12
2019.573	37.92	8.98	10.44	13.19	13.59	13.20	6.12
2019.575	37.92	8.98	10.43	13.19	13.59	13.20	6.12
2019.578	37.92	8.98	10.43	13.19	13.59	13.20	6.12
2019.581	37.92	8.98	10.43	13.19	13.59	13.20	6.12
2019.584	37.92	8.98	10.43	13.19	13.59	13.20	6.12
2019.586	37.92	8.98	10.43	13.19	13.59	13.20	6.12
2019.589	37.92	8.99	10.43	13.19	13.59	13.20	6.12
2019.592	37.92	8.99	10.42	13.19	13.59	13.20	6.12
2019.595	37.90	9.01	10.42	13.19	13.59	13.20	6.12
2019.597	37.88	9.03	10.42	13.19	13.59	13.20	6.12
2019.600	37.86	9.05	10.42	13.19	13.59	13.20	6.12
2019.603	37.84	9.07	10.42	13.19	13.60	13.19	6.12
2019.605	37.82	9.09	10.43	13.17	13.61	13.18	6.12
2019.608	37.80	9.11	10.43	13.17	13.64	13.15	6.12
2019.611	37.80	9.11	10.42	13.17	13.65	13.14	6.12
2019.614	37.80	9.11	10.42	13.17	13.66	13.13	6.12
2019.616	37.80	9.11	10.42	13.17	13.68	13.11	6.23
2019.619	37.80	9.11	10.42	13.17	13.69	13.10	6.40
2019.622	37.80	9.11	10.42	13.17	13.70	13.09	6.57
2019.625	37.80	9.11	10.42	13.17	13.73	13.06	6.74
2019.627	37.80	9.11	10.42	13.17	13.74	13.05	6.97
2019.630	37.80	9.11	10.42	13.01	13.92	13.04	6.97
2019.633	37.80	9.11	10.42	13.01	13.92	13.04	6.97
2019.636	37.80	9.11	10.42	13.01	13.92	13.04	6.97
2019.638	37.80	9.11	10.44	12.99	13.92	13.04	6.97
2019.641	37.80	9.11	10.44	12.99	13.92	13.04	6.97
2019.644	37.80	9.11	10.44	12.99	13.92	13.04	6.97
2019.647	37.80	9.11	10.44	12.99	13.92	13.04	6.97
2019.649	37.80	9.11	10.44	12.99	13.92	13.04	6.97
2019.652	37.80	9.10	10.45	12.99	13.92	13.04	6.97
2019.655	37.80	9.09	10.46	12.99	13.92	13.04	6.97
2019.658	37.80	9.08	10.45	12.98	13.95	13.04	6.97
2019.660	37.80	9.08	10.46	12.94	13.99	13.04	6.97
2019.663	37.80	9.07	10.47	12.94	13.99	13.03	6.97
2019.666	37.80	9.06	10.47	12.94	13.99	13.03	6.97
2019.668	37.80	9.06	10.48	12.94	13.99	13.03	6.97
2019.671	37.80	9.05	10.48	12.94	13.99	13.03	6.97
2019.674	37.80	9.04	10.50	12.94	13.99	13.03	6.97
2019.677	37.80	9.01	10.52	12.94	13.99	13.03	6.97
2019.679	37.80	8.97	10.57	12.94	13.99	13.03	6.98
2019.682	37.80	8.94	10.59	12.94	13.99	13.02	6.98
2019.685	37.80	8.92	10.62	12.94	13.99	13.02	6.98
2019.688	37.80	8.89	10.64	12.94	13.99	13.02	6.98
2019.690	37.80	8.90	10.63	12.94	13.99	13.02	6.98
2019.693	37.86	8.86	10.62	13.17	13.75	13.02	6.98
2019.696	38.02	8.71	10.61	13.17	13.78	12.99	6.99
2019.699	38.21	8.54	10.59	13.17	13.77	13.00	6.99
2019.701	38.41	8.36	10.58	13.12	13.82	13.00	6.99
2019.704	38.50	8.27	10.57	13.08	13.84	13.01	6.99
2019.707	38.50	8.28	10.51	13.06	13.91	13.01	6.99
2019.710	38.50	8.31	10.47	13.05	13.95	13.01	6.99
2019.712	38.50	8.32	10.47	12.99	13.99	13.01	6.99
2019.715	38.50	8.33	10.48	12.96	13.99	13.00	7.00
2019.718	38.50	8.35	10.49	12.94	13.99	13.00	7.00
2019.721	38.50	8.36	10.48	12.94	14.01	12.99	7.00
2019.723	38.50	8.36	10.48	12.96	14.00	12.97	7.00
2019.726	38.50	8.36	10.48	12.99	13.99	12.95	6.89
2019.729	38.53	8.33	10.46	13.04	13.95	12.96	6.67
2019.732	38.60	8.26	10.46	13.07	13.92	12.96	6.45
2019.734	38.74	8.00	10.59	13.10	13.89	12.96	6.23
2019.737	38.81	7.80	10.71	13.14	13.85	12.96	6.15
2019.740	38.88	7.65	10.80	13.17	13.82	12.80	6.30
2019.742	38.91	7.52	10.90	13.19	13.80	12.79	6.32
2019.745	38.91	7.47	10.95	13.19	13.80	12.79	6.32
2019.748	38.91	7.46	10.95	12.95	14.04	12.79	6.32
2019.751	38.91	7.49	10.92	12.95	14.04	12.79	6.32
2019.753	38.91	7.53	10.89	12.95	14.04	12.79	6.32
2019.756	38.91	7.45	10.97	12.95	14.04	12.79	6.32
2019.759	38.91	7.26	11.15	12.95	14.05	12.78	6.32
2019.762	38.91	7.26	11.15	12.95	14.06	12.77	6.32
2019.764	38.91	7.25	11.17	12.94	14.07	12.76	6.32
2019.767	38.91	7.23	11.19	12.94	14.08	12.68	6.38
2019.770	38.91	7.18	11.25	12.94	14.28	12.47	6.39
2019.773	38.91	7.07	11.36	12.94	14.28	12.47	6.40
2019.775	38.91	7.10	11.33	12.91	14.30	12.47	6.40
2019.778	38.91	7.11	11.31	12.91	14.30	12.35	6.51
2019.781	38.91	7.12	11.31	12.91	14.30	12.35	6.52
2019.784	38.91	7.12	11.31	12.91	14.30	12.34	6.52
2019.786	38.91	7.08	11.35	12.91	14.30	12.34	6.53
2019.789	38.91	7.02	11.40	12.91	14.30	12.33	6.54
2019.792	38.91	6.92	11.51	12.91	14.30	12.32	6.54
2019.795	38.91	6.80	11.63	12.91	14.30	12.32	6.55
2019.797	38.91	6.73	11.70	12.91	14.30	12.31	6.55
2019.800	38.91	6.74	11.70	12.92	14.28	12.31	6.56
2019.803	38.91	6.74	11.70	12.92	14.28	12.30	6.57
2019.805	38.91	6.75	11.69	12.92	14.28	12.29	6.57
2019.808	38.91	6.75	11.69	12.92	14.28	12.28	6.58
2019.811	38.91	6.76	11.73	12.88	14.28	12.28	6.59
2019.814	38.91	6.76	11.77	12.83	14.28	12.27	6.59
2019.816	38.91	6.78	11.77	12.82	14.28	12.26	6.60
2019.819	38.91	6.83	11.74	12.79	14.28	12.26	6.61
2019.822	38.91	6.85	11.73	12.78	14.28	12.25	6.61
2019.825	38.91	6.88	11.73	12.76	14.28	12.25	6.62
2019.827	38.91	6.95	11.67	12.74	14.28	12.24	6.62
2019.830	38.93	6.99	11.65	12.72	14.35	12.17	6.63
2019.833	38.94	7.01	11.62	12.70	14.36	12.16	6.63
2019.836	38.96	7.08	11.56	12.68	14.37	12.15	6.63
2019.838	38.92	7.14	11.56	12.66	14.37	12.14	6.63
2019.841	38.81	7.25	11.56	12.77	14.25	12.14	6.63
2019.844	38.71	7.37	11.56	12.88	14.13	12.14	6.64
2019.847	38.53	7.56	11.55	12.88	14.09	12.18	6.64
2019.849	38.53	7.56	11.59	12.83	14.13	12.14	6.64
2019.852	38.49	7.61	11.58	12.83	14.13	12.14	6.64
2019.855	38.40	7.72	11.56	12.83	14.16	12.10	6.64
2019.858	38.30	7.83	11.55	12.83	14.13	12.13	6.64
2019.860	38.20	7.94	11.54	12.64	14.32	12.13	6.65
2019.863	38.10	8.04	11.54	12.67	14.29	12.13	6.65
2019.866	37.91	8.24	11.53	12.72	14.23	12.14	6.65
2019.868	37.85	8.32	11.52	12.83	14.04	12.23	6.65
2019.871	37.78	8.39	11.51	12.83	13.94	12.31	6.65
2019.874	37.72	8.48	11.49	12.83	13.94	12.31	6.65
2019.877	37.65	8.55	11.47	12.85	13.94	12.31	6.65
2019.879	37.59	8.62	11.42	12.88	13.88	12.37	6.66
2019.882	37.52	8.70	11.41	12.88	13.82	12.43	6.66
2019.885	37.46	8.77	11.37	12.92	13.83	12.42	6.66
2019.888	37.39	8.85	11.22	12.82	14.09	12.40	6.66
2019.890	37.26	8.99	11.11	12.92	14.10	12.39	6.66
2019.893	37.20	9.07	11.09	12.92	14.11	12.38	6.66
2019.896	37.13	9.14	11.08	12.92	14.12	12.39	6.64
2019.899	37.07	9.22	11.07	12.92	14.13	12.39	6.63
2019.901	37.04	9.25	11.05	12.94	14.14	12.42	6.59
2019.904	37.04	9.26	11.04	12.94	14.16	12.44	6.55
2019.907	37.04	9.27	11.03	12.94	14.12	12.52	6.51
2019.910	37.06	9.26	11.04	12.90	14.08	12.63	6.46
2019.912	37.09	9.23	11.03	12.90	14.06	12.68	6.43
2019.915	37.16	9.18	11.01	12.90	14.01	12.74	6.43
2019.918	37.20	9.16	11.00	12.90	13.97	12.77	6.43
2019.921	37.23	9.13	10.99	12.90	13.93	12.81	6.43
2019.923	37.27	9.11	10.97	12.91	13.86	12.88	6.43
2019.926	37.30	9.08	10.96	12.89	13.85	12.91	6.43
2019.929	37.33	9.06	10.95	12.86	14.11	12.68	6.43
2019.932	37.37	9.03	10.94	12.84	14.11	12.70	6.43
2019.934	37.44	8.98	10.92	12.81	14.12	12.72	6.43
2019.937	37.47	8.96	10.91	12.79	14.12	12.74	6.43
2019.940	37.51	9.36	10.48	12.76	14.13	12.76	6.43
2019.942	37.54	9.57	10.22	12.73	14.16	12.78	6.43
2019.945	37.57	9.56	10.19	12.70	14.16	12.80	6.43
2019.948	37.61	9.52	10.20	12.68	14.20	12.79	6.43
2019.951	37.64	9.27	10.42	12.62	14.21	12.84	6.43
2019.953	37.68	9.12	10.53	12.63	14.18	12.86	6.43
2019.956	37.75	8.84	10.74	12.62	14.15	12.90	6.43
2019.959	37.78	8.73	10.82	12.68	14.07	12.92	6.43
2019.962	37.81	8.71	10.81	12.74	13.98	12.94	6.43
2019.964	37.85	8.68	10.80	12.78	13.90	12.99	6.43
2019.967	37.88	8.66	10.79	12.72	13.95	12.99	6.43
2019.970	37.92	8.63	10.78	12.67	14.00	13.00	6.43
2019.973	37.97	8.60	10.76	12.71	13.93	13.02	6.45
2019.975	38.07	8.51	10.66	12.88	13.83	13.04	6.46
2019.978	38.12	8.46	10.61	12.76	13.98	13.06	6.47
2019.981	38.14	8.46	10.62	12.58	14.13	13.08	6.48
2019.984	38.13	8.48	10.55	12.53	14.22	13.08	6.49
2019.986	38.11	8.46	10.58	12.55	14.26	13.03	6.50
2019.989	38.09	8.42	10.64	12.57	14.28	12.99	6.51
2019.992	38.08	8.11	11.12	12.43	14.26	12.99	6.52
2019.995	38.07	7.74	11.52	12.43	14.24	12.99	6.54
2019.997	38.06	7.37	11.90	12.47	14.21	12.99	6.55
2020.000	38.05	7.07	12.20	12.50	14.19	12.99	6.56
2020.003	38.04	7.00	12.29	12.50	14.17	12.99	6.57
2020.005	38.03	7.02	12.28	12.52	14.12	13.02	6.58
2020.008	38.02	7.05	12.26	12.54	14.04	13.08	6.59
2020.011	38.00	7.09	12.23	12.74	13.85	13.08	6.62
2020.014	37.99	7.11	12.05	12.89	13.86	13.09	6.63
2020.016	37.98	7.14	12.03	12.88	13.88	13.09	6.64
2020.019	37.97	7.11	12.07	12.86	13.90	13.09	6.61
2020.022	37.78	7.13	12.24	12.84	13.91	13.09	6.60
2020.025	37.59	7.31	12.25	12.83	13.93	13.09	6.58
2020.027	37.40	7.50	12.26	12.81	13.95	13.10	6.56
2020.030	37.20	7.69	12.27	12.79	13.96	13.10	6.52
2020.033	37.03	7.85	12.28	12.77	14.07	13.01	6.50
2020.036	37.01	7.85	12.32	12.72	14.09	13.03	6.49
2020.038	37.00	7.85	12.34	12.69	14.07	13.07	6.51
2020.041	36.99	7.86	12.37	12.65	14.07	13.08	6.53
2020.044	36.98	7.86	12.38	12.62	14.06	13.10	6.55
2020.047	36.97	7.86	12.44	12.62	14.02	13.11	6.59
2020.049	36.96	7.86	12.49	12.72	13.88	13.11	6.61
2020.052	36.95	7.86	12.47	12.71	13.92	13.12	6.63
2020.055	36.94	7.87	12.49	12.65	13.88	13.20	6.68
2020.058	36.93	7.87	12.52	12.58	13.89	13.24	6.70
2020.060	36.92	7.87	12.54	12.56	13.89	13.26	6.68
2020.063	36.90	7.87	12.55	12.57	13.86	13.28	6.66
2020.066	36.88	7.89	12.57	12.57	13.81	13.32	6.63
2020.068	36.87	7.89	12.58	12.58	13.78	13.34	6.56
2020.071	36.86	7.89	12.60	12.59	13.75	13.36	6.51
2020.074	36.85	7.89	12.60	12.53	13.77	13.40	6.47
2020.077	36.84	7.89	12.61	12.52	13.77	13.42	6.43
2020.079	36.83	7.90	12.60	12.55	13.80	13.37	6.38
2020.082	36.82	7.89	12.62	12.57	14.01	13.15	6.33
2020.085	36.81	7.89	12.63	12.56	14.03	13.16	6.24
2020.088	36.80	7.89	12.63	12.54	14.04	13.17	6.19
2020.090	36.80	7.89	12.58	12.56	14.08	13.18	6.19
2020.093	36.79	7.88	12.60	12.54	14.10	13.19	6.19
2020.096	36.79	7.88	12.62	12.52	14.11	13.19	6.19
2020.099	36.78	7.88	12.63	12.49	14.24	13.09	6.20
2020.101	36.76	7.89	12.64	12.52	14.21	13.09	6.20
2020.104	36.75	7.89	12.66	12.43	14.37	13.03	6.20
2020.107	36.75	7.88	12.68	12.40	14.45	12.98	6.20
2020.110	36.74	7.88	12.70	12.43	14.48	12.93	6.20
2020.112	36.73	7.88	12.67	12.49	14.50	12.88	6.20
2020.115	36.73	7.88	12.69	12.48	14.54	12.85	6.20
2020.118	36.72	7.87	12.74	12.44	14.55	12.85	6.20
2020.121	36.71	7.87	12.67	12.49	14.57	12.86	6.20
2020.123	36.71	7.87	12.71	12.47	14.51	12.92	6.20
2020.126	36.70	7.87	12.70	12.58	14.34	13.02	6.20
2020.129	36.69	7.86	12.64	12.69	14.13	13.20	6.19
2020.132	36.69	7.86	12.65	12.77	13.97	13.28	6.19
2020.134	36.68	7.85	12.66	12.82	13.92	13.29	6.19
2020.137	36.68	7.85	12.67	12.90	13.82	13.31	6.19
2020.140	36.66	7.86	12.69	12.83	13.88	13.32	6.18
2020.142	36.65	7.86	12.70	12.51	14.20	13.34	6.18
2020.145	36.64	7.86	12.71	12.38	14.33	13.34	6.17
2020.148	36.64	7.86	12.72	12.36	14.34	13.35	6.16
2020.151	36.63	7.85	12.74	12.34	14.33	13.40	6.14
2020.153	36.62	7.92	12.67	12.32	14.34	13.43	6.12
2020.156	36.62	8.06	12.47	12.35	14.37	13.48	6.08
2020.159	36.61	8.14	12.40	12.33	14.37	13.49	6.07
2020.162	36.61	8.21	12.34	12.32	14.38	13.51	6.06
2020.164	36.60	8.28	12.27	12.30	14.38	13.52	6.06
2020.167	36.59	8.33	12.23	12.28	14.39	13.51	6.08
2020.170	36.58	8.22	12.23	12.39	14.40	13.50	6.09
2020.173	36.58	8.16	12.29	12.38	14.41	13.50	6.11
2020.175	36.57	8.10	12.36	12.36	14.42	13.50	6.11
2020.178	36.56	8.05	12.42	12.33	14.44	13.51	6.12
2020.181	36.55	7.99	12.49	12.31	14.45	13.52	6.11
2020.184	36.54	8.02	12.47	12.29	14.46	13.55	6.08
2020.186	36.53	8.08	12.42	12.28	14.47	13.58	6.07
2020.189	36.53	8.19	12.31	12.26	14.48	13.60	6.05
2020.192	36.52	8.24	12.26	12.25	14.49	13.62	6.04
2020.195	36.51	8.30	12.21	12.23	14.52	13.62	6.02
2020.197	36.51	8.36	12.16	12.21	14.67	13.51	6.01
2020.200	36.50	8.41	12.11	12.20	14.68	13.50	6.01
2020.203	36.50	8.52	12.01	12.16	14.69	13.53	6.01
2020.205	36.49	8.54	12.00	12.18	14.61	13.59	6.01
2020.208	36.48	8.56	11.98	12.25	14.51	13.61	6.02
2020.211	36.48	8.58	12.03	12.24	14.44	13.64	6.02
2020.214	36.47	8.60	12.08	12.20	14.38	13.66	6.02
2020.216	36.45	8.63	12.07	12.22	14.33	13.69	6.02
2020.219	36.45	8.66	12.04	12.21	14.32	13.71	6.03
2020.222	36.44	8.68	12.03	12.17	14.35	13.72	6.03
2020.225	36.43	8.70	12.02	12.19	14.32	13.73	6.03
2020.227	36.43	8.72	11.95	12.22	14.34	13.73	6.04
2020.230	36.42	8.74	11.89	12.23	14.35	13.74	6.04
2020.233	36.41	8.76	11.86	12.23	14.37	13.75	6.04
2020.236	36.40	8.79	11.83	12.18	14.54	13.63	6.05
2020.238	36.40	8.81	11.82	12.15	14.64	13.56	6.05
2020.241	36.39	8.83	11.80	12.12	14.76	13.46	6.05
2020.244	36.39	8.85	11.79	12.09	14.79	13.46	6.05
2020.247	36.39	8.86	11.78	12.06	14.82	13.45	6.06
2020.249	36.39	8.89	11.78	12.01	14.85	13.45	6.06
2020.252	36.38	8.91	11.80	11.92	14.90	13.42	6.09
2020.255	36.38	8.92	11.81	11.87	14.93	13.39	6.12
2020.258	36.38	8.93	11.78	11.85	14.96	13.26	6.25
2020.260	36.38	8.95	11.75	11.84	14.99	13.19	6.32
2020.263	36.38	8.96	11.73	11.83	15.02	13.13	6.38
2020.266	36.38	8.99	11.69	11.78	15.07	13.12	6.39
2020.268	36.39	8.98	11.66	11.77	15.16	13.06	6.39
2020.271	36.41	8.98	11.64	11.75	15.20	13.05	6.39
2020.274	36.42	8.98	11.63	11.72	15.21	13.07	6.39
2020.277	36.44	8.98	11.61	11.70	15.22	13.09	6.39
2020.279	36.45	8.97	11.61	11.74	15.15	13.11	6.39
2020.282	36.46	8.96	11.61	11.85	15.13	13.03	6.39
2020.285	36.48	8.94	11.61	11.90	15.15	12.96	6.39
2020.288	36.49	8.93	11.64	11.92	15.10	12.96	6.38
2020.290	36.51	8.90	11.70	11.88	15.05	13.00	6.38
2020.293	36.52	8.86	11.77	11.74	15.11	13.04	6.38
2020.296	36.53	8.83	11.76	11.71	15.13	13.07	6.38
2020.299	36.55	8.79	11.68	11.76	15.12	13.13	6.38
2020.301	36.57	8.76	11.70	11.75	15.13	13.13	6.38
2020.304	36.58	8.72	11.72	11.76	15.08	13.18	6.38
2020.307	36.59	8.69	11.74	11.76	15.00	13.26	6.37
2020.310	36.61	8.66	11.76	11.65	15.04	13.34	6.37
2020.312	36.62	8.63	11.78	11.62	15.06	13.35	6.36
2020.315	36.64	8.59	11.78	11.64	15.06	13.35	6.36
2020.318	36.66	8.55	11.71	11.79	15.01	13.35	6.36
2020.321	36.67	8.52	11.68	11.90	14.95	13.35	6.35
2020.323	36.68	8.49	11.60	12.03	14.92	13.35	6.35
2020.326	36.70	8.46	11.61	12.08	14.88	13.36	6.34
2020.329	36.71	8.42	11.62	12.11	14.87	13.36	6.34
2020.332	36.72	8.39	11.63	12.12	14.86	13.36	6.33
2020.334	36.73	8.36	11.63	12.15	14.86	13.35	6.34
2020.337	36.75	8.32	11.64	12.16	14.86	13.33	6.36
2020.340	36.77	8.26	11.66	12.18	14.85	13.30	6.38
2020.342	36.79	8.21	11.68	12.18	14.88	13.30	6.39
2020.345	36.80	8.11	11.76	12.12	14.95	13.29	6.39
2020.348	36.81	8.00	11.84	12.11	14.98	13.28	6.40
2020.351	36.82	7.81	12.00	12.06	15.05	13.27	6.41
2020.353	36.84	7.70	12.09	12.03	15.09	13.28	6.40
2020.356	36.85	7.59	12.24	11.97	15.10	13.28	6.39
2020.359	36.87	7.50	12.34	11.94	15.10	13.28	6.39
2020.362	36.89	7.47	12.41	11.88	15.11	13.29	6.38
2020.364	36.91	7.42	12.42	11.87	15.14	13.30	6.37
2020.367	36.92	7.45	12.33	11.90	15.17	13.29	6.37
2020.370	36.94	7.46	12.25	11.98	15.14	13.29	6.37
2020.373	36.95	7.46	12.13	12.07	15.16	13.28	6.38
2020.375	36.96	7.47	12.09	12.02	15.23	13.27	6.38
2020.378	36.98	7.47	12.07	12.00	15.26	13.27	6.38
2020.381	37.00	7.41	12.10	11.98	15.29	13.26	6.38
2020.384	37.02	7.32	12.17	11.95	15.31	13.26	6.38
2020.386	37.04	7.23	12.24	11.93	15.32	13.27	6.39
2020.389	37.05	7.15	12.32	11.89	15.35	13.29	6.39
2020.392	37.06	7.06	12.39	11.88	15.32	13.32	6.39
2020.395	37.08	6.97	12.46	11.85	15.33	13.34	6.39
2020.397	37.09	6.81	12.61	11.83	15.33	13.36	6.39
2020.400	37.11	6.76	12.62	11.82	15.33	13.38	6.39
2020.403	37.13	6.75	12.61	11.82	15.28	13.45	6.40
2020.405	37.14	6.74	12.61	11.85	15.16	13.53	6.40
2020.408	37.16	6.72	12.60	11.88	15.09	13.56	6.40
2020.411	37.18	6.71	12.63	11.89	15.04	13.59	6.40
2020.414	37.19	6.70	12.62	11.92	14.95	13.64	6.40
2020.416	37.21	6.69	12.62	11.95	14.89	13.67	6.41
2020.419	37.22	6.67	12.62	11.99	14.80	13.72	6.44
2020.422	37.24	6.66	12.61	11.97	14.74	13.79	6.47
2020.425	37.25	6.65	12.61	11.93	14.71	13.86	6.50
2020.427	37.27	6.64	12.61	11.89	14.68	13.93	6.53
2020.430	37.29	6.61	12.62	11.83	14.68	13.97	6.56
2020.433	37.31	6.60	12.63	11.78	14.72	13.96	6.59
2020.436	37.32	6.54	12.69	11.83	14.65	13.97	6.62
2020.438	37.34	6.55	12.67	11.81	14.71	13.93	6.65
2020.441	37.35	6.61	12.60	11.78	14.74	13.91	6.68
2020.444	37.37	6.68	12.55	11.74	14.79	13.88	6.71
2020.447	37.38	6.70	12.52	11.71	14.86	13.87	6.71
2020.449	37.40	6.54	12.68	11.67	14.93	13.88	6.67
2020.452	37.41	6.42	12.78	11.60	15.03	13.86	6.70
2020.455	37.44	6.35	12.75	11.68	15.07	13.81	6.76
2020.458	37.45	6.31	12.78	11.67	15.09	13.78	6.79
2020.460	37.47	6.27	12.85	11.63	15.14	13.73	6.83
2020.463	37.48	6.24	12.92	11.57	15.17	13.71	6.86
2020.466	37.50	6.19	12.99	11.49	15.25	13.66	6.89
2020.468	37.51	6.09	13.10	11.50	15.20	13.68	6.92
2020.471	37.53	5.99	13.19	11.51	15.16	13.69	6.95
2020.474	37.54	5.89	13.29	11.51	15.12	13.72	6.98
2020.477	37.57	5.78	13.37	11.51	15.11	13.74	7.01
2020.479	37.58	5.68	13.44	11.46	15.15	13.75	7.05
2020.482	37.60	5.62	13.46	11.49	15.16	13.74	7.08
2020.485	37.61	5.61	13.43	11.51	15.16	13.73	7.10
2020.488	37.63	5.60	13.44	11.49	15.11	13.78	7.13
2020.490	37.64	5.59	13.41	11.52	15.06	13.83	7.15
2020.493	37.66	5.58	13.36	11.57	15.04	13.84	7.19
2020.496	37.67	5.57	13.34	11.61	15.00	13.86	7.21
2020.499	37.68	5.56	13.32	11.68	14.92	13.89	7.23
2020.501	37.71	5.54	13.29	11.70	14.90	13.90	7.23
2020.504	37.73	5.53	13.27	11.72	14.87	13.93	7.23
2020.507	37.74	5.52	13.24	11.74	14.85	13.95	7.23
2020.510	37.76	5.51	13.23	11.76	14.83	13.96	7.23
2020.512	37.77	5.50	13.21	11.74	14.83	13.99	7.23
2020.515	37.78	5.49	13.21	11.72	14.83	14.01	7.24
2020.518	37.80	5.48	13.20	11.68	14.83	14.05	7.24
2020.521	37.81	5.47	13.20	11.68	14.78	14.09	7.24
2020.523	37.83	5.46	13.12	11.78	14.70	14.15	7.24
2020.526	37.86	5.44	13.08	11.86	14.65	14.15	7.24
2020.529	37.87	5.43	13.05	11.91	14.62	14.16	7.24
2020.532	37.88	5.40	13.06	11.92	14.59	14.19	7.24
2020.534	37.89	5.37	13.06	11.95	14.55	14.21	7.24
2020.537	37.89	5.34	13.06	11.97	14.52	14.24	7.24
2020.540	37.87	5.22	13.19	11.98	14.49	14.27	7.24
2020.542	37.82	5.27	13.17	12.01	14.46	14.30	7.24
2020.545	37.75	5.34	13.14	12.04	14.43	14.33	7.24
2020.548	37.70	5.39	13.13	12.05	14.43	14.33	7.24
2020.551	37.65	5.44	13.11	12.07	14.43	14.33	7.25
2020.553	37.62	5.47	13.08	12.10	14.43	14.33	7.25
2020.556	37.55	5.55	13.07	12.14	14.34	14.38	7.25
2020.559	37.46	5.64	13.02	12.22	14.31	14.38	7.25
2020.562	37.37	5.51	13.12	12.37	14.28	14.38	7.25
2020.564	37.27	5.58	13.06	12.47	14.27	14.38	7.25
2020.567	37.18	5.69	13.05	12.39	14.34	14.38	7.25
2020.570	37.07	5.80	13.05	12.37	14.35	14.38	7.25
2020.573	36.98	5.90	13.05	12.36	14.35	14.38	7.25
2020.575	36.89	6.00	13.06	12.35	14.41	14.32	7.25
2020.578	36.80	6.10	13.06	12.34	14.41	14.31	7.26
2020.581	36.63	6.48	12.86	12.32	14.41	14.30	7.27
2020.584	36.54	6.57	12.87	12.32	14.41	14.29	7.28
2020.586	36.29	6.82	12.85	12.34	14.40	14.28	7.34
2020.589	36.06	7.05	12.82	12.37	14.40	14.29	7.40
2020.592	35.99	7.13	12.77	12.42	14.40	14.30	7.46
2020.595	35.93	7.18	12.68	12.51	14.40	14.30	7.57
2020.597	35.88	7.24	12.66	12.53	14.40	14.32	7.55
2020.600	35.83	7.29	12.73	12.47	14.39	14.32	7.56
2020.603	35.77	7.35	12.72	12.47	14.39	14.31	7.56
2020.605	35.71	7.41	12.70	12.49	14.39	14.30	7.57
2020.608	35.69	7.43	12.69	12.51	14.39	14.30	7.58
2020.611	35.66	7.47	12.74	12.46	14.39	14.29	7.59
2020.614	35.62	7.50	12.74	12.39	14.46	14.28	7.59
2020.616	35.58	7.53	12.71	12.34	14.52	14.29	7.60
2020.619	35.50	7.60	12.66	12.41	14.47	14.62	7.32
2020.622	35.40	7.70	12.67	12.41	14.47	14.62	7.32
2020.625	35.20	8.05	12.60	12.33	14.48	14.61	7.32
2020.627	35.10	8.12	12.62	12.49	14.35	14.58	7.32
2020.630	34.98	8.18	12.68	12.49	14.37	14.55	7.32
2020.633	34.96	8.18	12.69	12.50	14.37	14.55	7.32
2020.636	34.94	8.24	12.65	12.50	14.34	14.58	7.32
2020.638	34.94	8.28	12.61	12.51	14.32	14.61	7.32
2020.641	34.92	8.34	12.57	12.51	14.31	14.62	7.32
2020.644	34.90	8.39	12.53	12.52	14.37	14.55	7.32
2020.647	34.87	8.49	12.46	12.52	14.36	14.55	7.32
2020.649	34.85	8.54	12.42	12.53	14.36	14.55	7.32
2020.652	34.84	8.59	12.36	12.55	14.36	14.55	7.32
2020.655	34.82	8.64	12.30	12.58	14.36	14.55	7.32
2020.658	34.80	8.67	12.34	12.45	14.44	14.55	7.32
2020.660	34.80	8.69	12.40	12.40	14.36	14.62	7.32
2020.663	34.80	8.68	12.62	12.21	14.34	14.62	7.32
2020.666	34.81	8.61	12.77	12.11	14.34	14.62	7.32
2020.668	34.74	8.69	12.91	11.96	14.34	14.62	7.32
2020.671	34.59	8.82	12.81	12.09	14.33	14.62	7.32
2020.674	34.53	8.86	12.83	11.98	14.45	14.62	7.32
2020.677	34.52	8.84	12.92	11.89	14.48	14.61	7.32
2020.679	34.49	8.85	12.99	11.84	14.47	14.62	7.32
2020.682	34.46	8.84	13.08	11.78	14.45	14.64	7.32
2020.685	34.42	8.86	12.99	11.89	14.43	14.63	7.35
2020.688	34.39	8.89	12.94	11.95	14.41	14.63	7.38
2020.690	34.35	8.94	13.03	11.86	14.39	14.63	7.40
2020.693	34.31	8.98	13.00	11.88	14.36	14.62	7.43
2020.696	34.24	9.06	12.98	11.90	14.34	14.62	7.45
2020.699	34.12	9.18	12.95	11.98	14.25	14.62	7.48
2020.701	33.95	9.36	12.92	12.09	14.14	14.58	7.53
2020.704	33.83	9.48	12.88	12.11	14.14	14.59	7.54
2020.707	33.72	9.61	12.85	12.13	14.15	14.57	7.55
2020.710	33.60	9.73	12.83	12.19	14.15	14.53	7.55
2020.712	33.42	9.91	12.80	12.25	14.26	14.44	7.50
2020.715	33.26	10.08	12.78	12.27	14.26	14.56	7.38
2020.718	33.19	10.17	12.75	12.29	14.31	14.56	7.33
2020.721	33.12	10.25	12.75	12.27	14.25	14.62	7.33
2020.723	33.05	10.32	12.76	12.26	14.25	14.62	7.33
2020.726	32.98	10.34	12.82	12.28	14.24	14.60	7.33
2020.729	32.90	10.41	12.80	12.32	14.25	14.56	7.33
2020.732	32.85	10.48	12.72	12.36	14.31	14.55	7.33
2020.734	32.80	10.55	12.61	12.44	14.31	14.55	7.33
2020.737	32.77	10.59	12.51	12.53	14.30	14.55	7.33
2020.740	32.74	10.63	12.41	12.62	14.30	14.55	7.33
2020.742	32.70	10.68	12.38	12.64	14.30	14.55	7.33
2020.745	32.69	10.70	12.37	12.64	14.30	14.55	7.33
2020.748	32.73	10.68	12.35	12.65	14.30	14.55	7.33
2020.751	32.86	10.57	12.34	12.65	14.30	14.55	7.33
2020.753	32.92	10.52	12.32	12.65	14.29	14.55	7.33
2020.756	32.99	10.47	12.29	12.67	14.29	14.55	7.33
2020.759	33.05	10.41	12.29	12.67	14.33	14.91	6.93
2020.762	33.11	10.36	12.28	12.66	14.33	14.93	6.91
2020.764	33.18	10.31	12.27	12.41	14.57	14.93	6.91
2020.767	33.31	10.19	12.26	12.41	14.55	14.95	6.92
2020.770	33.38	10.15	12.25	12.39	14.54	14.95	6.92
2020.773	33.44	10.10	12.24	12.42	14.51	14.94	6.94
2020.775	33.51	10.05	12.23	12.38	14.54	14.94	6.94
2020.778	33.56	10.00	12.23	12.37	14.54	14.93	6.95
2020.781	33.63	9.94	12.25	12.50	14.38	14.93	6.95
2020.784	33.69	9.89	12.22	12.63	14.27	14.92	6.96
2020.786	33.83	9.76	12.22	12.63	14.22	14.97	6.97
2020.789	33.89	9.71	12.22	12.63	14.19	14.97	6.97
2020.792	33.95	9.65	12.24	12.68	14.12	14.97	6.97
2020.795	34.09	9.52	12.49	12.43	14.10	14.97	6.98
2020.797	34.24	9.32	12.43	12.55	14.11	14.97	6.98
2020.800	34.39	9.21	12.27	12.77	14.01	14.97	6.98
2020.803	34.53	9.11	12.20	12.80	13.99	14.97	6.99
2020.805	34.75	8.91	12.19	12.86	13.94	14.97	7.00
2020.808	34.85	8.83	12.19	12.83	13.95	14.97	7.01
2020.811	34.92	8.76	12.18	12.80	13.97	14.97	7.01
2020.814	35.07	8.62	12.18	12.78	13.99	14.97	7.02
2020.816	35.14	8.56	12.17	12.78	13.99	14.99	7.02
2020.819	35.22	8.49	12.06	12.89	13.99	15.01	7.00
2020.822	35.19	8.51	12.06	12.89	13.99	15.06	6.97
2020.825	35.15	8.56	12.05	12.89	13.98	15.09	6.95
2020.827	35.10	8.61	12.05	12.79	14.09	15.10	6.94
2020.830	34.90	8.81	12.05	12.75	14.13	15.12	6.92
2020.833	34.79	8.93	12.05	12.74	14.14	15.14	6.91
2020.836	34.67	9.05	12.04	12.72	14.16	15.17	6.90
2020.838	34.52	9.20	12.04	12.71	14.17	15.19	6.89
2020.841	34.41	9.32	12.04	12.71	14.17	15.21	6.88
2020.844	34.29	9.43	12.05	12.70	14.17	15.25	6.84
2020.847	34.18	9.55	12.04	12.71	14.17	15.28	6.82
2020.849	34.07	9.66	12.04	12.67	14.21	15.24	6.87
2020.852	34.00	9.73	12.04	12.71	14.17	15.18	6.94
2020.855	33.96	9.76	12.05	12.72	14.16	15.12	7.00
2020.858	33.93	9.78	12.05	12.72	14.16	15.06	7.07
2020.860	33.86	9.85	12.18	12.71	14.05	15.00	7.13
2020.863	33.83	9.88	12.16	12.67	14.10	14.89	7.25
2020.866	33.80	9.91	12.14	12.64	14.16	14.83	7.32
2020.868	33.76	9.93	12.25	12.55	14.15	14.79	7.36
2020.871	33.73	9.95	12.32	12.49	14.19	14.73	7.38
2020.874	33.70	9.96	12.34	12.49	14.21	14.70	7.40
2020.877	33.67	10.00	12.35	12.48	14.21	14.69	7.41
2020.879	33.63	10.03	12.35	12.53	14.16	14.69	7.41
2020.882	33.60	10.07	12.35	12.48	14.21	14.68	7.42
2020.885	33.53	10.14	12.35	12.47	14.21	14.67	7.42
2020.888	33.50	10.18	12.77	12.20	14.06	14.66	7.43
2020.890	33.49	10.20	12.71	12.25	14.06	14.66	7.43
2020.893	33.51	10.18	12.68	12.28	14.05	14.66	7.43
2020.896	33.55	10.14	12.65	12.31	14.02	14.68	7.44
2020.899	33.68	10.02	12.58	12.40	13.96	14.70	7.44
2020.901	33.75	9.95	12.55	12.42	13.99	14.67	7.44
2020.904	33.82	9.88	12.51	12.45	14.05	14.63	7.45
2020.907	33.89	9.82	12.37	12.58	14.06	14.62	7.45
2020.910	33.96	9.75	12.38	12.57	14.06	14.61	7.46
2020.912	34.03	9.68	12.38	12.58	14.04	14.61	7.46
2020.915	34.10	9.61	12.35	12.62	14.03	14.60	7.46
2020.918	34.17	9.54	12.32	12.62	14.27	14.39	7.45
2020.921	34.31	9.40	12.26	12.69	14.22	14.42	7.45
2020.923	34.38	9.33	12.23	12.74	14.20	14.42	7.45
2020.926	34.45	9.26	12.20	12.77	14.20	14.42	7.45
2020.929	34.53	9.19	12.14	12.82	14.20	14.41	7.45
2020.932	34.60	9.12	12.11	12.85	14.20	14.41	7.44
2020.934	34.67	9.05	12.12	12.85	14.20	14.41	7.44
2020.937	34.74	8.98	12.15	12.81	14.21	14.41	7.44
2020.940	34.81	8.91	12.23	12.73	14.22	14.40	7.43
2020.942	34.82	8.90	12.35	12.64	14.20	14.38	7.43
2020.945	34.83	8.90	12.44	12.63	14.21	14.29	7.43
2020.948	34.83	8.90	12.44	12.71	14.07	14.37	7.41
2020.951	34.83	8.90	12.44	12.74	14.05	15.09	6.67
2020.953	34.83	8.89	12.39	12.79	14.05	15.04	6.71
2020.956	34.83	8.89	12.37	12.82	14.05	14.86	6.89
2020.959	34.84	8.89	12.36	12.86	14.04	14.60	7.21
2020.962	34.90	8.83	12.38	12.85	14.04	14.35	7.52
2020.964	34.94	8.81	12.40	12.85	14.02	14.26	7.86
2020.967	34.91	8.85	12.41	12.86	14.00	14.25	7.82
2020.970	34.88	8.92	12.23	13.04	13.97	14.23	7.78
2020.973	34.85	9.03	12.34	12.85	13.98	14.22	7.73
2020.975	34.82	9.11	12.32	12.85	13.97	14.22	7.64
2020.978	34.79	9.15	12.35	12.85	13.95	14.22	7.57
2020.981	34.76	9.18	12.36	12.90	13.89	14.32	7.40
2020.984	34.77	9.18	12.38	12.93	13.86	14.28	7.35
2020.986	34.74	9.21	12.41	12.90	13.86	14.22	7.30
2020.989	34.70	9.26	12.42	12.90	13.87	14.15	7.35
2020.992	34.71	9.27	12.44	12.88	13.87	14.11	7.35
2020.995	34.73	9.27	12.43	12.92	13.86	14.08	7.36
2020.997	34.74	9.27	12.45	12.97	13.78	14.05	7.37
2021.000	34.76	9.28	12.41	13.33	13.47	14.00	7.37
2021.003	34.77	9.28	12.35	13.38	13.52	13.96	7.37
2021.005	34.85	9.22	12.32	13.40	13.57	13.90	7.37
2021.008	34.86	9.23	12.28	13.41	13.62	13.85	7.36
2021.011	34.88	9.23	12.26	13.42	13.67	13.80	7.36
2021.014	34.83	9.29	12.25	13.41	13.68	13.80	7.35
2021.016	34.76	9.39	12.34	13.30	13.68	13.80	7.35
2021.019	34.76	9.40	12.32	13.27	13.74	14.72	6.40
2021.022	34.77	9.41	12.31	13.29	13.94	14.45	6.43
2021.025	34.78	9.43	12.28	13.30	14.04	14.33	6.44
2021.027	34.78	9.43	12.27	13.35	14.33	13.96	6.61
2021.030	34.80	9.45	12.24	13.38	14.33	13.92	6.79
2021.033	34.80	9.45	12.23	13.38	14.37	13.86	6.81
2021.036	34.81	9.46	12.21	13.42	14.36	13.82	6.82
2021.038	34.82	9.46	12.21	13.44	14.34	13.78	6.84
2021.041	34.82	9.47	12.21	13.51	14.29	13.76	6.84
2021.044	34.83	9.47	12.21	13.54	14.30	13.78	6.78
2021.047	34.84	9.46	12.18	13.58	14.30	14.14	6.39
2021.049	34.85	9.46	12.17	13.63	14.29	14.11	6.39
2021.052	34.86	9.46	12.17	13.66	14.29	14.08	6.39
2021.055	34.86	9.38	12.26	13.67	14.32	14.01	6.39
2021.058	34.87	9.28	12.37	13.69	14.34	13.95	6.39
2021.060	34.88	9.24	12.41	13.72	14.35	13.90	6.39
2021.063	34.89	9.24	12.43	13.70	14.31	13.94	6.39
2021.066	34.90	9.24	12.43	13.69	14.36	13.89	6.39
2021.068	34.90	9.24	12.43	13.68	14.39	13.86	6.39
2021.071	34.91	9.24	12.43	13.68	14.39	13.80	6.45
2021.074	34.92	9.24	12.43	13.67	14.40	13.64	6.60
2021.077	34.93	9.23	12.43	13.66	14.42	13.51	6.71
2021.079	34.94	9.23	12.43	13.65	14.44	13.38	6.81
2021.082	34.94	9.23	12.44	13.64	14.39	13.32	6.92
2021.085	34.95	9.23	12.43	13.65	14.39	13.22	7.02
2021.088	34.96	9.23	12.40	13.67	14.39	13.16	7.08
2021.090	34.96	9.23	12.37	13.69	14.39	13.12	7.12
2021.093	34.98	9.22	12.32	13.74	14.39	13.04	7.19
2021.096	34.98	9.22	12.29	13.76	14.38	13.03	7.22
2021.099	34.97	9.24	12.29	13.75	14.16	13.28	7.19
2021.101	34.96	9.25	12.29	13.75	14.03	13.35	7.24
2021.104	34.96	9.27	12.26	13.81	14.03	13.28	7.27
2021.107	34.88	9.35	12.26	13.85	14.12	13.12	7.30
2021.110	34.82	9.41	12.25	13.77	14.33	12.98	7.32
2021.112	34.79	9.45	12.15	13.86	14.39	12.90	7.33
2021.115	34.74	9.48	12.12	13.91	14.39	12.90	7.33
2021.118	34.69	9.40	12.23	13.94	14.39	12.90	7.32
2021.121	34.55	9.62	12.10	13.98	14.39	12.84	7.47
2021.123	34.58	9.65	12.02	14.00	14.39	12.77	7.57
2021.126	34.58	9.70	11.96	14.02	14.32	12.74	7.65
2021.129	34.59	9.69	11.93	14.05	14.30	12.72	7.63
2021.132	34.69	9.59	11.90	14.07	14.33	12.67	7.62
2021.134	34.76	9.53	11.87	14.09	14.36	12.65	7.61
2021.137	34.83	9.46	11.84	14.11	14.38	12.62	7.61
2021.140	34.88	9.48	11.75	14.14	14.37	12.63	7.61
2021.142	34.88	9.67	11.55	14.16	14.34	12.66	7.61
2021.145	34.86	9.74	11.47	14.18	14.32	12.69	7.61
2021.148	34.86	9.75	11.42	14.23	14.26	12.61	7.74
2021.151	34.85	9.76	11.41	14.22	14.23	12.52	7.86
2021.153	34.86	9.76	11.43	14.20	14.26	12.43	7.91
2021.156	34.84	9.74	11.49	14.21	14.30	12.37	7.91
2021.159	34.84	9.70	11.56	14.16	14.36	12.34	7.91
2021.162	34.83	9.52	11.75	14.15	14.39	12.30	7.91
2021.164	34.83	9.59	11.71	14.12	14.48	12.21	7.91
2021.167	34.81	9.67	11.67	14.10	14.54	12.15	7.91
2021.170	34.81	9.73	11.62	14.05	14.57	12.16	7.91
2021.173	34.81	9.76	11.62	14.04	14.53	12.17	7.92
2021.175	34.80	9.79	11.61	14.05	14.49	12.19	7.92
2021.178	34.79	9.82	11.62	14.03	14.48	12.21	7.92
2021.181	34.78	9.85	11.61	14.06	14.42	12.22	7.92
2021.184	34.78	9.87	11.62	14.04	14.39	12.24	7.92
2021.186	34.78	9.89	11.61	14.09	14.32	12.24	7.92
2021.189	34.77	9.92	11.62	14.12	14.26	12.25	7.92
2021.192	34.76	9.92	11.63	14.10	14.26	12.26	7.92
2021.195	34.76	9.93	11.65	14.07	14.31	12.20	7.92
2021.197	34.75	9.94	11.66	14.05	14.36	12.17	7.92
2021.200	34.75	9.94	11.68	14.02	14.43	12.09	7.92
2021.203	34.74	9.96	11.69	14.13	14.36	12.05	7.92
2021.205	34.73	9.97	11.71	14.10	14.43	11.98	7.92
2021.208	34.73	9.98	11.71	14.09	14.46	11.95	7.91
2021.211	34.99	9.73	11.71	14.09	14.54	11.89	7.90
2021.214	35.32	9.40	11.74	14.05	14.61	11.83	7.89
2021.216	35.33	9.39	11.76	14.03	14.65	11.80	7.88
2021.219	35.34	9.40	11.74	14.03	14.68	11.78	7.86
2021.222	35.34	9.41	11.73	14.03	14.66	11.81	7.85
2021.225	35.35	9.42	11.69	14.05	14.64	11.85	7.83
2021.227	35.36	9.55	11.58	14.03	14.62	11.88	7.82
2021.230	35.36	9.63	11.49	14.03	14.60	11.91	7.83
2021.233	35.38	9.66	11.45	14.03	14.57	11.95	7.82
2021.236	35.38	9.67	11.43	14.03	14.55	11.99	7.82
2021.238	35.39	9.73	11.37	14.03	14.51	12.02	7.85
2021.241	35.40	9.83	11.26	14.03	14.48	12.16	7.74
2021.244	35.40	9.93	11.15	14.03	14.46	12.22	7.71
2021.247	35.41	10.04	11.04	14.03	14.44	12.30	7.64
2021.249	35.42	10.22	10.84	14.03	14.42	12.33	7.63
2021.252	35.43	10.28	10.77	14.03	14.40	12.35	7.62
2021.255	35.44	10.26	10.79	13.99	14.41	12.37	7.61
2021.258	35.44	10.34	10.71	13.90	14.45	12.41	7.60
2021.260	35.45	10.35	10.71	13.84	14.47	12.44	7.58
2021.263	35.46	10.35	10.67	13.82	14.49	12.47	7.56
2021.266	35.47	10.36	10.66	13.78	14.51	12.50	7.54
2021.268	35.48	10.35	10.66	13.78	14.49	12.54	7.53
2021.271	35.48	10.34	10.63	13.83	14.35	12.66	7.51
2021.274	35.49	10.34	10.61	13.88	14.32	12.74	7.43
2021.277	35.50	10.33	10.57	13.85	14.39	12.79	7.38
2021.279	35.51	10.33	10.54	13.87	14.39	12.84	7.33
2021.282	35.52	10.32	10.50	13.92	14.37	12.91	7.28
2021.285	35.52	10.29	10.50	13.94	14.35	12.99	7.23
2021.288	35.53	10.24	10.52	13.96	14.33	13.06	7.27
2021.290	35.54	10.21	10.52	14.00	14.34	13.05	7.38
2021.293	35.54	10.18	10.52	14.05	14.35	13.03	7.39
2021.296	35.56	10.15	10.53	14.12	14.30	13.03	7.39
2021.299	35.56	10.09	10.55	14.21	14.23	13.03	7.40
2021.301	35.57	10.02	10.58	14.26	14.22	13.02	7.41
2021.304	35.58	9.96	10.61	14.29	14.25	12.99	7.41
2021.307	35.58	9.92	10.57	14.43	14.15	13.04	7.41
2021.310	35.60	9.88	10.57	14.47	14.17	13.00	7.39
2021.312	35.57	9.89	10.56	14.49	14.13	13.02	7.36
2021.315	35.52	9.93	10.60	14.47	14.14	12.98	7.35
2021.318	35.49	9.89	10.67	14.50	14.13	12.89	7.38
2021.321	35.47	9.88	10.68	14.63	14.06	12.82	7.37
2021.323	35.52	9.79	10.70	14.64	14.14	12.73	7.38
2021.326	35.63	9.64	10.72	14.59	14.24	12.66	7.36
2021.329	35.45	9.75	10.78	14.59	14.22	12.67	7.35
2021.332	35.44	9.73	10.81	14.58	14.23	12.61	7.41
2021.334	35.40	9.75	10.87	14.48	14.23	12.61	7.44
2021.337	35.38	9.75	10.97	14.41	14.24	12.57	7.47
2021.340	35.34	9.72	11.15	14.19	14.36	12.54	7.49
2021.342	35.30	9.76	11.18	14.12	14.42	12.52	7.50
2021.345	35.26	9.78	11.21	14.00	14.47	12.56	7.51
2021.348	35.22	9.73	11.33	13.98	14.35	12.67	7.51
2021.351	35.22	9.74	11.34	14.09	14.29	12.60	7.52
2021.353	35.20	9.75	11.36	14.02	14.36	12.56	7.52
2021.356	35.20	9.73	11.41	13.93	14.47	12.53	7.51
2021.359	35.19	9.69	11.47	13.97	14.47	12.47	7.47
2021.362	35.18	9.68	11.51	13.99	14.46	12.44	7.47
2021.364	35.19	9.68	11.51	13.97	14.51	12.40	7.48
2021.367	35.17	9.70	11.49	13.94	14.59	12.36	7.48
2021.370	35.17	9.82	11.38	13.93	14.62	12.36	7.49
2021.373	35.15	9.84	11.42	13.84	14.55	12.45	7.50
2021.375	35.16	9.83	11.40	13.86	14.47	12.53	7.51
2021.378	35.18	9.81	11.38	13.88	14.40	12.61	7.52
2021.381	35.18	9.87	11.33	13.88	14.40	12.59	7.52
2021.384	35.19	9.87	11.43	13.79	14.40	12.58	7.52
2021.386	35.19	9.84	11.46	13.81	14.40	12.57	7.52
2021.389	35.19	9.82	11.37	13.91	14.41	12.55	7.52
2021.392	35.21	9.81	11.26	13.99	14.44	12.54	7.52
2021.395	35.22	9.81	11.23	14.00	14.45	12.56	7.52
2021.397	35.21	9.81	11.21	14.02	14.40	12.61	7.52
2021.400	35.22	9.80	11.19	14.04	14.34	12.66	7.51
2021.403	35.21	9.81	11.14	14.08	14.24	12.76	7.51
2021.405	35.19	9.84	11.13	14.11	14.17	12.81	7.51
2021.408	35.20	9.88	11.06	14.14	14.11	12.87	7.51
2021.411	35.17	9.96	10.99	14.13	14.12	12.89	7.51
2021.414	35.17	9.92	11.12	14.02	14.17	12.87	7.51
2021.416	35.14	9.92	11.16	13.98	14.21	12.85	7.51
2021.419	35.13	9.93	11.16	13.94	14.16	12.93	7.51
2021.422	35.13	9.94	11.05	14.03	14.04	13.06	7.50
2021.425	35.09	9.95	11.02	14.06	13.96	13.19	7.50
2021.427	35.06	9.97	11.02	14.04	13.97	13.20	7.50
2021.430	35.02	10.02	11.02	14.04	13.97	13.20	7.50
2021.433	35.00	10.04	11.01	14.09	13.91	13.21	7.50
2021.436	34.96	10.09	11.03	14.04	13.91	13.23	7.50
2021.438	34.94	10.12	11.08	13.93	13.94	13.24	7.50
2021.441	34.91	10.15	11.27	13.71	13.95	13.26	7.49
2021.444	34.87	10.20	11.28	13.64	13.98	13.30	7.49
2021.447	34.85	10.22	11.30	13.58	14.01	13.34	7.47
2021.449	34.81	10.22	11.45	13.43	14.00	13.40	7.45
2021.452	34.75	10.28	11.45	13.38	14.04	13.49	7.38
2021.455	34.54	10.50	11.45	13.36	14.04	13.57	7.32
2021.458	34.43	10.60	11.45	13.30	14.04	13.59	7.37
2021.460	34.24	10.80	11.44	13.28	14.00	13.59	7.43
2021.463	34.03	11.01	11.44	13.25	13.97	13.61	7.47
2021.466	33.84	11.17	11.48	13.20	13.95	13.65	7.49
2021.468	33.71	11.31	11.55	13.11	13.85	13.76	7.50
2021.471	33.52	11.50	11.59	13.05	13.82	13.80	7.52
2021.474	33.31	11.72	11.56	13.04	13.80	13.84	7.54
2021.477	33.17	11.86	11.59	13.01	13.80	13.85	7.53
2021.479	33.15	11.87	11.62	12.96	13.82	13.86	7.52
2021.482	33.19	11.84	11.65	12.92	13.82	13.85	7.53
2021.485	33.23	11.83	11.56	12.98	13.83	13.85	7.53
2021.488	33.23	11.84	11.51	13.04	13.80	13.85	7.52
2021.490	33.27	11.82	11.52	13.05	13.76	13.84	7.46
2021.493	33.33	11.78	11.53	13.10	13.69	13.84	7.46
2021.496	33.38	11.73	11.58	13.08	13.66	13.84	7.46
2021.499	33.40	11.72	11.60	13.06	13.72	13.76	7.45
2021.501	33.44	11.68	11.64	12.98	13.75	13.77	7.44
2021.504	33.49	11.63	11.66	12.88	13.77	13.81	7.43
2021.507	33.55	11.59	11.71	12.80	13.79	13.83	7.42
2021.510	33.57	11.57	11.73	12.75	13.80	13.84	7.41
2021.512	33.61	11.54	11.78	12.74	13.76	13.84	7.39
2021.515	33.66	11.49	11.80	12.76	13.71	13.84	7.38
2021.518	33.68	11.43	11.89	12.74	13.67	13.84	7.36
2021.521	33.74	11.34	11.96	12.74	13.65	13.84	7.34
2021.523	33.79	11.29	12.01	12.71	13.62	13.84	7.33
2021.526	33.83	11.25	12.03	12.73	13.58	13.84	7.32
2021.529	33.85	11.19	12.12	12.74	13.51	13.84	7.31
2021.532	33.90	11.12	12.04	12.85	13.50	13.84	7.29
2021.534	33.96	11.07	11.90	12.95	13.54	13.84	7.28
2021.537	33.97	11.03	11.82	13.15	13.44	13.84	7.26
2021.540	34.02	10.94	11.70	13.36	13.35	13.89	7.24
2021.542	34.07	10.86	11.57	13.55	13.17	14.02	7.23
2021.545	34.12	10.79	11.61	13.56	13.14	14.03	7.21
2021.548	34.14	10.73	11.65	13.61	13.10	14.03	7.20
2021.551	34.18	10.66	11.68	13.61	13.10	14.02	7.23
2021.553	34.17	10.65	11.73	13.46	13.23	14.01	7.09
2021.556	34.16	10.61	11.80	12.98	13.70	14.01	7.10
2021.559	34.15	10.60	11.83	12.96	13.71	13.80	7.31
2021.562	34.14	10.56	11.89	12.95	13.72	13.73	7.39
2021.564	34.14	10.54	11.93	12.94	13.71	13.69	7.42
2021.567	34.14	10.52	12.00	12.89	13.67	13.72	7.43
2021.570	34.14	10.47	12.12	12.77	13.69	13.74	7.42
2021.573	34.16	10.43	12.18	12.66	13.73	13.77	7.45
2021.575	34.17	10.40	12.14	12.64	13.79	13.27	8.00
2021.578	34.19	10.34	12.20	12.62	13.75	13.29	8.06
2021.581	34.20	10.30	12.27	12.56	13.69	13.37	8.07
2021.584	34.23	10.22	12.27	12.60	13.67	13.59	7.91
2021.586	34.25	10.18	12.33	12.55	13.68	13.78	7.74
2021.589	34.26	10.15	12.43	12.46	13.69	13.92	7.63
2021.592	34.26	10.16	12.45	12.42	13.73	13.88	7.69
2021.595	34.21	10.23	12.48	12.38	13.80	13.82	7.71
2021.597	34.15	10.29	12.50	12.33	13.87	13.76	7.72
2021.600	34.03	10.44	12.44	12.50	13.82	13.73	7.70
2021.603	33.98	10.48	12.34	12.55	13.95	13.76	7.62
2021.605	33.92	10.34	12.38	12.64	14.07	13.74	7.58
2021.608	33.87	10.31	12.41	12.66	14.10	13.72	7.54
2021.611	33.70	10.45	12.40	12.70	14.07	13.75	7.57
2021.614	33.53	10.61	12.35	12.75	13.78	14.03	7.59
2021.616	33.36	10.81	12.40	12.66	13.80	14.02	7.61
2021.619	33.00	11.19	12.56	12.47	13.81	14.00	7.62
2021.622	32.83	11.39	12.51	12.49	13.82	14.00	7.62
2021.625	32.65	11.59	12.49	12.38	13.92	13.99	7.62
2021.627	32.54	11.72	12.52	12.31	13.94	13.99	7.63
2021.630	32.44	11.85	12.43	12.38	13.94	13.81	7.80
2021.633	32.34	12.01	12.30	12.46	13.93	13.80	7.81
2021.636	32.26	12.12	12.22	12.53	13.92	13.78	7.82
2021.638	32.28	12.12	12.17	12.55	13.92	13.77	7.83
2021.641	32.31	12.13	12.13	12.58	13.92	13.74	7.85
2021.644	32.33	12.13	12.08	12.61	13.92	13.72	7.91
2021.647	32.35	11.73	12.43	12.62	13.92	13.71	8.08
2021.649	32.37	11.49	12.80	12.47	13.93	13.70	8.28
2021.652	32.40	11.47	13.03	12.16	14.09	13.60	8.42
2021.655	32.42	11.44	13.23	11.73	14.52	13.40	8.49
2021.658	32.44	11.42	13.21	11.76	14.53	13.37	8.57
2021.660	32.47	11.43	13.13	11.83	14.56	13.30	8.65
2021.663	32.49	11.43	13.03	11.91	14.55	13.29	8.71
2021.666	32.51	11.43	12.93	11.97	14.49	13.35	8.72
2021.668	32.51	11.50	12.83	11.80	14.75	13.29	8.73
2021.671	32.46	11.57	12.73	11.66	14.99	13.25	8.73
2021.674	32.38	11.68	12.63	11.75	14.97	13.24	8.74
2021.677	32.34	11.79	12.49	11.74	15.04	13.24	8.74
2021.679	32.32	11.84	12.39	11.81	15.04	13.24	8.73
2021.682	32.25	11.99	12.25	11.88	15.04	13.24	8.73
2021.685	32.20	12.07	12.31	11.77	14.97	13.32	8.72
2021.688	32.16	12.16	12.17	11.87	14.75	13.54	8.72
2021.690	32.13	12.26	12.11	11.86	14.76	13.56	8.69
2021.693	32.13	12.30	12.08	11.76	14.86	13.57	8.68
2021.696	32.12	12.30	12.09	11.85	14.77	13.58	8.66
2021.699	32.09	12.18	12.21	11.87	14.77	13.61	8.61
2021.701	32.13	12.00	12.36	11.79	15.13	13.36	8.51
2021.704	32.17	11.84	12.48	11.79	15.31	13.24	8.24
2021.707	32.19	11.83	12.47	11.81	15.46	13.09	8.19
2021.710	32.12	11.91	12.42	11.87	15.31	13.24	8.17
2021.712	32.05	11.99	12.37	11.94	15.22	13.33	8.16
2021.715	31.98	12.07	12.41	11.90	15.16	13.42	8.13
2021.718	31.91	12.14	12.43	11.86	15.10	13.52	8.10
2021.721	31.64	12.36	12.57	11.78	15.06	13.57	8.11
2021.723	31.53	12.38	12.65	11.79	15.06	13.56	8.13
2021.726	31.52	12.43	12.58	11.83	15.04	13.56	8.14
2021.729	31.52	12.45	12.53	11.84	15.06	13.56	8.15
2021.732	31.52	12.47	12.49	11.84	15.08	13.56	8.17
2021.734	31.49	12.52	12.47	11.82	15.09	13.60	8.13
2021.737	31.45	12.58	12.45	11.84	15.07	13.61	8.12
2021.740	31.41	12.65	12.48	11.80	15.06	13.62	8.12
2021.742	31.41	12.67	12.42	11.84	15.06	13.61	8.12
2021.745	31.41	12.68	12.39	11.85	15.19	13.49	8.13
2021.748	31.41	12.68	12.39	11.85	15.32	13.36	8.14
2021.751	31.35	12.75	12.38	11.85	15.58	13.10	8.14
2021.753	31.29	12.82	12.38	11.80	15.76	12.97	8.15
2021.756	31.28	12.83	12.38	11.76	15.93	12.84	8.18
2021.759	31.03	13.08	12.38	11.72	16.11	12.71	8.20
2021.762	30.97	13.15	12.32	11.80	15.78	13.00	8.23
2021.764	30.92	13.20	12.10	12.06	15.70	13.04	8.25
2021.767	30.87	13.25	12.08	12.12	15.78	12.92	8.27
2021.770	30.82	13.31	11.93	12.26	15.90	12.80	8.29
2021.773	30.76	13.38	11.89	12.30	15.88	12.82	8.32
2021.775	30.67	13.46	11.85	12.34	15.44	13.26	8.35
2021.778	30.62	13.51	11.77	12.43	15.24	13.46	8.37
2021.781	30.54	13.60	11.72	12.50	15.32	13.35	8.40
2021.784	30.46	13.69	11.67	12.56	15.09	13.56	8.42
2021.786	30.41	13.74	11.63	12.64	14.99	13.61	8.48
2021.789	30.44	13.71	11.62	12.74	15.00	13.54	8.52
2021.792	30.46	13.68	11.63	12.76	15.04	13.47	8.60
2021.795	30.50	13.62	11.63	12.87	14.96	13.51	8.59
2021.797	30.55	13.55	11.61	12.93	15.00	13.62	8.49
2021.800	30.57	13.52	11.61	12.91	15.09	13.56	8.54
2021.803	30.60	13.47	11.66	12.84	15.18	13.50	8.55
2021.805	30.62	13.45	11.70	12.78	15.27	13.23	8.79
2021.808	30.67	13.39	11.70	12.75	15.36	13.17	8.80
2021.811	30.67	13.35	11.65	12.85	15.48	13.06	8.81
2021.814	30.66	13.27	11.73	12.95	15.44	13.01	8.82
2021.816	30.66	13.28	11.72	13.02	15.45	12.96	8.83
2021.819	30.65	13.31	11.68	13.02	15.51	12.93	8.81
2021.822	30.65	13.32	11.80	12.83	15.65	12.91	8.79
2021.825	30.65	13.30	11.80	12.60	15.94	12.88	8.77
2021.827	30.69	13.24	11.80	12.79	15.77	12.92	8.74
2021.830	30.76	13.14	11.82	12.90	15.66	12.99	8.70
2021.833	30.91	12.96	11.88	12.87	15.66	12.99	8.71
2021.836	30.99	12.86	11.91	12.85	15.72	12.94	8.73
2021.838	31.06	12.76	11.94	12.85	15.84	12.82	8.74
2021.841	31.14	12.67	11.96	12.84	15.91	12.76	8.76
2021.844	31.21	12.55	12.01	12.83	15.98	12.70	8.77
2021.847	31.30	12.43	12.04	12.82	16.05	12.64	8.78
2021.849	31.41	12.26	12.11	12.80	16.18	12.52	8.79
2021.852	31.52	12.11	12.15	12.79	16.25	12.46	8.81
2021.855	31.60	11.98	12.22	12.77	16.32	12.41	8.82
2021.858	31.89	11.82	12.10	12.74	16.39	12.35	8.79
2021.860	31.90	11.87	12.02	12.74	16.46	12.29	8.75
2021.863	31.92	11.90	11.96	12.75	16.51	12.25	8.77
2021.866	31.93	11.88	11.96	12.74	16.55	12.28	8.73
2021.868	31.95	11.85	11.97	12.72	16.55	12.35	8.71
2021.871	31.92	11.85	11.99	12.70	16.50	12.41	8.73
2021.874	31.88	11.89	12.00	12.71	16.45	12.52	8.67
2021.877	31.88	11.87	12.02	12.72	16.35	12.93	8.35
2021.879	31.99	11.75	12.03	12.73	16.32	13.08	8.25
2021.882	32.00	11.71	12.05	12.72	16.25	13.27	8.16
2021.885	32.01	11.69	12.06	12.72	16.22	13.38	8.11
2021.888	32.02	11.66	12.08	12.71	16.21	13.40	8.11
2021.890	32.04	11.61	12.04	12.78	16.26	13.36	8.13
2021.893	32.05	11.58	12.03	12.78	16.35	13.29	8.14
2021.896	32.06	11.56	12.03	12.74	16.60	13.10	8.15
2021.899	32.07	11.53	12.04	12.68	16.79	12.99	8.16
2021.901	32.08	11.48	12.06	12.65	16.83	13.00	8.17
2021.904	32.09	11.92	11.58	12.68	16.83	13.02	8.17
2021.907	32.11	11.86	11.60	12.73	16.79	13.03	8.18
2021.910	32.12	11.79	11.65	12.73	16.81	13.05	8.18
2021.912	32.13	11.72	11.70	12.72	16.82	13.07	8.18
2021.915	32.15	11.59	11.79	12.75	16.82	13.07	8.19
2021.918	32.16	11.51	11.84	12.81	16.81	13.06	8.19
2021.921	32.17	11.44	11.90	12.88	16.78	13.03	8.19
2021.923	32.18	11.37	11.96	12.85	16.86	12.99	8.19
2021.926	32.38	11.34	11.78	12.81	16.93	12.97	8.20
2021.929	32.54	11.37	11.85	12.59	16.93	12.94	8.26
2021.932	32.82	11.11	11.83	12.59	16.97	12.92	8.53
2021.934	32.84	11.11	11.81	12.66	16.87	12.96	8.51
2021.937	32.86	11.06	11.84	12.58	16.94	12.98	8.50
2021.940	32.89	11.00	11.87	12.59	16.92	13.00	8.47
2021.942	32.92	10.95	11.90	12.60	16.90	13.03	8.45
2021.945	32.94	10.90	11.93	12.61	16.88	13.05	8.44
2021.948	32.97	10.86	12.09	12.47	16.86	13.07	8.42
2021.951	32.99	10.81	12.09	12.51	16.91	13.02	8.40
2021.953	33.01	10.75	12.06	12.49	17.02	13.02	8.37
2021.956	33.04	10.70	12.17	12.37	16.94	13.18	8.32
2021.959	33.06	10.67	12.35	12.19	16.91	13.24	8.28
2021.962	33.08	10.61	12.36	12.21	16.91	13.29	8.23
2021.964	33.11	10.56	12.37	12.24	16.87	13.36	8.18
2021.967	33.13	10.51	12.39	12.23	16.87	13.42	8.11
2021.970	33.15	10.46	12.41	12.30	16.80	13.45	8.05
2021.973	33.18	10.42	12.41	12.45	16.65	13.49	7.93
2021.975	33.20	10.37	12.46	12.44	16.63	13.30	8.02
2021.978	33.23	10.32	12.52	12.41	16.60	13.26	7.97
2021.981	33.26	10.26	12.56	12.41	16.59	13.24	8.01
2021.984	33.30	10.19	12.53	12.48	16.56	13.21	8.09
2021.986	33.32	10.15	12.47	12.59	16.52	13.19	8.15
2021.989	33.34	10.10	12.47	12.67	16.47	13.15	8.22
2021.992	33.37	10.05	12.50	12.61	16.53	13.16	8.23
2021.995	33.39	10.30	12.25	12.60	16.52	13.17	8.25
2021.997	33.40	10.70	11.87	12.60	16.48	13.17	8.27
2022.000	33.38	10.92	11.69	12.60	16.47	13.18	8.28
2022.003	33.36	11.30	11.35	12.56	16.48	13.18	8.30
2022.005	33.33	11.30	11.36	12.75	16.31	13.19	8.32
2022.008	33.31	11.29	11.39	12.75	16.31	13.19	8.35
2022.011	33.29	11.27	11.42	12.73	16.34	13.20	8.36
2022.014	33.27	11.25	11.45	12.72	16.36	13.20	8.38
2022.016	33.25	11.24	11.48	12.67	16.41	13.21	8.38
2022.019	33.23	11.22	11.54	12.64	16.41	13.22	8.37
2022.022	33.21	11.21	11.55	12.73	16.35	13.23	8.35
2022.025	33.19	11.19	11.55	12.83	16.28	13.28	8.29
2022.027	33.16	11.18	11.58	12.88	16.24	13.31	8.26
2022.030	33.13	11.14	11.63	12.90	16.23	13.34	8.22
2022.033	33.10	11.14	11.64	12.93	16.22	13.36	8.19
2022.036	33.06	11.13	11.66	12.93	16.25	13.37	8.18
2022.038	33.03	11.13	11.67	12.94	16.25	13.36	8.17
2022.041	33.00	11.13	11.66	13.03	16.27	13.30	8.17
2022.044	32.96	11.13	11.64	13.10	16.34	13.20	8.19
2022.047	32.93	11.12	11.69	13.10	16.43	13.09	8.21
2022.049	32.90	11.12	11.76	13.05	16.55	12.99	8.23
2022.052	32.86	11.11	11.82	13.00	16.68	12.89	8.25
2022.055	32.83	11.12	11.88	12.96	16.80	12.78	8.28
2022.058	32.79	11.10	11.85	13.06	16.80	12.76	8.28
2022.060	32.76	11.08	11.85	13.14	16.77	12.77	8.36
2022.063	32.74	11.02	11.88	13.23	16.52	13.00	8.41
2022.066	32.69	11.01	11.88	13.31	16.46	13.05	8.46
2022.068	32.64	10.86	12.07	13.34	16.49	13.02	8.46
2022.071	32.59	10.80	12.15	13.37	16.52	13.00	8.54
2022.074	32.51	10.77	12.24	13.40	16.58	13.02	8.50
2022.077	32.46	10.86	12.18	13.43	16.69	12.95	8.47
2022.079	32.41	10.96	12.11	13.41	16.72	13.00	8.42
2022.082	32.43	10.99	12.04	13.49	16.67	13.05	8.29
2022.085	32.51	10.90	12.04	13.50	16.69	13.08	8.25
2022.088	32.49	10.90	12.03	13.53	16.72	13.10	8.20
2022.090	32.47	10.90	12.03	13.56	16.76	13.10	8.15
2022.093	32.46	10.91	12.02	13.58	16.75	13.19	8.06
2022.096	32.45	10.90	12.01	13.61	16.79	13.20	8.02
2022.099	32.45	10.88	12.03	13.63	16.85	13.18	7.97
2022.101	32.44	10.85	12.07	13.63	16.89	13.18	7.93
2022.104	32.44	10.82	12.14	13.60	16.93	13.20	7.88
2022.107	32.43	10.79	12.21	13.58	16.96	13.26	7.79
2022.110	32.42	10.76	12.26	13.56	17.24	13.07	7.71
2022.112	32.39	10.75	12.30	13.53	17.26	12.80	7.99
2022.115	32.37	10.75	12.32	13.52	17.26	12.81	8.00
2022.118	32.34	10.80	12.30	13.51	17.26	12.83	8.00
2022.121	32.32	10.86	12.25	13.60	17.16	12.86	7.98
2022.123	32.30	10.89	12.24	13.61	17.20	12.87	7.94
2022.126	32.27	10.91	12.20	13.60	17.31	12.85	7.92
2022.129	32.25	10.95	12.18	13.49	17.45	12.83	7.90
2022.132	32.24	11.06	12.08	13.46	17.52	12.82	7.88
2022.134	32.22	11.06	12.11	13.44	17.58	12.80	7.86
2022.137	32.18	11.13	12.08	13.42	17.64	12.79	7.84
2022.140	32.15	11.21	12.03	13.44	17.65	12.73	7.86
2022.142	32.12	11.26	12.00	13.48	17.67	12.42	8.13
2022.145	32.09	11.30	11.94	13.50	17.77	12.20	8.27
2022.148	32.05	11.36	11.90	13.49	17.94	11.98	8.36
2022.151	32.05	11.35	11.88	13.54	17.87	11.99	8.40
2022.153	32.22	11.15	11.96	13.47	17.83	12.02	8.43
2022.156	32.34	11.02	12.02	13.39	17.90	11.97	8.45
2022.159	32.34	11.01	12.01	13.39	17.95	11.92	8.46
2022.162	32.33	11.00	12.00	13.38	18.04	11.85	8.49
2022.164	32.33	11.00	12.01	13.35	18.10	11.83	8.47
2022.167	32.32	10.99	12.03	13.31	18.12	12.07	8.25
2022.170	32.32	10.99	12.11	13.21	18.13	12.51	7.82
2022.173	32.28	11.02	12.12	13.26	18.07	12.59	7.76
2022.175	32.25	11.01	12.15	13.35	17.97	12.61	7.75
2022.178	32.23	11.02	12.17	13.40	17.90	12.65	7.74
2022.181	32.20	11.02	12.20	13.33	17.96	12.68	7.83
2022.184	32.17	11.03	12.22	13.26	18.02	12.70	7.85
2022.186	32.14	11.04	12.24	13.30	17.96	12.73	7.85
2022.189	32.11	11.04	12.26	13.30	18.14	12.56	7.83
2022.192	32.08	11.05	12.28	13.33	18.11	12.58	7.81
2022.195	32.05	11.04	12.32	13.24	18.20	12.59	7.78
2022.197	32.01	11.06	12.34	13.18	18.26	12.61	7.65
2022.200	31.99	11.06	12.36	13.07	18.37	12.62	7.63
2022.203	31.96	11.07	12.38	13.11	18.33	12.88	7.38
2022.205	31.93	11.08	12.40	13.13	18.31	12.88	7.38
2022.208	31.91	11.08	12.42	13.15	18.29	12.87	7.39
2022.211	31.88	11.08	12.44	13.19	18.25	12.86	7.40
2022.214	31.86	11.08	12.53	13.15	18.23	12.86	7.40
2022.216	31.84	11.07	12.58	13.13	18.24	12.86	7.41
2022.219	31.81	11.07	12.60	13.14	18.23	12.88	7.40
2022.222	31.77	11.20	12.43	13.16	18.21	12.96	7.40
2022.225	31.75	11.56	12.06	13.09	18.33	12.87	7.49
2022.227	31.64	11.74	11.99	13.03	18.33	12.89	7.52
2022.230	31.58	11.60	12.08	13.34	18.08	12.94	7.52
2022.233	31.47	11.52	12.17	13.60	17.89	13.01	7.50
2022.236	31.47	11.27	12.34	13.66	17.80	13.05	7.52
2022.238	31.61	11.10	12.30	13.69	17.79	13.08	7.58
2022.241	31.61	11.08	12.31	13.68	17.78	13.10	7.60
2022.244	31.56	11.11	12.36	13.54	17.95	13.03	7.61
2022.247	31.54	11.11	12.44	13.23	18.33	12.89	7.62
2022.249	31.51	11.11	12.49	13.31	18.29	12.81	7.63
2022.252	31.49	11.11	12.57	13.43	18.17	12.74	7.64
2022.255	31.47	11.24	12.48	13.38	18.20	12.74	7.63
2022.258	31.44	11.57	12.17	13.41	18.11	12.82	7.62
2022.260	31.42	11.93	11.82	13.56	17.98	12.85	7.60
2022.263	31.40	12.01	11.75	13.55	18.02	12.83	7.59
2022.266	31.37	12.06	11.72	13.55	18.10	12.77	7.60
2022.268	31.33	12.07	11.74	13.55	18.06	12.86	7.58
2022.271	31.31	12.08	11.75	13.54	17.73	13.21	7.60
2022.274	31.29	12.09	11.75	13.47	17.59	13.46	7.60
2022.277	31.26	12.10	11.75	13.37	17.69	13.49	7.60
2022.279	31.24	12.11	11.76	13.30	17.76	13.50	7.63
2022.282	31.21	12.13	11.78	13.30	17.73	13.51	7.64
2022.285	31.18	12.16	11.88	13.21	17.78	13.48	7.63
2022.288	31.16	12.45	11.59	13.27	17.76	13.50	7.60
2022.290	31.14	12.74	11.30	13.33	17.86	13.38	7.61
2022.293	31.10	13.08	10.97	13.44	17.94	13.18	7.67
2022.296	31.07	13.09	10.92	13.50	18.00	12.97	7.84
2022.299	31.05	13.10	10.91	13.52	17.86	13.11	7.87
2022.301	31.03	13.12	10.90	13.50	17.87	13.16	7.86
2022.304	31.00	13.12	10.93	13.51	17.87	13.17	7.84
2022.307	30.98	13.13	10.96	13.47	17.94	13.34	7.65
2022.310	30.96	13.14	10.99	13.44	17.95	13.50	7.50
2022.312	30.93	13.15	11.02	13.40	17.97	13.68	7.34
2022.315	30.91	13.16	11.07	13.35	18.06	13.81	7.16
2022.318	30.86	13.20	11.10	13.31	18.13	13.88	7.05
2022.321	30.84	13.21	11.10	13.30	18.11	13.92	7.08
2022.323	30.81	13.21	11.10	13.31	18.08	13.95	7.11
2022.326	30.79	13.20	11.22	13.20	18.00	14.04	7.13
2022.329	30.79	13.17	11.37	13.13	17.90	14.07	7.18
2022.332	30.81	13.12	11.51	13.02	17.87	14.08	7.23
2022.334	30.84	13.00	11.59	12.92	17.86	14.14	7.29
2022.337	30.85	12.94	11.64	12.91	18.43	13.55	7.34
2022.340	30.86	12.93	11.64	12.87	18.51	13.47	7.39
2022.342	30.90	12.93	11.66	12.81	18.49	13.46	7.45
2022.345	30.91	12.94	11.63	12.80	18.48	13.49	7.46
2022.348	30.94	12.98	11.56	12.78	18.15	13.85	7.46
2022.351	30.95	13.00	11.58	12.72	17.73	14.31	7.44
2022.353	30.97	13.02	11.58	12.66	17.56	14.49	7.45
2022.356	30.99	13.02	11.62	12.54	17.57	14.53	7.47
2022.359	31.00	13.02	11.64	12.50	17.56	14.55	7.47
2022.362	31.02	13.00	11.64	12.51	17.60	14.53	7.45
2022.364	31.03	12.99	11.64	12.54	17.75	14.35	7.45
2022.367	31.02	13.01	11.63	12.66	17.42	14.58	7.45
2022.370	31.03	12.99	11.60	12.78	17.26	14.68	7.41
2022.373	31.01	13.01	11.58	12.68	17.36	14.72	7.39
2022.375	30.98	13.04	11.55	12.75	17.31	14.75	7.38
2022.378	30.96	13.07	11.56	12.79	17.23	14.75	7.41
2022.381	30.94	13.06	11.63	12.72	17.27	14.73	7.43
2022.384	30.92	13.17	11.54	12.69	17.37	14.62	7.46
2022.386	30.89	13.15	11.59	12.66	17.47	14.54	7.46
2022.389	30.87	13.13	11.57	12.69	17.48	14.56	7.46
2022.392	30.85	13.14	11.52	12.72	17.46	14.59	7.45
2022.395	30.82	13.16	11.49	12.73	17.44	14.62	7.46
2022.397	30.79	13.18	11.50	12.73	17.41	14.64	7.46
2022.400	30.77	13.19	11.52	12.71	17.42	14.62	7.47
2022.403	30.75	13.21	11.52	12.70	17.43	14.62	7.46
2022.405	30.72	13.22	11.59	12.63	17.45	14.63	7.45
2022.408	30.70	13.21	11.69	12.59	17.49	14.58	7.46
2022.411	30.59	13.42	11.58	12.69	17.50	14.48	7.47
2022.414	30.38	13.53	11.68	12.82	17.60	14.27	7.48
2022.416	30.27	13.64	11.67	12.72	17.75	14.23	7.50
2022.419	30.25	13.65	11.81	12.64	17.75	14.36	7.35
2022.422	30.23	13.66	11.75	12.74	17.74	14.63	7.07
2022.425	30.21	13.67	11.73	12.81	17.67	14.73	7.03
2022.427	30.17	13.70	11.78	12.75	17.67	14.77	7.02
2022.430	30.15	13.72	11.70	12.59	17.89	14.82	7.00
2022.433	30.13	13.73	11.70	12.61	17.95	14.76	6.98
2022.436	30.11	13.74	11.71	12.63	18.04	14.70	6.95
2022.438	30.08	13.76	11.75	12.60	18.12	14.63	6.92
2022.441	30.06	13.77	11.78	12.60	18.26	14.49	6.90
2022.444	30.04	13.78	11.81	12.33	18.49	14.50	6.92
2022.447	30.01	13.80	11.88	12.24	18.43	14.42	7.06
2022.449	30.00	13.81	11.96	12.17	18.40	14.38	7.12
2022.452	29.99	13.81	11.95	12.26	18.31	14.34	7.18
2022.455	29.98	13.81	11.92	12.49	18.08	14.34	7.22
2022.458	29.97	13.82	11.93	12.57	17.95	14.37	7.22
2022.460	29.95	13.82	11.95	12.58	17.98	14.34	7.19
2022.463	29.94	13.82	11.93	12.61	17.93	14.40	7.16
2022.466	29.93	13.83	11.94	12.88	17.74	14.34	7.17
2022.468	29.92	13.83	12.04	13.28	17.33	14.29	7.17
2022.471	29.90	14.01	11.73	13.47	17.27	14.34	7.13
2022.474	29.90	13.81	11.87	13.30	17.34	14.52	7.10
2022.477	29.92	13.80	11.82	13.12	17.47	14.63	7.07
2022.479	29.92	13.79	11.81	12.92	17.72	14.65	7.03
2022.482	29.94	13.76	11.86	12.84	17.78	14.63	7.02
2022.485	29.98	13.69	11.90	12.83	17.79	14.63	6.82
2022.488	30.00	13.65	11.93	12.83	17.80	14.63	6.79
2022.490	30.03	13.62	11.97	12.87	17.83	14.56	6.78
2022.493	30.05	13.58	11.98	12.93	17.81	14.56	6.78
2022.496	30.07	13.53	12.07	12.90	17.76	14.60	6.77
2022.499	30.09	13.50	12.10	12.93	17.68	14.64	6.76
2022.501	30.11	13.45	12.14	13.20	17.41	14.65	6.74
2022.504	30.13	13.42	12.18	13.16	17.45	14.65	6.72
2022.507	30.12	13.41	12.21	13.12	17.45	14.69	6.71
2022.510	30.11	13.37	12.30	13.06	17.36	14.84	6.68
2022.512	30.15	13.29	12.36	13.02	17.36	14.86	6.69
2022.515	30.23	13.17	12.40	13.07	17.29	14.79	6.78
2022.518	30.32	13.03	12.41	13.14	17.22	14.86	6.75
2022.521	30.47	12.84	12.41	13.24	17.14	14.91	6.73
2022.523	30.49	12.83	12.36	13.31	17.10	14.98	6.68
2022.526	30.51	12.83	12.29	13.36	17.06	15.03	6.66
2022.529	30.53	12.82	12.25	13.30	17.12	15.09	6.62
2022.532	30.55	12.74	12.25	13.41	17.05	15.14	6.58
2022.534	30.57	12.68	12.27	13.46	17.13	15.07	6.57
2022.537	30.59	12.62	12.27	13.41	17.16	15.16	6.54
2022.540	30.61	12.56	12.31	13.46	17.09	15.21	6.55
2022.542	30.63	12.50	12.35	13.50	17.07	15.22	6.55
2022.545	30.64	12.45	12.39	13.32	17.34	15.16	6.54
2022.548	30.62	12.43	12.43	13.29	17.33	15.25	6.51
2022.551	30.60	12.44	12.44	13.27	17.37	15.27	6.50
2022.553	30.59	12.46	12.43	13.23	17.42	15.30	6.48
2022.556	30.57	12.49	12.40	13.07	17.62	15.34	6.44
2022.559	30.56	12.51	12.41	12.98	17.71	15.35	6.45
2022.562	30.54	12.54	12.30	13.06	17.76	15.34	6.45
2022.564	30.52	12.56	12.29	13.06	17.60	15.55	6.43
2022.567	30.51	12.58	12.28	13.08	17.43	15.74	6.44
2022.570	30.49	12.62	12.26	13.21	17.30	15.78	6.45
2022.573	30.47	12.64	12.25	13.18	17.33	15.83	6.46
2022.575	30.46	12.66	12.28	13.13	17.34	15.86	6.46
2022.578	30.44	12.68	12.24	13.15	17.50	15.75	6.46
2022.581	30.42	12.55	12.40	13.16	17.60	15.65	6.47
2022.584	30.40	12.31	12.66	13.16	17.33	15.94	6.45
2022.586	30.38	12.30	12.70	13.17	17.06	16.22	6.46
2022.589	30.37	12.41	12.56	13.07	17.20	16.23	6.45
2022.592	30.35	12.48	12.57	12.93	17.27	16.25	6.47
2022.595	30.33	12.52	12.57	13.09	17.10	16.29	6.44
2022.597	30.31	12.43	12.70	13.03	17.14	16.27	6.49
2022.600	30.28	12.31	12.83	12.97	17.21	16.11	6.68
2022.603	30.23	12.14	12.94	13.07	17.23	16.12	6.68
2022.605	30.19	12.17	12.95	13.08	17.22	16.40	6.43
2022.608	30.12	12.24	12.95	13.12	17.18	16.42	6.42
2022.611	30.08	12.28	13.05	12.95	17.24	16.45	6.43
2022.614	30.04	12.32	13.12	12.86	17.27	16.51	6.38
2022.616	29.99	12.36	13.13	12.80	17.34	16.57	6.75
2022.619	29.92	12.42	13.09	12.81	17.44	16.60	6.70
2022.622	29.88	12.46	13.06	12.80	17.67	16.47	6.69
2022.625	29.83	12.49	13.03	12.81	17.86	16.33	6.72
2022.627	29.77	12.54	12.99	12.82	18.21	16.05	6.71
2022.630	29.73	12.57	12.98	12.89	18.33	15.82	6.82
2022.633	29.69	12.60	12.98	12.98	18.48	15.57	6.83
2022.636	29.66	12.61	13.00	12.97	18.56	15.53	6.84
2022.638	29.64	12.60	13.03	12.99	18.53	15.57	6.84
2022.641	29.63	12.58	13.05	12.98	18.57	15.57	6.82
2022.644	29.63	12.54	13.08	13.21	18.36	15.59	6.80
2022.647	29.62	12.51	13.12	13.29	18.30	15.59	6.78
2022.649	29.62	12.43	12.97	13.53	18.31	15.59	6.78
2022.652	29.61	12.38	13.04	13.54	18.31	15.59	6.75
2022.655	29.60	12.23	13.19	13.60	18.28	15.59	6.73
2022.658	29.59	12.02	13.41	13.66	18.23	15.59	6.19
2022.660	29.59	11.86	13.59	13.56	18.35	15.59	6.18
2022.663	29.58	11.85	13.60	13.57	18.36	15.41	6.34
2022.666	29.58	11.87	13.59	13.57	18.37	14.89	6.84
2022.668	29.57	11.89	13.58	13.47	18.50	14.85	6.85
2022.671	29.57	11.91	13.67	13.40	18.20	15.11	6.87
2022.674	29.56	11.92	13.57	13.53	18.30	14.97	6.88
2022.677	29.55	11.89	13.65	13.52	17.97	15.26	6.89
2022.679	29.56	11.86	13.72	13.51	18.06	15.13	6.90
2022.682	29.56	11.82	13.74	13.56	18.09	15.06	6.92
2022.685	29.57	11.78	13.77	13.56	18.15	14.99	6.98
2022.688	29.58	12.15	13.46	13.50	18.21	14.93	7.00
2022.690	29.58	12.17	13.49	13.46	18.17	14.96	7.03
2022.693	29.59	12.18	13.55	13.39	18.31	14.82	7.04
2022.696	29.60	12.20	13.62	12.95	18.78	14.70	7.05
2022.699	29.58	12.23	13.64	12.84	18.86	14.71	7.06
2022.701	29.54	12.29	13.64	12.77	18.88	14.73	7.07
2022.704	29.54	12.32	13.62	12.97	18.68	14.75	7.09
2022.707	29.57	12.29	13.62	13.01	18.67	14.72	7.12
2022.710	29.64	12.21	13.33	13.26	18.78	14.67	7.15
2022.712	29.66	12.19	13.31	13.23	18.68	14.84	7.16
2022.715	29.72	12.13	13.31	13.23	18.67	14.90	7.16
2022.718	29.74	12.09	13.31	13.21	18.58	15.09	7.13
2022.721	29.77	12.06	13.53	13.03	18.51	15.08	7.21
2022.723	29.80	12.02	13.65	12.84	18.60	15.11	7.19
2022.726	29.84	11.99	13.66	12.88	18.59	15.26	7.08
2022.729	29.88	11.94	13.66	12.93	18.48	15.38	7.06
2022.732	29.91	11.90	13.67	12.97	18.25	15.63	7.04
2022.734	29.97	11.83	13.76	12.66	18.65	15.53	7.01
2022.737	30.01	11.79	13.85	12.64	18.53	15.63	6.99
2022.740	30.04	11.79	13.82	12.63	18.48	15.81	6.92
2022.742	30.08	11.86	13.72	12.76	18.43	15.79	6.89
2022.745	30.11	11.92	13.62	12.81	18.29	15.95	6.87
2022.748	30.15	11.98	13.52	12.89	18.17	16.10	6.79
2022.751	30.18	12.04	13.42	12.95	18.07	16.30	6.69
2022.753	30.25	12.06	13.32	13.03	17.95	16.57	6.50
2022.756	30.28	12.10	13.23	13.17	17.74	16.79	6.41
2022.759	30.31	12.09	13.26	13.14	17.67	16.85	6.43
2022.762	30.35	12.14	13.17	13.16	17.60	16.91	6.47
2022.764	30.39	12.21	13.07	13.18	17.53	16.97	6.49
2022.767	30.42	12.23	13.01	13.20	17.42	17.08	6.50
2022.770	30.48	12.23	12.96	13.20	17.55	16.96	5.67
2022.773	30.51	12.27	12.88	13.27	17.65	16.83	5.65
2022.775	30.55	12.28	12.84	13.23	17.83	16.73	5.62
2022.778	30.59	12.29	12.79	13.21	17.84	16.60	5.77
2022.781	30.62	12.31	12.75	13.33	17.70	16.63	5.78
2022.784	30.65	12.32	12.70	13.35	17.67	16.66	5.77
2022.786	30.69	12.31	12.67	13.38	17.61	16.80	5.68
2022.789	30.75	12.27	12.70	13.34	17.59	16.91	5.58
2022.792	30.79	12.26	12.80	13.25	17.54	17.02	5.49
2022.795	30.82	12.26	12.74	13.32	17.39	17.26	5.41
2022.797	30.87	12.23	12.59	13.47	17.41	17.32	5.59
2022.800	30.91	12.21	12.57	13.49	17.43	17.32	5.69
2022.803	30.97	12.19	12.80	13.18	17.45	17.36	5.90
2022.805	31.01	12.17	12.70	13.25	17.44	17.39	6.00
2022.808	31.09	12.10	12.63	13.28	17.44	17.42	6.12
2022.811	31.14	12.08	12.53	13.41	17.39	17.43	6.14
2022.814	31.19	12.04	12.46	13.47	17.37	17.44	6.16
2022.816	31.24	12.01	12.44	13.47	17.35	17.46	6.17
2022.819	31.29	11.96	12.44	13.49	17.28	17.50	6.19
2022.822	31.34	12.04	12.32	13.49	17.30	17.49	6.20
2022.825	31.39	12.10	12.20	13.50	17.26	17.51	6.22
2022.827	31.46	12.15	12.08	13.43	17.36	17.48	6.23
2022.830	31.52	12.15	12.03	13.50	17.31	17.45	6.25
2022.833	31.55	12.16	12.17	13.36	17.31	17.43	6.26
2022.836	31.56	12.18	12.11	13.31	17.40	17.40	6.28
2022.838	31.56	12.21	12.21	13.12	17.49	17.37	6.29
2022.841	31.58	12.22	12.33	13.02	17.42	17.43	6.16
2022.844	31.58	12.23	12.39	12.96	17.46	17.41	6.05
2022.847	31.59	12.22	12.38	13.03	17.46	17.38	5.87
2022.849	31.59	12.23	12.38	13.09	17.42	17.34	5.74
2022.852	31.61	12.23	12.36	13.10	17.44	17.21	5.64
2022.855	31.61	12.24	12.28	13.18	17.46	17.10	5.63
2022.858	31.62	12.23	12.25	13.22	17.47	17.06	5.66
2022.860	31.62	12.24	12.28	13.19	17.50	17.01	5.70
2022.863	31.64	12.23	12.30	13.17	17.44	17.04	5.77
2022.866	31.64	12.24	12.32	13.15	17.38	17.07	5.84
2022.868	31.65	12.24	12.31	12.77	17.72	17.10	5.91
2022.871	31.67	12.23	12.29	12.79	17.66	17.13	5.98
2022.874	31.68	12.22	12.21	13.06	17.42	17.16	6.05
2022.877	31.71	12.19	12.17	13.29	17.18	17.18	6.15
2022.879	31.72	12.18	12.30	13.20	17.08	17.21	6.22
2022.882	31.76	12.14	12.30	13.21	16.97	17.29	6.29
2022.885	31.77	12.13	12.37	13.15	16.91	17.32	6.36
2022.888	31.80	12.09	12.49	13.04	16.85	17.36	6.48
2022.890	31.81	12.15	12.37	13.25	16.65	17.39	6.55
2022.893	31.84	12.13	12.33	13.36	16.52	17.42	6.62
2022.896	31.85	12.12	12.30	13.39	16.46	17.43	6.70
2022.899	31.89	12.06	12.29	13.31	16.53	17.47	6.78
2022.901	31.90	12.02	12.29	13.45	16.36	17.44	6.90
2022.904	31.93	11.97	12.30	13.46	17.14	16.63	7.00
2022.907	31.96	11.92	12.32	13.30	17.16	16.75	7.06
2022.910	32.02	11.75	12.43	13.31	17.03	16.69	7.30
2022.912	32.08	11.56	12.55	13.26	17.05	16.62	7.43
2022.915	32.14	11.39	12.67	13.21	16.88	16.74	7.50
2022.918	32.23	11.17	12.81	13.13	16.72	16.84	7.62
2022.921	32.28	11.01	12.95	13.06	16.58	16.90	7.81
2022.923	32.34	10.93	13.01	13.00	16.54	16.83	8.02
2022.926	32.40	10.91	12.89	13.12	16.52	16.72	8.18
2022.929	32.46	10.92	12.82	13.16	16.50	16.66	8.24
2022.932	32.50	11.03	12.67	13.20	16.47	16.55	8.35
2022.934	32.56	11.25	12.39	13.24	16.45	16.49	8.42
2022.937	32.65	11.07	12.47	13.28	16.33	16.51	8.48
2022.940	32.71	10.89	12.60	13.32	16.21	16.51	8.59
2022.942	32.78	10.86	12.56	13.36	16.13	16.50	8.65
2022.945	32.82	10.89	12.49	13.33	16.18	16.43	8.72
2022.948	32.88	10.87	12.45	13.13	16.44	16.33	8.78
2022.951	32.94	10.88	12.38	13.04	16.55	16.21	8.88
2022.953	33.00	10.86	12.29	12.97	16.70	16.14	8.93
2022.956	33.08	10.86	12.27	12.84	16.83	16.05	8.99
2022.959	33.14	10.87	12.15	12.82	16.93	15.99	9.04
2022.962	33.20	10.83	12.07	12.80	16.98	15.92	9.13
2022.964	33.26	10.80	11.99	13.00	16.68	16.07	9.17
2022.967	33.32	10.75	11.95	13.16	16.48	16.10	9.22
2022.970	33.29	10.80	11.95	13.25	16.37	16.13	9.20
2022.973	33.26	10.85	11.76	13.45	16.39	16.10	9.19
2022.975	33.17	10.97	11.76	13.46	16.30	16.20	9.16
2022.978	33.14	11.01	11.59	13.65	16.27	16.23	9.15
2022.981	33.11	11.05	11.52	13.76	16.21	16.30	9.09
2022.984	33.06	11.09	11.46	13.85	16.19	16.34	8.96
2022.986	33.03	11.13	11.39	13.95	16.19	16.36	8.90
2022.989	33.00	11.17	11.31	14.08	16.11	16.43	8.85
2022.992	32.97	11.27	11.21	14.14	16.12	16.45	8.80
2022.995	32.87	11.48	11.11	14.17	16.02	16.61	8.71
2022.997	32.84	11.60	10.91	14.30	16.07	16.59	8.67
2023.000	32.88	11.58	10.90	14.25	16.21	16.54	8.63
2023.003	32.92	11.56	10.88	14.30	16.35	16.36	8.63
2023.005	32.95	11.54	10.86	14.26	16.48	16.25	8.66
2023.008	32.97	11.53	10.95	14.21	16.54	16.14	8.68
2023.011	32.98	11.53	10.98	14.18	16.55	16.12	8.70
2023.014	32.96	11.53	10.93	14.23	16.51	16.17	8.71
2023.016	32.95	11.36	11.08	14.09	16.63	16.23	8.70
2023.019	32.94	11.28	11.15	14.02	16.67	16.27	8.73
2023.022	32.92	11.31	11.14	13.98	16.66	16.33	8.72
2023.025	32.91	11.32	11.25	13.87	16.71	16.29	8.72
2023.027	32.90	11.34	11.24	13.89	16.74	16.30	8.67
2023.030	32.89	11.36	11.23	13.93	16.72	16.38	8.57
2023.033	32.85	11.40	11.23	13.94	16.76	16.44	8.47
2023.036	32.84	11.41	11.23	13.97	16.78	16.50	8.37
2023.038	32.83	11.43	11.33	13.87	16.82	16.56	8.28
2023.041	32.82	11.45	11.47	13.69	16.90	16.62	8.17
2023.044	32.80	11.47	11.51	13.75	16.86	16.55	8.20
2023.047	32.79	11.47	11.49	13.69	16.99	16.45	8.26
2023.049	32.78	11.33	11.60	13.79	16.98	16.35	8.32
2023.052	32.76	11.08	11.64	14.09	16.95	16.25	8.37
2023.055	32.75	10.83	11.92	14.11	16.94	16.18	8.43
2023.058	32.74	10.84	11.90	14.11	17.01	16.04	8.53
2023.060	32.73	10.89	11.87	14.18	16.99	15.94	8.59
2023.063	32.71	10.97	11.80	14.18	17.04	15.85	8.63
2023.066	32.68	10.99	11.81	14.18	16.98	15.87	8.68
2023.068	32.66	10.94	11.85	14.00	17.19	15.82	8.72
2023.071	32.66	10.75	12.03	13.94	17.30	15.76	8.77
2023.074	32.58	10.56	12.31	13.90	17.34	15.71	8.82
2023.077	32.47	10.40	12.58	13.87	17.20	15.82	8.87
2023.079	32.37	10.42	12.64	13.88	16.65	16.36	8.92
2023.082	32.26	10.69	12.47	13.83	16.60	16.44	8.94
2023.085	32.16	10.97	12.29	13.82	16.62	16.43	8.94
2023.088	32.06	11.15	12.22	13.80	16.68	16.43	8.92
2023.090	31.89	11.30	12.29	13.68	16.76	16.46	8.89
2023.093	31.83	11.33	12.32	13.83	16.56	16.60	8.79
2023.096	31.77	11.24	12.47	13.89	16.57	16.59	8.74
2023.099	31.70	11.43	12.35	13.93	16.56	16.67	8.63
2023.101	31.64	11.62	12.22	13.98	16.54	16.71	8.58
2023.104	31.57	11.79	12.08	14.03	16.54	16.80	8.48
2023.107	31.59	11.74	12.12	14.07	16.33	17.01	8.45
2023.110	31.61	11.62	12.21	14.08	16.13	17.17	8.48
2023.112	31.63	11.46	12.35	14.10	16.03	17.22	8.49
2023.115	31.66	11.29	12.50	14.13	16.00	17.20	8.50
2023.118	31.71	11.01	12.75	14.12	15.99	17.17	8.50
2023.121	31.73	10.78	13.03	14.11	15.93	17.14	8.50
2023.123	31.76	10.71	13.16	14.04	15.91	17.10	8.50
2023.126	31.78	10.67	13.20	14.03	15.90	17.03	8.53
2023.129	31.83	10.56	13.22	14.05	15.91	16.99	8.53
2023.132	31.85	10.44	13.40	13.95	15.93	16.99	8.51
2023.134	31.88	10.31	13.53	13.89	15.96	16.97	8.48
2023.137	31.90	10.23	13.58	13.89	15.98	16.96	8.46
2023.140	31.94	10.09	13.67	13.86	16.00	16.99	8.38
2023.142	31.93	9.99	13.77	13.86	16.01	17.03	8.31
2023.145	31.93	9.94	13.81	13.84	16.04	17.06	8.28
2023.148	31.92	10.00	13.75	13.82	16.08	17.13	8.24
2023.151	31.94	10.02	13.71	13.82	16.07	17.11	8.28
2023.153	31.93	10.05	13.68	13.82	16.18	17.00	8.32
2023.156	31.93	10.08	13.64	13.82	16.25	16.91	8.36
2023.159	31.92	10.11	13.60	13.79	16.35	16.83	8.40
2023.162	31.92	10.17	13.54	13.75	16.67	16.55	8.43
2023.164	31.93	10.19	13.50	13.74	16.61	16.61	8.48
2023.167	31.93	10.22	13.47	13.72	16.83	16.39	8.51
2023.170	31.88	10.30	13.43	13.69	17.26	15.97	8.56
2023.173	31.75	10.46	13.45	13.64	17.23	16.02	8.57
2023.175	31.56	10.70	13.41	13.65	17.11	16.11	8.61
2023.178	31.60	10.69	13.40	13.70	16.84	16.29	8.63
2023.181	31.65	10.67	13.40	13.68	16.82	16.31	8.65
2023.184	31.70	10.65	13.41	13.62	16.86	16.27	8.68
2023.186	31.77	10.64	13.38	13.73	16.79	16.21	8.71
2023.189	31.95	10.49	13.37	13.86	16.71	16.13	8.74
2023.192	32.03	10.44	13.36	13.75	16.93	15.98	8.75
2023.195	32.05	10.31	13.31	13.76	17.09	15.96	8.79
2023.197	32.09	10.37	13.18	13.70	17.18	15.97	8.81
2023.200	32.10	10.44	13.15	13.73	16.98	16.08	8.83
2023.203	32.10	10.47	13.18	13.92	16.82	15.99	8.87
2023.205	32.11	10.48	13.17	13.86	16.84	16.03	8.87
2023.208	32.14	10.46	13.09	13.72	17.05	16.07	8.84
2023.211	32.15	10.46	13.02	13.64	17.21	15.97	8.95
2023.214	32.16	10.46	13.00	13.70	17.07	15.98	9.04
2023.216	32.17	10.45	13.00	13.90	16.95	15.88	9.03
2023.219	32.18	10.45	13.01	13.80	17.13	16.03	8.78
2023.222	32.18	10.43	13.02	13.65	17.37	15.88	8.86
2023.225	32.18	10.39	13.07	13.66	17.41	15.73	9.00
2023.227	32.17	10.37	13.09	13.62	17.54	15.54	9.12
2023.230	32.17	10.35	13.11	13.62	17.59	15.45	9.17
2023.233	32.17	10.32	13.13	13.61	17.52	15.52	9.20
2023.236	32.12	10.35	13.15	13.72	17.34	15.55	9.27
2023.238	32.07	10.32	13.22	13.73	17.34	15.52	9.31
2023.241	32.04	10.31	13.20	13.74	17.47	15.47	9.26
2023.244	32.01	10.30	13.25	13.71	17.54	15.44	9.17
2023.247	32.03	10.21	13.31	13.74	17.59	15.36	9.11
2023.249	32.12	10.08	13.37	13.77	17.60	15.33	8.99
2023.252	32.20	9.91	13.45	13.77	17.68	15.25	8.93
2023.255	32.39	9.65	13.53	13.83	17.66	15.24	8.84
2023.258	32.48	9.49	13.60	13.83	17.71	15.21	8.72
2023.260	32.58	9.24	13.75	13.85	17.52	15.39	8.64
2023.263	32.72	9.03	13.82	13.85	17.37	15.55	8.55
2023.266	32.83	8.84	13.91	13.83	17.23	15.72	8.53
2023.268	32.82	8.77	13.98	13.87	17.05	15.90	8.50
2023.271	32.80	8.73	14.05	13.87	17.06	15.89	8.48
2023.274	32.76	8.76	14.06	13.58	17.36	15.89	8.44
2023.277	32.72	8.79	14.08	13.58	17.40	15.86	8.41
2023.279	32.68	8.81	14.07	13.62	17.94	15.30	8.39
2023.282	32.49	8.99	14.08	13.63	18.28	14.95	8.39
2023.285	32.34	9.13	14.09	13.65	18.24	15.00	8.35
2023.288	32.19	9.25	14.10	13.69	18.19	15.05	8.31
2023.290	31.97	9.39	14.10	13.77	18.15	15.10	8.27
2023.293	31.86	9.40	14.13	13.86	18.09	15.17	8.25
2023.296	31.83	9.18	14.54	13.71	18.05	15.22	8.21
2023.299	31.80	8.94	14.80	13.72	18.01	15.28	8.16
2023.301	31.79	8.56	15.19	13.74	17.97	15.34	8.11
2023.304	31.79	8.48	15.27	13.76	17.92	15.40	8.07
2023.307	31.77	8.69	15.07	13.81	17.84	15.47	8.00
2023.310	31.77	8.63	15.13	13.83	17.76	15.57	7.93
2023.312	31.86	8.62	15.05	13.80	17.63	15.76	7.90
2023.315	31.99	8.58	14.96	13.81	17.67	15.75	7.83
2023.318	32.07	8.55	14.90	13.84	17.67	15.75	7.78
2023.321	32.05	8.68	14.70	13.55	18.03	15.78	7.73
2023.323	32.04	8.74	14.38	13.78	18.02	15.86	7.68
2023.326	32.03	8.78	14.35	13.71	18.12	15.86	7.63
2023.329	32.01	8.77	14.36	13.53	18.33	15.85	7.58
2023.332	32.00	8.73	14.41	13.35	18.55	15.84	7.53
2023.334	31.99	8.71	14.43	13.33	18.62	15.83	7.48
2023.337	31.95	8.73	14.44	13.37	18.62	15.82	7.43
2023.340	31.96	8.92	14.23	13.39	18.63	15.81	7.38
2023.342	31.95	9.33	13.82	13.43	18.62	15.82	7.31
2023.345	31.96	9.38	13.76	13.50	18.60	15.80	7.28
2023.348	31.97	9.42	13.71	13.67	18.47	15.79	7.25
2023.351	31.97	9.44	13.68	13.79	18.39	15.78	7.23
2023.353	31.97	9.46	13.64	13.92	18.31	15.77	7.18
2023.356	31.95	9.49	13.62	13.87	18.38	15.77	7.16
2023.359	31.96	9.50	13.57	14.07	18.11	15.88	7.13
2023.362	31.97	9.51	13.49	14.10	17.96	16.11	7.09
2023.364	31.96	9.53	13.43	14.09	17.90	16.23	7.06
2023.367	31.97	9.54	13.36	14.14	17.72	16.45	7.04
2023.370	31.98	9.52	13.32	14.09	17.72	16.57	7.01
2023.373	31.96	9.53	13.26	14.07	17.98	16.41	6.97
2023.375	31.90	9.59	13.22	14.07	18.32	16.14	6.94
2023.378	31.81	9.67	13.19	14.10	18.33	16.16	6.92
2023.381	31.73	9.75	13.13	14.20	18.25	16.23	6.87
2023.384	31.69	9.78	13.09	14.19	18.18	16.34	6.85
2023.386	31.62	9.84	13.04	14.26	18.35	16.15	6.82
2023.389	31.55	9.91	13.00	14.41	18.55	15.78	6.81
2023.392	31.47	9.98	12.96	14.48	18.83	15.47	6.76
2023.395	31.43	10.39	12.60	14.50	18.81	15.45	6.74
2023.397	31.36	10.46	12.61	14.46	18.83	15.44	6.69
2023.400	31.30	10.48	12.67	14.41	18.86	15.43	6.61
2023.403	31.25	10.51	12.70	14.34	18.77	15.54	6.56
2023.405	31.23	10.49	12.76	14.52	18.41	15.69	6.54
2023.408	31.18	10.50	12.90	14.36	18.29	15.83	6.47
2023.411	31.14	10.53	13.13	14.04	18.34	16.00	6.28
2023.414	31.08	10.56	13.17	14.01	18.44	15.94	6.27
2023.416	31.03	10.58	13.19	14.06	18.53	15.82	6.26
2023.419	31.02	10.56	13.19	13.99	18.70	15.77	6.27
2023.422	31.00	10.55	13.17	13.94	18.86	15.73	6.25
2023.425	30.99	10.53	13.18	13.96	18.98	15.74	6.12
2023.427	30.97	10.51	13.20	14.03	19.01	15.67	6.13
2023.430	30.94	10.52	13.19	14.09	18.99	15.67	6.14
2023.433	30.92	10.50	13.21	14.13	19.02	15.61	6.15
2023.436	30.90	10.47	13.26	14.19	19.09	15.49	6.16
2023.438	30.89	10.43	13.34	14.14	19.14	15.46	6.17
2023.441	30.88	10.43	13.37	14.09	18.97	15.68	6.16
2023.444	30.84	10.43	13.41	14.03	19.01	15.69	6.16
2023.447	30.83	10.47	13.40	13.98	19.05	15.69	6.14
2023.449	30.82	10.48	13.41	13.92	19.09	15.71	6.12
2023.452	30.82	10.49	13.31	13.97	19.12	15.73	6.10
2023.455	30.81	10.54	13.03	14.19	19.16	15.73	6.08
2023.458	30.80	10.57	13.00	14.21	19.18	15.70	6.06
2023.460	30.79	10.62	13.11	14.12	19.09	15.76	6.00
2023.463	30.78	10.62	12.98	14.14	19.14	15.85	5.96
2023.466	30.77	10.62	12.92	14.23	19.06	15.92	5.92
2023.468	30.77	10.67	12.81	14.44	18.84	16.02	5.88
2023.471	30.76	10.73	12.70	14.45	18.85	16.08	5.83
2023.474	30.74	10.87	12.56	14.46	18.94	16.03	5.79
2023.477	30.74	10.95	12.50	14.41	18.74	16.26	5.75
2023.479	30.74	11.02	12.49	14.35	18.69	16.34	5.71
2023.482	30.72	11.11	12.46	14.35	18.59	16.41	5.70
2023.485	30.71	11.20	12.39	14.29	18.58	16.45	5.67
2023.488	30.71	11.26	12.34	14.21	18.61	16.49	5.65
2023.490	30.70	11.30	12.35	14.30	18.40	16.57	5.63
2023.493	30.68	11.32	12.31	14.33	18.38	16.63	5.59
2023.496	30.68	11.32	12.26	14.33	18.67	16.39	5.56
2023.499	30.68	11.26	12.31	14.33	18.65	16.44	5.52
2023.501	30.68	11.29	12.35	14.28	18.70	16.38	5.45
2023.504	30.69	11.33	12.27	14.33	18.79	16.27	5.41
2023.507	30.71	11.35	12.19	14.30	18.96	16.24	5.29
2023.510	30.71	11.40	12.11	14.23	19.17	16.14	5.25
2023.512	30.68	11.46	12.11	14.27	19.17	16.07	5.24
2023.515	30.64	11.55	12.26	14.15	19.13	16.06	5.22
2023.518	30.58	11.66	12.35	14.08	19.06	16.07	5.20
2023.521	30.54	11.75	12.25	14.15	19.04	16.09	5.17
2023.523	30.50	11.83	12.17	14.13	19.09	16.05	5.21
2023.526	30.46	11.90	12.11	14.03	19.19	15.96	5.31
2023.529	30.42	11.99	12.04	14.06	19.17	15.96	5.34
2023.532	30.38	12.02	12.01	14.07	19.24	15.81	5.42
2023.534	30.35	12.03	11.98	14.19	19.18	15.70	5.53
2023.537	30.28	12.06	11.99	14.11	19.28	15.69	5.52
2023.540	30.24	12.02	12.04	14.02	19.40	15.70	5.51
2023.542	30.21	11.98	12.09	13.97	19.48	15.70	5.64
2023.545	30.16	11.96	12.12	14.00	19.48	15.72	5.81
2023.548	30.15	11.86	12.29	13.94	19.48	15.74	6.03
2023.551	30.15	11.80	12.43	13.87	19.58	15.64	6.02
2023.553	30.14	11.74	12.60	13.76	19.48	15.77	5.94
2023.556	30.11	11.67	12.64	13.83	19.48	15.79	5.89
2023.559	30.10	11.53	12.74	13.87	19.48	15.80	5.84
2023.562	30.10	11.42	12.82	13.89	19.43	15.84	5.81
2023.564	30.11	11.31	12.95	13.85	19.33	15.97	5.72
2023.567	30.11	11.24	13.06	13.74	19.33	16.04	5.67
2023.570	30.13	11.28	13.03	13.57	19.71	15.79	5.63
2023.573	30.13	11.23	13.03	13.54	19.79	15.77	5.60
2023.575	30.11	11.22	13.09	13.38	19.93	15.74	5.56
2023.578	29.96	11.36	13.10	13.44	19.96	15.62	5.55
2023.581	29.80	11.45	13.15	13.37	20.31	15.32	5.53
2023.584	29.58	11.65	13.19	13.44	20.13	15.41	5.48
2023.586	29.46	11.74	13.23	13.48	20.12	15.36	5.41
2023.589	29.33	11.80	13.31	13.49	20.01	15.44	5.41
2023.592	29.32	11.76	13.56	13.30	19.87	15.57	5.41
2023.595	29.32	11.70	13.64	13.27	20.07	15.37	5.41
2023.597	29.30	11.63	13.76	13.29	19.75	15.63	5.42
2023.600	29.31	11.56	13.80	13.29	19.76	15.63	5.41
2023.603	29.31	11.51	13.83	13.29	19.79	15.62	5.41
2023.605	29.31	11.41	13.91	13.31	19.79	15.61	5.41
2023.608	29.31	11.36	13.94	13.33	19.79	15.60	5.42
2023.611	29.30	11.30	13.98	13.35	19.79	15.56	5.45
2023.614	29.30	11.21	14.07	13.36	19.71	15.58	5.51
2023.616	29.29	11.17	14.16	13.32	19.06	16.16	5.57
2023.619	29.30	11.10	14.37	13.16	19.39	15.69	5.69
2023.622	29.39	10.91	14.51	13.40	19.34	15.47	5.69
2023.625	29.44	10.79	14.72	13.29	19.21	15.55	5.69
2023.627	29.39	10.78	14.74	13.14	19.32	15.65	5.66
2023.630	29.39	10.74	14.67	13.13	19.40	15.70	5.65
2023.633	29.40	10.76	14.59	13.18	19.35	15.76	5.63
2023.636	29.38	10.80	14.52	13.14	19.43	15.81	5.58
2023.638	29.35	10.82	14.54	13.05	19.54	15.80	5.56
2023.641	29.32	10.86	14.33	13.27	19.55	15.80	5.52
2023.644	29.29	10.90	14.24	13.37	19.57	15.81	5.46
2023.647	29.26	10.95	14.14	13.48	19.58	15.79	5.44
2023.649	29.23	10.91	14.20	13.52	19.59	15.79	5.40
2023.652	29.20	10.86	14.41	13.46	19.51	15.79	5.38
2023.655	29.18	10.80	14.39	13.54	19.31	16.02	5.36
2023.658	29.23	10.68	14.39	13.64	19.15	16.17	5.34
2023.660	29.32	10.56	14.37	13.68	19.13	16.21	5.33
2023.663	29.41	10.57	14.25	13.71	19.10	16.28	5.27
2023.666	29.50	10.53	14.08	13.82	19.54	15.91	5.19
2023.668	29.60	10.39	13.99	13.96	19.48	15.98	5.17
2023.671	29.69	10.17	13.95	14.13	19.41	16.03	5.19
2023.674	29.83	9.95	14.02	14.13	19.35	16.09	5.19
2023.677	29.92	9.79	14.42	13.81	18.99	16.50	5.14
2023.679	30.01	9.62	14.48	13.82	18.95	16.54	5.14
2023.682	30.12	9.38	14.61	13.82	18.92	16.56	5.15
2023.685	30.39	9.04	14.75	13.76	18.90	16.58	5.16
2023.688	30.54	8.82	14.89	13.63	18.86	16.67	5.17
2023.690	30.62	8.67	14.80	13.82	18.56	16.96	5.18
2023.693	30.77	8.39	14.92	13.83	18.41	17.10	5.19
2023.696	30.85	8.23	14.99	13.80	18.30	17.24	5.20
2023.699	30.94	8.08	15.05	13.97	18.00	17.37	5.21
2023.701	31.03	7.91	15.12	13.88	18.11	17.37	5.22
2023.704	31.12	7.75	15.18	13.89	18.13	17.34	5.23
2023.707	31.22	7.52	15.30	13.90	18.15	17.33	5.22
2023.710	31.31	7.36	15.35	13.82	18.28	17.72	4.82
2023.712	31.48	7.12	15.43	13.81	18.32	17.81	4.68
2023.715	31.57	6.95	15.50	13.81	18.31	17.84	4.69
2023.718	31.66	6.73	15.72	13.63	18.32	17.91	4.70
2023.721	31.69	6.63	15.68	13.79	18.21	17.97	4.71
2023.723	31.72	6.52	15.56	13.74	18.39	18.04	4.74
2023.726	31.73	6.44	15.62	13.75	18.41	18.02	4.76
2023.729	31.74	6.39	15.64	13.77	18.42	18.00	4.79
2023.732	31.76	6.59	15.41	13.82	18.44	17.97	4.81
2023.734	31.77	6.43	15.60	13.80	18.44	17.34	5.44
2023.737	31.79	6.53	15.56	13.72	18.45	17.34	5.52
2023.740	31.81	6.65	15.39	13.70	18.49	17.34	5.78
2023.742	31.81	6.86	15.24	13.64	18.49	17.34	5.89
2023.745	31.82	7.18	14.71	13.83	18.61	17.22	5.90
2023.748	31.85	7.48	14.32	13.84	18.79	17.09	5.92
2023.751	31.88	7.83	13.92	13.89	18.74	17.12	5.92
2023.753	31.92	8.11	13.56	13.78	18.82	17.18	5.93
2023.756	31.93	8.44	13.27	13.75	18.82	17.20	5.93
2023.759	31.94	8.81	12.94	13.67	18.77	17.31	5.92
2023.762	31.93	9.01	12.76	13.56	18.77	17.41	5.91
2023.764	31.92	9.01	12.60	13.81	18.61	17.57	5.85
2023.767	31.92	8.95	12.65	13.67	18.80	17.58	5.83
2023.770	31.91	8.92	12.65	13.68	18.70	17.64	5.90
2023.773	31.82	8.96	12.70	13.70	18.65	17.63	5.95
2023.775	31.72	9.03	12.79	13.66	18.63	17.61	5.99
2023.778	31.69	8.99	13.03	13.50	18.60	17.60	6.02
2023.781	31.65	9.00	13.05	13.56	18.54	17.61	6.06
2023.784	31.60	9.00	13.20	13.49	18.56	17.55	6.08
2023.786	31.49	9.07	13.33	13.50	18.45	17.55	6.11
2023.789	31.39	9.11	13.48	13.35	18.48	17.56	6.14
2023.792	31.29	9.17	13.59	13.31	18.46	17.57	6.15
2023.795	31.20	9.36	13.64	13.13	18.50	17.58	6.16
2023.797	31.01	9.52	13.71	12.98	18.60	17.59	6.18
2023.800	30.92	9.56	13.75	12.89	18.69	17.60	6.18
2023.803	30.82	9.60	13.69	12.98	18.71	17.61	6.19
2023.805	30.72	9.65	13.79	12.97	18.68	17.62	6.21
2023.808	30.61	9.70	13.79	12.98	18.69	17.65	6.24
2023.811	30.59	9.67	13.77	12.92	18.79	17.71	6.25
2023.814	30.59	9.56	13.84	12.93	18.75	17.78	6.25
2023.816	30.60	9.50	13.87	12.94	18.72	17.86	6.24
2023.819	30.60	9.45	13.92	12.93	18.69	17.93	6.23
2023.822	30.69	9.56	13.80	12.82	18.67	18.01	6.22
2023.825	30.72	9.54	13.92	12.60	18.70	18.08	6.13
2023.827	30.74	9.53	14.02	12.49	18.66	18.16	6.08
2023.830	30.77	9.48	14.10	12.50	18.53	18.24	6.07
2023.833	30.81	9.40	14.23	12.45	18.41	18.36	6.08
2023.836	30.84	9.33	14.22	12.49	18.36	18.44	6.10
2023.838	30.87	9.26	14.07	12.80	18.01	18.47	6.34
2023.841	30.91	9.18	14.02	13.09	17.83	18.37	6.47
2023.844	30.94	9.11	13.86	13.46	17.64	18.29	6.55
2023.847	31.06	9.01	13.85	13.46	17.63	18.29	6.56
2023.849	31.04	9.08	13.90	13.41	17.56	18.32	6.56
2023.852	31.01	9.14	13.98	13.32	17.49	18.38	6.56
2023.855	30.99	9.18	14.02	13.23	17.47	18.35	6.63
2023.858	30.97	9.23	14.02	13.17	17.47	18.21	6.81
2023.860	30.95	9.27	13.95	13.16	17.65	17.99	6.91
2023.863	30.93	9.28	13.91	13.19	17.71	17.96	6.91
2023.866	30.90	9.29	13.84	13.23	17.76	18.02	6.85
2023.868	30.94	9.22	13.81	13.23	17.81	18.09	6.78
2023.871	30.99	9.12	14.51	12.63	17.77	18.15	6.72
2023.874	31.15	8.81	14.66	12.75	17.61	18.21	6.69
2023.877	31.24	8.79	14.64	12.72	17.63	18.25	6.63
2023.879	31.32	8.68	14.68	12.70	17.65	18.26	6.60
2023.882	31.40	8.17	15.13	12.68	17.69	18.22	6.60
2023.885	31.42	8.24	14.97	12.75	17.71	18.21	6.60
2023.888	31.44	8.41	14.43	13.11	17.73	18.19	6.60
2023.890	31.45	8.42	14.25	13.26	17.75	18.18	6.60
2023.893	31.47	8.40	14.31	13.10	17.86	18.17	6.59
2023.896	31.51	8.31	14.50	12.94	17.84	18.22	6.59
2023.899	31.53	8.23	14.63	12.83	17.86	18.25	6.59
2023.901	31.54	8.16	14.75	12.94	17.67	18.28	6.59
2023.904	31.56	8.04	14.91	12.87	17.62	18.32	6.59
2023.907	31.58	7.93	14.98	12.90	17.62	18.33	6.58
2023.910	31.59	7.72	15.12	12.95	17.62	18.33	6.58
2023.912	31.62	7.60	15.27	12.90	17.62	18.34	6.58
2023.915	31.62	7.50	15.31	12.96	17.62	18.34	6.58
2023.918	31.57	7.78	15.01	13.02	17.62	18.35	6.57
2023.921	31.57	7.98	14.94	12.89	17.62	18.35	6.57
2023.923	31.57	8.06	14.85	12.90	17.62	18.31	6.61
2023.926	31.56	8.10	14.96	12.76	17.62	18.20	6.73
2023.929	31.56	8.08	14.90	12.85	17.62	18.03	6.90
2023.932	31.56	8.06	14.82	12.94	17.64	18.00	6.91
2023.934	31.55	8.03	14.91	12.95	17.66	17.90	6.94
2023.937	31.55	8.02	15.24	12.74	17.59	17.85	6.92
2023.940	31.55	7.99	15.27	12.80	17.49	17.92	6.82
2023.942	31.54	7.97	15.29	13.04	17.39	17.78	6.77
2023.945	31.54	7.94	15.32	13.13	17.14	17.97	6.74
2023.948	31.54	7.93	15.32	13.14	17.07	18.06	6.73
2023.951	31.53	7.90	15.24	13.40	16.86	18.13	6.71
2023.953	31.53	7.89	15.14	13.60	16.76	18.18	6.68
2023.956	31.53	7.85	15.10	13.75	16.73	18.16	6.67
2023.959	31.52	7.86	14.98	13.88	16.76	18.12	6.65
2023.962	31.52	7.88	14.92	13.84	16.84	18.20	6.57
2023.964	31.52	7.91	14.89	13.71	16.98	18.25	6.52
2023.967	31.51	7.91	14.88	13.63	16.94	18.42	6.46
2023.970	31.51	7.97	14.85	13.61	16.86	18.58	6.38
2023.973	31.51	7.87	15.43	13.13	16.78	18.72	6.32
2023.975	31.50	7.46	15.85	13.13	16.71	18.80	6.31
2023.978	31.50	7.45	15.85	12.99	16.87	18.79	6.30
2023.981	31.49	7.43	15.88	12.90	17.04	18.71	6.29
2023.984	31.49	7.41	15.79	13.02	17.27	18.48	6.28
2023.986	31.49	7.40	15.77	12.99	17.35	18.48	6.26
2023.989	31.49	7.39	15.85	13.11	17.17	18.49	6.25
2023.992	31.48	7.36	15.96	13.11	17.08	18.52	6.22
2023.995	31.38	7.44	15.98	13.09	17.12	18.52	6.22
2023.997	31.13	7.80	15.89	13.10	17.26	18.36	6.21
2024.000	31.14	7.88	15.86	13.06	17.33	18.29	6.19
2024.003	31.14	7.98	15.81	13.00	17.41	18.22	6.19
2024.005	31.13	8.04	15.63	13.13	17.59	18.06	6.18
2024.008	31.10	8.05	15.66	13.14	17.66	17.97	6.20
2024.011	31.04	8.05	15.72	13.23	17.59	17.95	6.06
2024.014	31.01	7.99	15.80	13.21	17.60	17.94	6.07
2024.016	31.01	7.91	15.88	13.13	17.68	17.94	6.08
2024.019	30.85	7.99	16.04	13.05	17.68	17.93	6.09
2024.022	30.57	8.19	16.17	13.01	17.68	17.92	6.10
2024.025	30.45	8.22	16.25	13.02	17.76	17.84	6.11
2024.027	30.40	8.21	16.29	13.03	17.76	17.83	6.11
2024.030	30.31	8.26	16.31	13.16	17.95	17.52	6.12
2024.033	30.26	8.22	16.38	13.20	18.05	17.39	6.13
2024.036	30.21	8.24	16.40	13.20	18.11	17.34	6.14
2024.038	30.16	8.25	16.40	13.16	18.06	17.47	6.14
2024.041	30.12	8.26	16.45	13.11	17.79	17.74	6.17
2024.044	30.07	8.29	16.44	13.13	17.75	17.72	6.24
2024.047	30.02	8.30	16.48	13.02	17.86	17.66	6.30
2024.049	29.93	8.34	16.53	12.97	17.95	17.56	6.36
2024.052	29.89	8.32	16.59	12.96	18.04	17.47	6.37
2024.055	29.83	8.30	16.61	13.07	17.91	17.55	6.49
2024.058	29.80	8.23	16.70	13.21	17.74	17.59	6.61
2024.060	29.76	8.19	16.76	13.32	17.66	17.58	6.64
2024.063	29.72	8.18	16.78	13.28	17.71	17.57	6.65
2024.066	29.69	8.17	16.82	13.27	17.73	17.49	6.74
2024.068	29.65	8.20	16.78	13.46	17.57	17.17	7.06
2024.071	29.59	8.27	16.72	13.46	17.63	17.34	6.90
2024.074	29.54	8.31	16.66	13.51	17.63	17.44	6.81
2024.077	29.51	8.35	16.63	13.48	17.68	17.26	7.01
2024.079	29.47	8.39	16.57	13.47	17.77	17.05	7.20
2024.082	29.43	8.42	16.51	13.51	17.74	16.93	7.38
2024.085	29.40	8.43	16.48	13.63	17.68	16.92	7.39
2024.088	29.36	8.29	16.63	13.68	17.69	16.90	7.39
2024.090	29.30	8.38	16.54	13.73	17.71	16.88	7.39
2024.093	29.25	8.44	16.44	13.81	17.72	16.88	7.39
2024.096	29.21	8.47	16.41	13.84	17.72	16.89	7.39
2024.099	29.18	8.42	16.38	13.95	17.72	16.89	7.39
2024.101	29.14	8.38	16.45	14.04	17.61	16.92	7.39
2024.104	29.11	8.41	16.34	14.23	17.52	16.92	7.39
2024.107	29.10	8.42	16.22	14.40	17.48	16.92	7.39
2024.110	29.09	8.43	16.21	14.41	17.48	16.92	7.39
2024.112	29.07	8.45	16.20	14.42	17.57	16.84	7.39
2024.115	29.06	8.46	16.19	14.43	17.61	16.79	7.39
2024.118	29.02	8.50	15.93	14.69	17.61	16.79	7.39
2024.121	28.95	8.57	15.81	14.80	17.61	16.79	7.39
2024.123	28.82	8.70	15.91	14.70	17.61	16.79	7.37
2024.126	28.75	8.77	15.96	14.65	17.61	16.79	7.39
2024.129	28.68	8.84	15.94	14.66	17.59	16.84	7.39
2024.132	28.61	8.91	15.91	14.71	17.48	16.92	7.39
2024.134	28.54	8.98	15.85	14.77	17.48	16.92	7.39
2024.137	28.47	9.05	15.78	14.94	17.37	16.92	7.39
2024.140	28.42	9.10	15.97	14.76	17.37	16.92	7.39
2024.142	28.38	9.14	16.07	14.59	17.44	16.92	7.39
2024.145	28.29	9.23	16.06	14.67	17.37	16.79	7.53
2024.148	28.28	9.24	16.05	14.73	17.45	16.63	7.56
2024.151	28.28	9.24	16.04	14.74	17.45	16.62	7.56
2024.153	28.17	9.33	15.92	14.86	17.47	16.62	7.57
2024.156	28.20	9.23	16.11	14.71	17.50	16.62	7.57
2024.159	28.37	9.06	16.10	14.72	17.77	16.35	7.57
2024.162	28.45	8.98	16.09	14.73	17.77	16.35	7.57
2024.164	28.47	8.96	16.08	14.74	17.77	16.35	7.57
2024.167	28.50	8.93	16.06	14.76	17.77	16.28	7.64
2024.170	28.56	8.87	16.05	14.78	17.76	16.16	7.76
2024.173	28.59	8.84	16.08	14.75	17.75	16.04	7.88
2024.175	28.62	8.74	16.27	14.66	17.72	15.92	8.00
2024.178	28.65	8.78	16.25	14.62	17.72	15.80	8.12
2024.181	28.68	8.75	16.25	14.62	17.74	15.73	8.17
2024.184	28.71	8.72	16.25	14.62	17.72	15.72	8.20
2024.186	28.73	8.70	16.31	14.56	17.72	15.70	8.22
2024.189	28.70	8.73	16.36	14.51	17.72	15.69	8.23
2024.192	28.69	8.74	16.31	14.56	17.72	15.68	8.24
2024.195	28.67	8.76	16.31	14.56	17.72	15.67	8.25
2024.197	28.66	8.77	16.31	14.51	17.77	15.66	8.25
2024.200	28.65	8.78	16.31	14.51	17.77	15.66	8.26
2024.203	28.63	8.80	16.31	14.40	17.88	15.64	8.28
2024.205	28.62	8.81	16.31	14.40	17.88	15.63	8.29
2024.208	28.57	8.86	16.31	14.40	17.88	15.58	8.34
2024.211	28.47	8.96	16.38	14.33	17.88	15.53	8.39
2024.214	28.40	9.03	16.31	14.40	17.88	15.48	8.44
2024.216	28.28	9.15	16.31	14.40	17.88	15.45	8.47
2024.219	28.28	9.15	16.34	14.37	17.88	15.40	8.52
2024.222	28.28	9.14	16.54	13.98	18.08	15.35	8.57
2024.225	28.50	8.80	16.75	13.88	18.08	15.30	8.62
2024.227	28.48	8.70	16.97	13.79	18.08	15.26	8.66
2024.230	28.46	8.58	17.10	13.79	18.08	15.25	8.67
2024.233	28.45	8.98	16.71	13.79	18.08	15.23	8.69
2024.236	28.44	8.99	16.71	13.99	17.88	15.23	8.69
2024.238	28.43	9.00	16.78	13.93	17.88	15.29	8.63
2024.241	28.42	9.01	16.79	13.91	17.88	15.36	8.56
2024.244	28.42	9.02	16.79	13.91	17.88	15.43	8.49
2024.247	28.40	9.03	16.79	13.91	17.88	15.49	8.42
2024.249	28.39	9.04	16.79	13.91	17.88	15.50	8.42
2024.252	28.38	9.14	16.70	13.91	17.91	15.47	8.42
2024.255	28.37	9.15	16.70	13.91	17.91	15.46	8.43
2024.258	28.34	9.18	16.70	13.91	17.91	15.46	8.44
2024.260	28.30	9.22	16.70	13.91	17.91	15.45	8.45
2024.263	28.25	9.27	16.70	13.91	18.06	15.29	8.45
2024.266	28.20	9.32	16.70	13.91	18.12	15.21	8.47
2024.268	28.15	9.37	16.70	13.91	18.19	15.14	8.47
2024.271	28.08	9.44	16.70	13.91	18.30	15.01	8.48
2024.274	28.03	9.49	16.70	13.91	18.31	14.99	8.49
2024.277	28.01	9.51	16.62	13.99	18.38	14.92	8.50
2024.279	28.00	9.52	16.62	13.99	18.44	14.85	8.51
2024.282	28.05	9.47	16.62	13.99	18.51	14.78	8.51
2024.285	28.24	9.28	16.62	13.99	18.57	14.71	8.52
2024.288	28.28	9.24	16.62	13.99	18.64	14.63	8.53
2024.290	28.28	9.24	16.62	13.99	18.70	14.56	8.54
2024.293	28.28	9.24	16.62	13.99	18.41	14.85	8.55
2024.296	28.28	9.24	16.70	13.91	18.30	14.94	8.56
2024.299	28.28	9.24	16.70	13.91	18.30	14.93	8.56
2024.301	28.28	9.24	16.70	13.91	18.30	14.92	8.57
2024.304	28.28	9.24	16.70	13.89	18.33	14.92	8.58
2024.307	28.28	9.24	16.70	13.79	18.43	14.90	8.59
2024.310	28.28	9.24	16.70	13.71	18.50	14.90	8.60
2024.312	28.28	9.24	16.70	13.71	18.50	14.89	8.61
2024.315	28.28	9.24	16.76	13.78	18.37	14.88	8.61
2024.318	28.28	9.24	17.08	13.54	18.30	14.87	8.62
2024.321	28.28	9.24	17.28	13.33	18.70	14.47	8.63
2024.323	28.28	9.24	17.28	13.33	18.65	14.52	8.63
2024.326	28.28	9.24	17.28	13.33	18.60	14.55	8.65
2024.329	28.28	9.24	17.28	13.33	18.55	14.58	8.67
2024.332	28.28	9.24	17.28	13.33	18.50	14.62	8.68
2024.334	28.28	9.24	17.28	13.33	18.45	14.70	8.65
2024.337	28.28	9.24	17.28	13.33	18.40	14.78	8.62
2024.340	28.28	9.24	17.28	13.33	18.35	14.82	8.63
2024.342	28.28	9.24	17.28	13.33	18.30	14.85	8.65
2024.345	28.28	9.24	17.28	13.33	18.30	14.83	8.67
2024.348	28.28	9.24	17.28	13.33	18.30	14.81	8.69
2024.351	28.28	9.24	17.28	13.33	18.30	14.80	8.70
2024.353	28.28	9.24	17.28	13.33	18.30	14.79	8.70
2024.356	28.28	9.24	17.28	13.33	18.30	14.79	8.71
2024.359	28.28	9.24	17.28	13.33	18.30	14.78	8.72
2024.362	28.28	9.24	17.28	13.33	18.30	14.77	8.72
2024.364	28.28	9.24	17.28	13.33	18.30	14.77	8.73
2024.367	28.28	9.24	17.58	13.03	18.30	14.76	8.73
2024.370	28.28	9.24	17.56	13.05	18.30	14.75	8.74
2024.373	28.28	9.24	17.48	13.13	18.30	14.75	8.75
2024.375	28.28	9.24	17.32	13.29	18.30	14.74	8.75
2024.378	28.28	9.24	17.28	13.33	18.30	14.74	8.76
2024.381	28.28	9.24	17.28	13.33	18.30	14.73	8.77
2024.384	28.28	9.24	17.28	13.33	18.30	14.73	8.77
2024.386	28.28	9.24	17.28	13.33	18.30	14.72	8.78
2024.389	28.28	9.24	17.28	13.33	18.30	14.71	8.78
2024.392	28.28	9.24	17.28	13.33	18.30	14.70	8.79
2024.395	28.28	9.24	17.28	13.13	18.50	14.70	8.80
2024.397	28.28	9.24	17.28	13.13	18.50	14.69	8.80
2024.400	28.28	9.24	17.28	13.13	18.50	14.69	8.81
2024.403	28.28	9.24	17.28	13.13	18.50	14.68	8.82
2024.405	28.28	9.24	17.28	13.13	18.50	14.68	8.82
2024.408	28.28	9.24	17.28	13.13	18.50	14.67	8.83
2024.411	28.28	9.24	17.28	13.13	18.50	14.66	8.83
2024.414	28.28	9.24	17.28	13.13	18.50	14.65	8.84
2024.416	28.28	9.24	17.28	13.13	18.50	14.65	8.85
2024.419	28.28	9.24	17.28	13.13	18.50	14.64	8.85
2024.422	28.28	9.24	17.28	13.29	18.32	14.66	8.86
2024.425	28.28	9.24	17.28	13.33	18.16	14.78	8.86
2024.427	28.28	9.24	17.28	13.33	18.09	14.84	8.87
2024.430	28.28	9.24	17.28	13.33	18.03	14.90	8.88
2024.433	28.28	9.24	17.28	13.33	17.91	15.01	8.88
2024.436	28.28	9.24	17.28	13.33	17.91	15.00	8.89
2024.438	28.28	9.24	17.28	13.33	17.91	15.00	8.90
2024.441	28.28	9.24	17.28	13.33	17.91	14.99	8.90
2024.444	28.28	9.24	17.28	13.33	17.91	14.99	8.91
2024.447	28.28	9.24	17.28	13.33	17.91	14.99	8.91
2024.449	28.28	9.24	17.28	13.33	17.91	14.99	8.91
2024.452	28.28	9.24	17.28	13.33	17.91	14.99	8.91
2024.455	28.28	9.24	17.28	13.33	17.91	14.99	8.91
2024.458	28.28	9.24	17.05	13.57	17.91	14.99	8.91
2024.460	28.28	9.24	16.70	13.91	17.91	15.01	8.88
2024.463	28.28	9.24	16.70	13.91	17.91	15.13	8.76
2024.466	28.28	9.24	16.70	13.91	17.91	15.25	8.64
2024.468	28.28	9.24	16.70	13.91	17.91	15.37	8.53
2024.471	28.28	9.24	16.70	13.91	17.91	15.49	8.41
2024.474	28.28	9.24	16.70	13.91	17.91	15.49	8.41
2024.477	28.28	9.24	16.70	13.91	17.91	15.49	8.41
2024.479	28.28	9.24	16.70	13.91	17.91	15.49	8.41
2024.482	28.28	9.24	16.70	13.91	17.91	15.49	8.41
2024.485	28.28	9.24	16.70	13.91	17.91	15.49	8.41
2024.488	28.28	9.24	16.62	13.99	17.91	15.49	8.41
2024.490	28.28	9.24	16.62	13.99	17.91	15.49	8.41
2024.493	28.28	9.24	16.62	13.99	17.91	15.49	8.41
2024.496	28.28	9.24	16.62	13.99	17.91	15.49	8.41
2024.499	28.28	9.24	16.62	13.99	17.91	15.49	8.41