X	Percentil5	Percentil10	Percentil25	Percentil50	Percentil75	Percentil90	Percentil95
2019.501	53.15	9.78	11.82	12.41	12.55	11.04	4.61
2019.504	53.15	9.78	11.82	12.41	12.55	11.04	4.61
2019.507	53.15	9.78	11.82	12.41	12.55	11.04	4.61
2019.510	53.15	9.78	11.82	12.41	12.55	11.04	4.61
2019.512	53.15	9.78	11.82	12.41	12.55	11.04	4.61
2019.515	53.15	9.78	11.82	12.41	12.55	11.04	4.61
2019.518	53.15	9.81	11.79	12.41	12.55	11.04	4.61
2019.521	53.15	9.84	11.76	12.41	12.55	11.04	4.61
2019.523	53.15	9.88	11.72	12.41	12.55	11.04	4.61
2019.526	53.15	9.91	11.69	12.41	12.55	11.04	4.61
2019.529	53.15	9.93	11.67	12.25	12.72	11.04	4.61
2019.532	53.15	9.95	11.65	12.21	12.76	11.04	4.61
2019.534	53.15	9.97	11.63	12.21	12.76	11.04	4.61
2019.537	53.15	9.99	11.61	12.21	12.76	11.04	4.61
2019.540	53.15	9.99	11.61	12.21	12.76	11.04	4.61
2019.542	53.15	9.99	11.61	12.21	12.76	11.04	4.61
2019.545	53.15	9.99	11.61	12.21	12.76	11.04	4.61
2019.548	53.15	9.99	11.61	12.21	12.76	11.04	4.61
2019.551	53.15	9.99	11.61	12.21	12.76	11.04	4.61
2019.553	53.15	9.99	11.61	12.21	12.76	11.04	4.61
2019.556	53.15	9.99	11.61	12.21	12.76	11.04	4.61
2019.559	53.15	9.99	11.61	12.21	12.76	11.04	4.61
2019.562	53.15	9.99	11.61	12.21	12.76	11.04	4.61
2019.564	53.15	9.99	11.61	12.21	12.76	11.04	4.61
2019.567	53.15	9.99	11.61	12.21	12.76	11.04	4.61
2019.570	53.15	9.99	11.61	12.17	12.80	11.04	4.61
2019.573	53.15	9.99	11.61	12.17	12.80	11.04	4.61
2019.575	53.15	9.99	11.61	12.17	12.80	11.04	4.61
2019.578	53.15	9.99	11.61	12.17	12.80	11.04	4.61
2019.581	53.15	9.99	11.61	12.17	12.80	11.04	4.61
2019.584	53.15	9.99	11.61	12.17	12.80	11.04	4.61
2019.586	53.15	9.99	11.61	12.17	12.80	11.04	4.61
2019.589	53.15	9.99	11.61	12.17	12.80	11.04	4.61
2019.592	53.15	9.82	11.78	12.17	12.80	11.04	4.61
2019.595	53.15	9.69	11.89	12.19	12.80	11.04	4.61
2019.597	53.15	9.69	11.86	12.22	12.80	11.04	4.61
2019.600	53.15	9.69	11.86	12.22	12.80	11.04	4.61
2019.603	53.15	9.69	11.91	12.17	12.80	11.04	4.61
2019.605	53.15	9.69	11.91	12.17	12.80	11.04	4.61
2019.608	53.15	9.69	11.91	12.17	12.80	11.04	4.61
2019.611	53.15	9.69	11.91	12.17	12.80	11.04	4.61
2019.614	53.15	9.69	11.91	12.17	12.80	11.04	4.61
2019.616	53.15	9.69	11.91	12.17	12.80	11.04	4.61
2019.619	53.15	9.69	11.82	12.26	12.80	11.04	4.61
2019.622	53.15	9.69	11.82	12.26	12.80	11.04	4.61
2019.625	53.15	9.68	11.83	12.26	12.80	11.04	4.61
2019.627	53.15	9.60	11.91	12.26	12.91	10.94	4.61
2019.630	53.15	9.52	11.99	12.26	12.91	10.94	4.61
2019.633	53.15	9.50	12.01	12.26	12.91	10.94	4.61
2019.636	53.15	9.50	12.04	12.22	12.91	10.94	4.61
2019.638	53.15	9.50	12.10	12.17	12.91	10.86	4.68
2019.641	53.15	9.50	12.10	12.17	12.91	10.79	4.76
2019.644	53.15	9.50	12.08	12.18	12.91	10.79	4.76
2019.647	53.15	9.50	12.08	12.19	12.91	10.79	4.76
2019.649	53.15	9.50	12.07	12.19	12.91	10.79	4.76
2019.652	53.15	9.62	11.98	12.17	12.91	10.79	4.76
2019.655	53.15	9.50	12.10	12.17	12.91	10.79	4.76
2019.658	53.15	9.50	12.10	12.17	12.91	10.79	4.76
2019.660	53.15	9.50	12.10	12.17	12.91	10.82	4.73
2019.663	53.15	9.50	12.10	12.17	12.91	10.94	4.61
2019.666	53.15	9.50	12.10	12.17	12.91	10.94	4.61
2019.668	53.10	9.55	12.10	12.17	12.91	10.94	4.61
2019.671	52.98	9.67	12.10	12.17	12.91	10.94	4.61
2019.674	52.87	9.79	12.09	12.17	12.91	10.94	4.61
2019.677	52.84	10.00	11.87	12.21	12.90	10.94	4.72
2019.679	52.84	10.03	11.88	12.17	12.90	10.94	4.72
2019.682	52.84	10.07	11.84	12.17	12.90	10.94	4.72
2019.685	52.84	10.10	11.80	12.17	12.90	10.94	4.72
2019.688	52.84	10.18	11.72	12.17	12.90	10.94	4.72
2019.690	52.84	10.21	11.69	12.17	12.90	10.94	4.72
2019.693	52.84	10.24	11.67	12.17	12.90	10.94	4.72
2019.696	52.84	10.26	11.64	12.17	12.90	10.94	4.72
2019.699	52.84	10.29	11.62	12.17	12.88	10.96	4.72
2019.701	52.84	10.30	11.57	12.20	12.87	10.97	4.72
2019.704	52.82	10.32	11.61	12.18	12.85	10.98	4.72
2019.707	52.77	10.37	11.63	12.18	12.81	11.00	4.72
2019.710	52.59	10.55	11.63	12.19	12.79	11.01	4.72
2019.712	52.59	10.55	11.63	12.24	12.73	11.02	4.72
2019.715	52.59	10.55	11.64	12.28	12.67	11.03	4.72
2019.718	52.59	10.55	11.66	12.25	12.67	11.04	4.72
2019.721	52.59	10.55	11.66	12.32	12.60	11.04	4.72
2019.723	52.59	10.55	11.66	12.36	12.59	11.01	4.72
2019.726	52.59	10.55	11.66	12.36	12.61	10.98	4.72
2019.729	52.59	10.55	11.66	12.36	12.64	10.95	4.72
2019.732	52.59	10.54	11.67	12.36	12.66	10.94	4.72
2019.734	52.65	10.48	11.67	12.36	12.69	10.91	4.72
2019.737	52.78	10.34	11.68	12.36	12.71	10.89	4.72
2019.740	52.81	10.30	11.69	12.36	12.71	10.89	4.72
2019.742	52.84	10.26	11.70	12.35	12.71	10.90	4.71
2019.745	52.85	10.25	11.72	12.34	12.71	10.90	4.71
2019.748	52.85	10.24	11.69	12.38	12.71	10.89	4.72
2019.751	52.85	10.23	11.70	12.38	12.71	10.89	4.72
2019.753	52.85	10.23	11.72	12.37	12.70	10.88	4.73
2019.756	52.85	10.22	11.72	12.38	12.64	10.92	4.74
2019.759	52.86	10.21	11.74	12.39	12.63	10.91	4.75
2019.762	52.86	10.20	11.76	12.39	12.62	10.91	4.75
2019.764	52.86	10.19	11.77	12.40	12.57	10.93	4.76
2019.767	52.86	10.19	11.78	12.41	12.54	10.95	4.76
2019.770	52.82	10.22	11.79	12.42	12.51	10.96	4.77
2019.773	52.82	10.20	11.81	12.42	12.48	10.99	4.76
2019.775	52.85	10.17	11.82	12.41	12.46	11.01	4.75
2019.778	52.86	10.15	11.84	12.41	12.46	11.02	4.75
2019.781	52.86	10.14	11.85	12.40	12.46	11.02	4.74
2019.784	52.86	10.12	11.88	12.39	12.46	11.03	4.73
2019.786	52.86	10.11	11.89	12.46	12.39	11.04	4.73
2019.789	52.89	10.08	11.91	12.47	12.38	11.04	4.72
2019.792	52.91	10.04	11.92	12.48	12.36	11.04	4.72
2019.795	52.94	9.96	12.00	12.46	12.28	11.11	4.72
2019.797	52.97	9.87	12.07	12.47	12.27	11.11	4.72
2019.800	53.00	9.76	12.14	12.48	12.26	11.10	4.72
2019.803	53.03	9.73	12.15	12.48	12.27	11.10	4.72
2019.805	53.05	9.69	12.16	12.50	12.25	11.10	4.72
2019.808	53.08	9.66	12.17	12.51	12.24	11.09	4.72
2019.811	53.11	9.62	12.19	12.52	12.19	11.13	4.72
2019.814	53.13	9.59	12.19	12.53	12.15	11.15	4.72
2019.816	53.15	9.57	12.19	12.56	12.14	11.15	4.72
2019.819	53.15	9.51	12.25	12.57	12.13	11.15	4.72
2019.822	53.15	9.50	12.25	12.60	12.11	11.15	4.72
2019.825	53.15	9.50	12.25	12.61	12.10	11.15	4.72
2019.827	53.15	9.49	12.16	12.71	12.18	11.06	4.72
2019.830	53.15	9.49	12.16	12.68	12.21	10.96	4.83
2019.833	53.24	9.39	12.14	12.68	12.23	10.93	4.87
2019.836	53.25	9.37	12.15	12.65	12.24	10.94	4.87
2019.838	53.25	9.36	12.16	12.62	12.26	10.95	4.87
2019.841	53.25	9.35	12.20	12.59	12.26	10.96	4.87
2019.844	53.25	9.34	12.21	12.59	12.26	10.97	4.87
2019.847	53.25	9.33	12.22	12.59	12.25	10.97	4.87
2019.849	53.25	9.32	12.20	12.62	12.23	10.99	4.87
2019.852	53.25	9.32	12.21	12.62	12.22	11.00	4.87
2019.855	53.25	9.40	12.13	12.62	12.22	11.00	4.87
2019.858	53.25	9.41	12.12	12.62	12.22	11.00	4.87
2019.860	53.25	9.41	12.12	12.62	12.22	11.00	4.87
2019.863	53.25	9.41	12.12	12.62	12.22	11.00	4.87
2019.866	53.25	9.41	12.12	12.62	12.22	11.00	4.87
2019.868	53.25	9.41	12.12	12.62	12.22	11.00	4.87
2019.871	53.26	9.40	12.12	12.62	12.22	11.00	4.87
2019.874	53.30	9.36	12.12	12.62	12.22	11.00	4.87
2019.877	53.34	9.32	12.12	12.62	12.22	11.00	4.87
2019.879	53.39	9.27	12.16	12.58	12.22	11.00	4.87
2019.882	53.40	9.26	12.22	12.62	12.12	11.00	4.87
2019.885	53.41	9.25	12.25	12.74	11.96	11.01	4.88
2019.888	53.43	9.23	12.25	12.74	11.95	11.01	4.89
2019.890	53.44	9.22	12.25	12.59	12.10	11.05	4.87
2019.893	53.45	9.21	12.25	12.59	12.09	11.15	4.81
2019.896	53.46	9.20	12.25	12.60	12.07	11.17	4.81
2019.899	53.47	9.15	12.28	12.61	12.09	11.15	4.84
2019.901	53.47	8.99	12.45	12.62	12.09	11.15	4.89
2019.904	53.47	8.99	12.45	12.63	12.07	11.15	4.87
2019.907	53.47	8.99	12.45	12.63	12.07	11.15	4.86
2019.910	53.47	8.99	12.50	12.59	12.06	11.15	4.91
2019.912	53.46	9.00	12.51	12.59	12.16	11.04	4.99
2019.915	53.45	9.01	12.45	12.73	12.08	11.04	4.92
2019.918	53.44	9.02	12.45	12.74	12.13	10.99	4.84
2019.921	53.43	9.03	12.45	12.69	12.14	11.03	4.77
2019.923	53.42	9.04	12.45	12.68	12.13	11.04	4.72
2019.926	53.41	9.10	12.39	12.69	12.12	11.03	4.73
2019.929	53.40	9.19	12.30	12.71	12.09	11.04	4.75
2019.932	53.39	9.25	12.20	12.77	12.06	11.04	4.77
2019.934	53.38	9.25	12.16	12.82	12.03	11.04	4.79
2019.937	53.36	9.26	12.18	12.83	12.07	10.98	4.80
2019.940	53.33	9.28	12.17	12.85	12.08	10.95	4.82
2019.942	53.25	9.35	12.20	12.84	12.08	10.94	4.83
2019.945	53.20	9.39	12.21	12.76	12.15	10.92	4.84
2019.948	53.17	9.41	12.26	12.67	12.21	10.88	4.89
2019.951	53.15	9.39	12.34	12.66	12.18	10.86	4.90
2019.953	53.09	9.44	12.38	12.65	12.16	10.85	4.92
2019.956	53.06	9.44	12.40	12.67	12.15	10.83	4.94
2019.959	53.00	9.48	12.43	12.70	12.11	10.82	4.94
2019.962	52.96	9.51	12.43	12.75	12.06	10.82	4.94
2019.964	52.93	9.53	12.44	12.75	12.06	10.82	4.95
2019.967	52.91	9.51	12.49	12.75	12.09	10.80	4.95
2019.970	52.91	9.45	12.54	12.75	12.13	10.76	4.95
2019.973	52.91	9.44	12.56	12.74	12.18	10.72	4.97
2019.975	52.90	9.42	12.58	12.74	12.18	10.72	5.03
2019.978	52.90	9.42	12.59	12.73	12.19	10.72	5.02
2019.981	52.89	9.45	12.57	12.73	12.19	10.72	5.02
2019.984	52.88	9.48	12.56	12.73	12.17	10.72	5.00
2019.986	52.87	9.52	12.55	12.71	12.17	10.72	4.99
2019.989	52.86	9.54	12.55	12.70	12.17	10.72	4.98
2019.992	52.83	9.59	12.54	12.68	12.17	10.72	4.98
2019.995	52.81	9.64	12.53	12.67	12.17	10.72	4.99
2019.997	52.78	9.68	12.55	12.64	12.18	10.72	5.00
2020.000	52.75	9.71	12.57	12.57	12.23	10.72	5.01
2020.003	52.69	9.77	12.58	12.52	12.26	10.72	5.02
2020.005	52.66	9.80	12.59	12.45	12.37	10.67	5.03
2020.008	52.63	9.84	12.59	12.45	12.30	10.72	5.05
2020.011	52.61	9.91	12.53	12.49	12.29	10.72	5.05
2020.014	52.58	9.97	12.45	12.55	12.27	10.72	5.07
2020.016	52.55	10.04	12.37	12.60	12.26	10.72	5.08
2020.019	52.49	10.16	12.25	12.66	12.26	10.72	5.09
2020.022	52.46	10.19	12.26	12.64	12.27	10.72	5.10
2020.025	52.43	10.22	12.19	12.71	12.27	10.72	5.11
2020.027	52.41	10.25	12.15	12.75	12.26	10.69	5.16
2020.030	52.38	10.28	12.15	12.74	12.27	10.66	5.20
2020.033	52.35	10.30	12.15	12.73	12.28	10.65	5.21
2020.036	52.29	10.36	12.15	12.70	12.31	10.66	5.22
2020.038	52.26	10.39	12.15	12.66	12.34	10.67	5.23
2020.041	52.23	10.44	12.13	12.63	12.36	10.67	5.24
2020.044	52.21	10.48	12.12	12.63	12.35	10.68	5.25
2020.047	52.18	10.52	12.10	12.66	12.32	10.69	5.26
2020.049	52.15	10.56	12.09	12.70	12.29	10.68	5.27
2020.052	52.12	10.60	12.08	12.70	12.32	10.64	5.28
2020.055	52.06	10.67	12.06	12.70	12.26	10.71	5.30
2020.058	52.03	10.71	12.05	12.69	12.26	10.71	5.30
2020.060	52.01	10.75	12.05	12.69	12.26	10.72	5.30
2020.063	51.98	10.79	12.03	12.68	12.26	10.73	5.30
2020.066	51.95	10.83	12.07	12.63	12.26	10.73	5.30
2020.068	51.90	10.87	12.03	12.67	12.25	10.74	5.30
2020.071	51.82	10.86	12.12	12.67	12.25	10.74	5.30
2020.074	51.76	10.89	12.15	12.66	12.25	10.75	5.30
2020.077	51.71	10.94	12.16	12.64	12.25	10.76	5.30
2020.079	51.66	10.99	12.18	12.64	12.23	10.77	5.30
2020.082	51.61	11.03	12.21	12.60	12.25	10.77	5.30
2020.085	51.55	11.03	12.27	12.60	12.23	10.78	5.30
2020.088	51.47	11.00	12.41	12.56	12.23	10.79	5.29
2020.090	51.42	10.95	12.53	12.54	12.23	10.81	5.28
2020.093	51.34	10.98	12.59	12.52	12.23	10.82	5.27
2020.096	51.29	10.98	12.66	12.49	12.24	10.83	5.27
2020.099	51.24	10.98	12.73	12.47	12.30	10.79	5.26
2020.101	51.18	10.98	12.79	12.45	12.30	10.80	5.25
2020.104	51.09	11.06	12.81	12.45	12.35	10.76	5.24
2020.107	50.99	11.11	12.83	12.47	12.39	10.74	5.23
2020.110	50.95	11.07	12.77	12.60	12.42	10.72	5.23
2020.112	50.94	11.08	12.77	12.59	12.43	10.72	5.23
2020.115	50.94	11.09	12.77	12.59	12.43	10.72	5.23
2020.118	50.93	11.10	12.77	12.59	12.43	10.72	5.23
2020.121	50.87	11.16	12.77	12.59	12.43	10.72	5.23
2020.123	50.84	11.19	12.77	12.59	12.43	10.72	5.02
2020.126	50.81	11.21	12.79	12.66	12.34	10.72	4.99
2020.129	50.79	11.24	12.78	12.67	12.35	10.72	5.03
2020.132	50.79	11.24	12.77	12.68	12.35	10.72	5.06
2020.134	50.79	11.24	12.75	12.69	12.36	10.72	5.10
2020.137	50.79	11.24	12.74	12.69	12.37	10.72	5.14
2020.140	50.79	11.24	12.72	12.71	12.36	10.72	5.17
2020.142	50.79	11.24	12.75	12.70	12.35	10.72	5.21
2020.145	50.79	11.24	12.72	12.74	12.34	10.72	5.23
2020.148	50.79	11.24	12.72	12.75	12.32	10.72	5.23
2020.151	50.79	11.25	12.71	12.74	12.34	10.72	5.23
2020.153	50.79	11.26	12.70	12.72	12.36	10.72	5.23
2020.156	50.79	11.27	12.69	12.72	12.35	10.72	5.23
2020.159	50.79	11.28	12.68	12.69	12.38	10.72	5.23
2020.162	50.79	11.27	12.69	12.65	12.43	10.72	5.23
2020.164	50.79	11.28	12.68	12.64	12.45	10.70	5.23
2020.167	50.79	11.29	12.67	12.64	12.45	10.70	5.23
2020.170	50.79	11.28	12.70	12.62	12.46	10.69	5.23
2020.173	50.79	11.27	12.73	12.59	12.48	10.67	5.23
2020.175	50.79	11.26	12.77	12.58	12.42	10.71	5.23
2020.178	50.79	11.24	12.82	12.59	12.38	10.72	5.23
2020.181	50.79	11.24	12.86	12.60	12.35	10.71	5.23
2020.184	50.79	11.24	12.89	12.59	12.34	10.70	5.23
2020.186	50.79	11.24	12.95	12.54	12.34	10.69	5.23
2020.189	50.79	11.24	12.98	12.51	12.34	10.68	5.23
2020.192	50.79	11.19	13.05	12.46	12.37	10.60	5.30
2020.195	50.79	11.19	13.08	12.40	12.41	10.60	5.30
2020.197	50.79	11.19	13.11	12.38	12.40	10.60	5.30
2020.200	50.79	11.19	13.11	12.39	12.39	10.60	5.30
2020.203	50.79	11.19	13.11	12.41	12.37	10.60	5.30
2020.205	50.79	11.19	13.11	12.44	12.35	10.60	5.30
2020.208	50.79	11.19	13.11	12.44	12.34	10.60	5.30
2020.211	50.79	11.19	13.11	12.45	12.34	10.60	5.30
2020.214	50.79	11.19	13.11	12.46	12.32	10.67	5.23
2020.216	50.79	11.19	13.11	12.48	12.30	10.67	5.23
2020.219	50.79	11.19	13.11	12.50	12.28	10.67	5.23
2020.222	50.79	11.19	13.11	12.51	12.27	10.67	5.23
2020.225	50.79	11.21	13.09	12.47	12.31	10.60	5.30
2020.227	50.79	11.22	13.07	12.48	12.30	10.60	5.30
2020.230	50.79	11.22	13.08	12.48	12.30	10.60	5.30
2020.233	50.79	11.21	13.09	12.42	12.36	10.60	5.30
2020.236	50.79	11.19	13.11	12.36	12.43	10.59	5.30
2020.238	50.79	11.19	13.11	12.38	12.43	10.57	5.30
2020.241	50.79	11.19	13.11	12.40	12.43	10.56	5.30
2020.244	50.79	11.24	13.06	12.38	12.46	10.54	5.30
2020.247	50.79	11.24	13.07	12.38	12.45	10.55	5.30
2020.249	50.79	11.24	13.10	12.35	12.43	10.56	5.30
2020.252	50.79	11.24	13.10	12.36	12.42	10.57	5.30
2020.255	50.79	11.24	13.10	12.39	12.38	10.58	5.30
2020.258	50.79	11.24	13.09	12.42	12.36	10.57	5.30
2020.260	50.69	11.33	13.08	12.46	12.34	10.56	5.30
2020.263	50.66	11.38	13.05	12.42	12.40	10.55	5.30
2020.266	50.66	11.41	13.02	12.43	12.40	10.55	5.30
2020.268	50.66	11.42	13.00	12.44	12.40	10.54	5.30
2020.271	50.66	11.44	13.03	12.35	12.47	10.53	5.30
2020.274	50.66	11.45	13.01	12.31	12.51	10.52	5.26
2020.277	50.66	11.46	13.00	12.28	12.55	10.52	5.22
2020.279	50.66	11.43	13.03	12.27	12.57	10.51	5.12
2020.282	50.66	11.41	13.04	12.27	12.58	10.50	5.07
2020.285	50.66	11.39	13.05	12.28	12.59	10.49	5.06
2020.288	50.66	11.36	13.08	12.35	12.52	10.49	5.06
2020.290	50.66	11.35	13.08	12.44	12.46	10.48	5.07
2020.293	50.66	11.32	13.10	12.51	12.40	10.47	5.07
2020.296	50.66	11.32	13.10	12.52	12.40	10.47	5.07
2020.299	50.66	11.32	13.10	12.54	12.40	10.47	5.06
2020.301	50.66	11.32	13.09	12.56	12.39	10.47	5.06
2020.304	50.67	11.31	13.09	12.60	12.35	10.48	5.05
2020.307	50.67	11.30	13.09	12.60	12.36	10.49	5.04
2020.310	50.68	11.35	13.06	12.58	12.37	10.50	5.03
2020.312	50.69	11.33	13.06	12.56	12.40	10.49	5.03
2020.315	50.70	11.33	13.06	12.57	12.40	10.49	5.01
2020.318	50.70	11.32	13.06	12.57	12.40	10.48	4.97
2020.321	50.71	11.31	13.06	12.55	12.43	10.47	4.94
2020.323	50.72	11.31	13.06	12.53	12.46	10.46	4.91
2020.326	50.72	11.30	13.06	12.51	12.48	10.46	4.89
2020.329	50.74	11.29	13.06	12.49	12.51	10.45	4.87
2020.332	50.76	11.27	13.06	12.47	12.54	10.44	4.85
2020.334	50.79	11.24	13.06	12.45	12.57	10.43	4.84
2020.337	50.79	11.24	13.06	12.43	12.59	10.43	4.84
2020.340	50.80	11.24	13.05	12.51	12.52	10.41	4.84
2020.342	50.81	11.25	13.01	12.60	12.46	10.39	4.85
2020.345	50.81	11.24	12.98	12.69	12.41	10.37	4.86
2020.348	50.82	11.21	12.98	12.72	12.41	10.35	4.87
2020.351	50.83	11.20	12.96	12.75	12.42	10.33	4.88
2020.353	50.83	11.19	12.93	12.78	12.42	10.32	4.89
2020.356	50.84	11.19	12.92	12.76	12.46	10.30	4.90
2020.359	50.85	11.17	12.91	12.75	12.48	10.30	4.90
2020.362	50.86	11.17	12.91	12.73	12.52	10.29	4.90
2020.364	50.86	11.16	12.90	12.71	12.30	10.52	4.90
2020.367	50.87	11.16	12.90	12.69	12.26	10.60	4.90
2020.370	50.88	11.14	12.90	12.68	12.28	10.60	4.90
2020.373	50.89	11.12	12.90	12.63	12.58	10.35	4.90
2020.375	50.89	11.09	12.92	12.58	12.73	10.25	4.90
2020.378	50.90	11.08	12.92	12.52	12.80	10.24	4.90
2020.381	50.91	11.07	12.91	12.50	12.73	10.35	4.90
2020.384	50.91	11.04	12.91	12.53	12.51	10.56	4.90
2020.386	50.92	11.00	12.88	12.58	12.48	10.60	4.90
2020.389	50.93	10.97	12.93	12.56	12.48	10.60	4.90
2020.392	50.93	10.95	12.97	12.52	12.50	10.60	4.90
2020.395	50.93	10.93	13.00	12.50	12.51	10.60	4.90
2020.397	50.94	10.89	13.03	12.50	12.51	10.60	4.90
2020.400	50.94	10.85	13.06	12.51	12.51	10.60	4.91
2020.403	50.94	10.83	13.07	12.52	12.51	10.60	4.91
2020.405	50.96	10.79	12.99	12.61	12.56	10.54	4.91
2020.408	50.99	10.75	13.00	12.61	12.59	10.52	4.92
2020.411	51.01	10.73	13.01	12.59	12.64	10.51	4.91
2020.414	51.02	10.69	13.03	12.54	12.74	10.48	4.91
2020.416	51.05	10.66	13.04	12.54	12.76	10.50	4.88
2020.419	51.06	10.62	13.07	12.59	12.66	10.60	4.85
2020.422	51.07	10.57	13.11	12.61	12.62	10.68	4.80
2020.425	51.09	10.50	13.15	12.61	12.59	10.76	4.75
2020.427	51.10	10.47	13.18	12.60	12.56	10.80	4.75
2020.430	51.12	10.51	13.14	12.58	12.54	10.83	4.76
2020.433	51.14	10.53	13.10	12.59	12.52	10.85	4.76
2020.436	51.16	10.55	13.06	12.59	12.52	10.84	4.76
2020.438	51.17	10.55	13.04	12.60	12.54	10.84	4.74
2020.441	51.19	10.54	13.02	12.60	12.56	10.83	4.74
2020.444	51.21	10.54	13.00	12.61	12.57	10.80	4.75
2020.447	51.23	10.53	12.99	12.61	12.58	10.76	4.78
2020.449	51.24	10.53	12.97	12.61	12.60	10.72	4.81
2020.452	51.26	10.53	12.96	12.61	12.61	10.67	4.84
2020.455	51.27	10.53	12.94	12.62	12.62	10.67	4.83
2020.458	51.29	10.52	12.90	12.65	12.60	10.70	4.82
2020.460	51.31	10.50	12.90	12.65	12.59	10.72	4.81
2020.463	51.32	10.48	12.89	12.66	12.59	10.73	4.80
2020.466	51.34	10.47	12.89	12.66	12.60	10.73	4.79
2020.468	51.35	10.45	12.89	12.67	12.60	10.75	4.77
2020.471	51.36	10.43	12.90	12.67	12.62	10.75	4.76
2020.474	51.37	10.41	12.90	12.67	12.63	10.75	4.76
2020.477	51.38	10.39	12.90	12.67	12.65	10.74	4.76
2020.479	51.38	10.37	13.00	12.59	12.65	10.75	4.76
2020.482	51.38	10.35	13.01	12.57	12.64	10.77	4.76
2020.485	51.39	10.34	13.03	12.56	12.62	10.79	4.76
2020.488	51.39	10.32	13.12	12.47	12.61	10.76	4.81
2020.490	51.40	10.30	13.26	12.33	12.62	10.72	4.86
2020.493	51.40	10.28	13.29	12.31	12.65	10.65	4.90
2020.496	51.41	10.26	13.30	12.30	12.64	10.63	4.94
2020.499	51.41	10.24	13.31	12.30	12.64	10.64	4.94
2020.501	51.41	10.20	13.31	12.33	12.63	10.65	4.94
2020.504	51.42	10.18	13.27	12.38	12.63	10.66	4.94
2020.507	51.43	10.15	13.24	12.44	12.61	10.67	4.94
2020.510	51.43	10.13	13.19	12.51	12.61	10.67	4.94
2020.512	51.43	10.11	13.17	12.50	12.66	10.67	4.94
2020.515	51.44	10.08	13.13	12.57	12.65	10.67	4.94
2020.518	51.44	10.05	13.12	12.61	12.64	10.66	4.94
2020.521	51.45	10.02	13.19	12.60	12.62	10.66	4.94
2020.523	51.45	9.98	13.25	12.58	12.62	10.66	4.94
2020.526	51.46	9.93	13.27	12.60	12.61	10.67	4.94
2020.529	51.46	9.90	13.22	12.68	12.61	10.67	4.94
2020.532	51.46	9.85	13.26	12.72	12.57	10.67	4.94
2020.534	51.47	9.83	13.46	12.58	12.54	10.67	4.94
2020.537	51.44	9.83	13.49	12.61	12.52	10.67	4.94
2020.540	51.41	9.82	13.53	12.61	12.51	10.67	4.94
2020.542	51.34	9.86	13.55	12.61	12.51	10.67	4.94
2020.545	51.20	9.97	13.58	12.61	12.51	10.67	4.94
2020.548	51.13	9.98	13.64	12.61	12.51	10.67	4.94
2020.551	51.07	10.02	13.66	12.61	12.51	10.67	4.94
2020.553	51.04	10.00	13.80	12.51	12.51	10.67	4.94
2020.556	51.04	9.98	13.82	12.52	12.51	10.67	4.94
2020.559	51.04	9.91	13.88	12.53	12.50	10.67	4.94
2020.562	51.04	9.80	13.99	12.56	12.48	10.67	4.94
2020.564	51.05	9.72	14.19	12.43	12.48	10.67	4.94
2020.567	51.05	9.71	14.31	12.33	12.47	10.67	4.94
2020.570	51.05	9.70	14.34	12.30	12.48	10.67	4.94
2020.573	51.05	9.68	14.36	12.30	12.48	10.67	4.94
2020.575	51.04	9.67	14.37	12.23	12.55	10.62	4.99
2020.578	51.04	9.66	14.39	12.24	12.47	10.67	5.02
2020.581	51.04	9.70	14.35	12.24	12.49	10.65	5.02
2020.584	51.04	9.68	14.37	12.27	12.47	10.64	5.02
2020.586	51.03	9.67	14.38	12.27	12.48	10.62	5.02
2020.589	51.03	9.66	14.40	12.34	12.43	10.61	5.02
2020.592	51.03	9.63	14.43	12.38	12.40	10.60	5.02
2020.595	51.03	9.61	14.45	12.39	12.40	10.60	5.02
2020.597	51.02	9.60	14.47	12.35	12.43	10.60	5.02
2020.600	51.02	9.57	14.47	12.37	12.44	10.60	5.02
2020.603	51.02	9.59	14.39	12.40	12.48	10.60	5.02
2020.605	51.01	9.60	14.36	12.40	12.48	10.62	5.02
2020.608	51.01	9.61	14.28	12.46	12.45	10.64	5.02
2020.611	51.01	9.59	14.31	12.47	12.41	10.67	5.02
2020.614	51.01	9.58	14.34	12.46	12.38	10.70	5.02
2020.616	51.00	9.56	14.39	12.44	12.38	10.69	5.03
2020.619	51.00	9.54	14.43	12.42	12.38	10.68	5.03
2020.622	51.00	9.52	14.48	12.40	12.39	10.67	5.04
2020.625	51.00	9.49	14.52	12.37	12.40	10.65	5.04
2020.627	50.99	9.45	14.44	12.49	12.42	10.63	5.05
2020.630	50.99	9.41	14.52	12.48	12.41	10.62	5.06
2020.633	50.99	9.38	14.59	12.46	12.40	10.61	5.06
2020.636	50.97	9.49	14.52	12.43	12.40	10.59	5.07
2020.638	50.95	9.62	14.48	12.38	12.41	10.58	5.07
2020.641	50.92	9.63	14.50	12.36	12.44	10.56	5.08
2020.644	50.82	9.63	14.57	12.38	12.43	10.57	5.04
2020.647	50.79	9.58	14.64	12.42	12.31	10.66	4.97
2020.649	50.79	9.49	14.72	12.44	12.28	10.68	4.97
2020.652	50.79	9.45	14.79	12.42	12.27	10.68	4.97
2020.655	50.79	9.44	14.80	12.37	12.35	10.59	5.02
2020.658	50.79	9.43	14.78	12.41	12.46	10.48	5.01
2020.660	50.79	9.42	14.71	12.51	12.44	10.49	5.00
2020.663	50.79	9.41	14.71	12.54	12.40	10.52	5.00
2020.666	50.79	9.41	14.75	12.53	12.41	10.50	4.99
2020.668	50.79	9.40	14.81	12.48	12.40	10.50	4.99
2020.671	50.79	9.39	14.81	12.50	12.38	10.50	5.00
2020.674	50.66	9.51	14.81	12.51	12.39	10.49	5.00
2020.677	50.66	9.50	14.81	12.52	12.38	10.49	5.01
2020.679	50.66	9.48	14.82	12.53	12.38	10.49	5.01
2020.682	50.70	9.43	14.82	12.54	12.37	10.48	5.01
2020.685	50.73	9.39	14.83	12.55	12.35	10.50	5.02
2020.688	50.75	9.36	14.82	12.52	12.37	10.52	5.02
2020.690	50.77	9.31	14.85	12.53	12.32	10.56	5.02
2020.693	50.77	9.26	14.89	12.54	12.30	10.58	5.03
2020.696	50.78	9.21	14.92	12.56	12.26	10.59	5.04
2020.699	50.78	9.29	14.86	12.54	12.24	10.59	5.06
2020.701	50.78	9.28	14.91	12.47	12.28	10.58	5.07
2020.704	50.78	9.27	14.96	12.38	12.33	10.49	5.16
2020.707	50.77	9.24	15.02	12.41	12.27	10.44	5.21
2020.710	50.77	9.23	15.08	12.41	12.22	10.44	5.21
2020.712	50.75	9.24	15.10	12.41	12.22	10.43	5.22
2020.715	50.68	9.29	15.11	12.42	12.21	10.44	5.21
2020.718	50.69	9.27	15.12	12.42	12.21	10.44	5.20
2020.721	50.70	9.25	15.14	12.43	12.20	10.45	5.20
2020.723	50.70	9.24	15.15	12.43	12.20	10.45	5.20
2020.726	50.71	9.24	15.14	12.44	12.19	10.43	5.22
2020.729	50.71	9.32	15.05	12.44	12.19	10.42	5.23
2020.732	50.71	9.40	14.97	12.45	12.18	10.41	5.24
2020.734	50.73	9.44	14.91	12.45	12.18	10.40	5.25
2020.737	50.73	9.48	14.88	12.46	12.17	10.39	5.26
2020.740	50.73	9.47	14.89	12.46	12.17	10.38	5.27
2020.742	50.75	9.44	14.89	12.47	12.16	10.37	5.28
2020.745	50.79	9.40	14.90	12.48	12.15	10.37	5.28
2020.748	50.79	9.39	14.91	12.48	12.15	10.37	5.27
2020.751	50.79	9.38	14.80	12.60	12.15	10.38	5.27
2020.753	50.80	9.37	14.82	12.59	12.14	10.38	5.27
2020.756	50.81	9.36	14.70	12.72	12.13	10.38	5.27
2020.759	50.81	9.34	14.60	12.84	12.16	10.36	5.27
2020.762	50.82	9.33	14.58	12.86	12.18	10.34	5.26
2020.764	50.82	9.12	14.77	12.85	12.22	10.33	5.26
2020.767	50.83	9.11	14.70	12.91	12.23	10.33	5.26
2020.770	50.83	9.15	14.59	12.95	12.24	10.34	5.26
2020.773	50.84	9.26	14.48	12.93	12.26	10.34	5.25
2020.775	50.84	9.27	14.47	12.92	12.30	10.31	5.25
2020.778	50.85	9.25	14.46	12.95	12.29	10.31	5.25
2020.781	50.86	9.24	14.48	12.94	12.28	10.32	5.25
2020.784	50.86	9.22	14.49	12.94	12.27	10.32	5.25
2020.786	50.87	9.21	14.50	12.93	12.29	10.32	5.24
2020.789	50.87	9.20	14.44	12.99	12.29	10.32	5.24
2020.792	50.88	9.20	14.43	12.98	12.29	10.31	5.23
2020.795	50.89	9.19	14.47	12.93	12.30	10.31	5.21
2020.797	50.89	9.15	14.48	12.96	12.30	10.28	5.24
2020.800	50.90	9.13	14.42	13.12	12.20	10.25	5.27
2020.803	50.90	9.11	14.42	13.15	12.19	10.23	5.28
2020.805	50.91	9.09	14.50	13.09	12.18	10.20	5.31
2020.808	50.92	9.07	14.53	13.09	12.16	10.18	5.34
2020.811	50.92	9.05	14.54	13.07	12.17	10.16	5.36
2020.814	50.93	9.02	14.57	13.07	12.17	10.16	5.36
2020.816	50.93	9.02	14.52	13.04	12.25	10.16	5.37
2020.819	50.93	9.03	14.44	13.07	12.28	10.15	5.38
2020.822	50.93	9.04	14.37	13.16	12.25	10.20	5.32
2020.825	50.93	9.05	14.29	13.19	12.28	10.30	5.23
2020.827	50.94	9.05	14.28	13.12	12.35	10.30	5.24
2020.830	50.94	9.16	14.14	13.15	12.35	10.30	5.24
2020.833	50.94	9.17	14.12	13.15	12.35	10.30	5.25
2020.836	50.94	9.17	14.12	13.15	12.34	10.30	5.25
2020.838	50.98	9.15	14.10	13.15	12.34	10.30	5.25
2020.841	51.02	9.12	14.10	13.15	12.33	10.29	5.26
2020.844	51.02	9.29	13.93	13.15	12.33	10.29	5.27
2020.847	50.97	9.40	13.87	13.16	12.32	10.29	5.36
2020.849	50.95	9.46	13.81	13.18	12.32	10.29	5.36
2020.852	51.03	9.42	13.76	13.19	12.31	10.28	5.36
2020.855	51.06	9.44	13.72	13.24	12.27	10.27	5.37
2020.858	51.12	9.42	13.68	13.23	12.29	10.25	5.37
2020.860	51.15	9.44	13.63	13.21	12.34	10.22	5.37
2020.863	51.15	9.46	13.61	13.20	12.36	10.21	5.37
2020.866	51.15	9.48	13.60	13.19	12.38	10.21	5.37
2020.868	51.15	9.49	13.59	13.18	12.42	10.19	5.36
2020.871	51.15	9.54	13.54	13.18	12.43	10.18	5.36
2020.874	51.15	9.55	13.47	13.22	12.48	10.16	5.36
2020.877	51.15	9.57	13.52	13.15	12.45	10.19	5.39
2020.879	51.14	9.58	13.51	13.15	12.37	10.26	5.40
2020.882	51.14	9.59	13.51	13.15	12.33	10.29	5.43
2020.885	51.14	9.61	13.49	13.14	12.33	10.28	5.45
2020.888	51.14	9.62	13.48	13.17	12.33	10.27	5.47
2020.890	51.13	9.63	13.48	13.19	12.32	10.25	5.36
2020.893	51.13	9.62	13.49	13.23	12.29	10.24	5.35
2020.896	51.11	9.64	13.48	13.27	12.30	10.22	5.35
2020.899	51.11	9.64	13.48	13.29	12.29	10.18	5.37
2020.901	51.17	9.58	13.49	13.29	12.30	10.01	5.52
2020.904	51.19	9.55	13.50	13.30	12.31	9.97	5.55
2020.907	51.22	9.52	13.50	13.31	12.32	9.95	5.56
2020.910	51.24	9.56	13.44	13.32	12.34	9.91	5.56
2020.912	51.42	9.44	13.37	13.32	12.35	9.88	5.53
2020.915	51.60	9.29	13.34	13.33	12.36	9.86	5.52
2020.918	51.80	9.09	13.35	13.34	12.20	10.00	5.51
2020.921	51.98	8.89	13.36	13.34	12.19	10.00	5.52
2020.923	52.10	8.79	13.35	13.35	12.40	9.78	5.51
2020.926	52.22	8.68	13.33	13.36	12.40	9.77	5.51
2020.929	52.30	8.60	13.33	13.35	12.44	9.77	5.50
2020.932	52.37	8.54	13.31	13.33	12.47	9.76	5.48
2020.934	52.40	8.51	13.31	13.32	12.50	9.77	5.47
2020.937	52.43	8.47	13.30	13.34	12.49	9.77	5.47
2020.940	52.44	8.46	13.30	13.37	12.48	9.78	5.45
2020.942	52.46	8.35	13.40	13.36	12.24	10.02	5.44
2020.945	52.47	8.31	13.45	13.36	12.25	10.00	5.42
2020.948	52.48	8.33	13.42	13.37	12.29	9.97	5.42
2020.951	52.49	8.41	13.33	13.39	12.30	9.95	5.40
2020.953	52.49	8.57	13.17	13.40	12.34	9.93	5.39
2020.956	52.49	8.65	13.09	13.40	12.38	9.90	5.37
2020.959	52.48	8.77	12.97	13.40	12.45	9.84	5.36
2020.962	52.48	8.86	12.79	13.49	12.46	9.85	5.35
2020.964	52.47	8.91	12.74	13.56	12.42	9.85	5.33
2020.967	52.46	8.99	12.67	13.58	12.45	9.82	5.32
2020.970	52.44	9.02	12.64	13.60	12.47	9.81	5.31
2020.973	52.43	9.02	12.65	13.61	12.46	9.83	5.30
2020.975	52.41	9.00	12.68	13.62	12.45	9.84	5.29
2020.978	52.39	8.97	12.72	13.64	12.44	9.85	5.30
2020.981	52.38	8.93	12.77	13.65	12.43	9.89	5.26
2020.984	52.35	9.02	12.70	13.67	12.43	9.99	5.17
2020.986	52.34	8.93	12.79	13.68	12.43	10.02	5.16
2020.989	52.32	8.88	12.85	13.68	12.43	10.04	5.15
2020.992	52.31	8.76	12.98	13.68	12.43	10.05	5.15
2020.995	52.29	8.56	13.18	13.70	12.43	10.05	5.16
2020.997	52.27	8.46	13.28	13.70	12.44	10.04	5.17
2021.000	52.25	8.37	13.37	13.72	12.49	10.00	5.17
2021.003	52.23	8.40	13.34	13.74	12.54	9.95	5.15
2021.005	52.21	8.42	13.37	13.69	12.59	9.91	5.12
2021.008	52.19	8.47	13.33	13.70	12.63	9.86	5.11
2021.011	52.18	8.51	13.30	13.70	12.67	9.82	5.10
2021.014	52.15	8.56	13.27	13.70	12.70	9.79	5.10
2021.016	52.14	8.58	13.25	13.70	12.71	9.79	5.10
2021.019	52.14	8.60	13.24	13.68	12.70	9.81	5.10
2021.022	52.14	8.69	13.14	13.69	12.67	9.84	5.09
2021.025	52.14	8.87	12.99	13.66	12.68	9.82	5.08
2021.027	52.18	8.84	13.02	13.61	12.73	9.78	5.07
2021.030	52.21	8.90	12.91	13.62	12.74	9.77	5.07
2021.033	52.21	8.92	12.87	13.63	12.75	9.77	5.06
2021.036	52.20	8.98	12.84	13.84	12.52	9.77	5.05
2021.038	52.19	9.04	12.80	13.60	12.67	9.89	5.01
2021.041	52.15	9.09	12.75	13.64	12.61	10.06	4.90
2021.044	52.14	9.12	12.72	13.66	12.60	10.13	4.80
2021.047	52.13	9.17	12.68	13.77	12.49	10.12	4.78
2021.049	52.13	9.19	12.66	13.84	12.43	10.12	4.78
2021.052	52.13	9.20	12.65	13.68	12.59	10.11	4.77
2021.055	52.12	9.22	12.64	13.69	12.58	10.10	4.77
2021.058	52.12	9.24	12.63	13.70	12.61	10.06	4.77
2021.060	52.14	9.24	12.61	13.70	12.69	9.98	4.75
2021.063	52.18	9.21	12.60	13.69	12.71	9.99	4.74
2021.066	52.23	9.17	12.59	13.69	12.70	10.01	4.72
2021.068	52.28	9.11	12.62	13.69	12.69	10.02	4.72
2021.071	52.32	9.04	12.63	13.71	12.68	10.04	4.70
2021.074	52.37	8.98	12.61	13.75	12.67	10.06	4.70
2021.077	52.41	8.93	12.57	13.81	12.66	10.07	4.70
2021.079	52.38	8.94	12.56	13.87	12.63	10.09	4.70
2021.082	52.21	9.10	12.58	13.87	12.65	10.09	4.69
2021.085	52.01	9.29	12.61	13.84	12.66	10.10	4.69
2021.088	52.00	9.29	12.65	13.82	12.65	10.12	4.68
2021.090	51.99	9.29	12.68	13.80	12.64	10.15	4.66
2021.093	51.98	9.30	12.70	13.79	12.63	10.17	4.66
2021.096	51.97	9.33	12.71	13.77	12.62	10.21	4.64
2021.099	51.95	9.34	12.73	13.77	12.59	10.23	4.68
2021.101	51.94	9.35	12.77	13.75	12.58	10.26	4.65
2021.104	51.93	9.35	12.81	13.73	12.56	10.27	4.64
2021.107	51.94	9.33	12.87	13.71	12.54	10.28	4.65
2021.110	51.95	9.32	12.90	13.67	12.52	10.30	4.66
2021.112	51.95	9.31	12.94	13.65	12.50	10.31	4.67
2021.115	51.97	9.29	12.98	13.64	12.47	10.33	4.67
2021.118	51.97	9.28	12.99	13.65	12.44	10.34	4.68
2021.121	51.97	9.27	12.99	13.66	12.42	10.35	4.70
2021.123	51.98	9.20	13.06	13.64	12.42	10.36	4.70
2021.126	51.98	9.16	13.13	13.61	12.42	10.37	4.71
2021.129	51.99	9.06	13.24	13.59	12.40	10.37	4.71
2021.132	51.99	9.06	13.27	13.58	12.38	10.38	4.71
2021.134	51.98	9.07	13.28	13.55	12.36	10.40	4.72
2021.137	51.96	9.10	13.30	13.52	12.36	10.41	4.72
2021.140	51.95	9.13	13.31	13.48	12.35	10.42	4.73
2021.142	51.94	9.14	13.16	13.63	12.37	10.40	4.73
2021.145	51.92	9.16	13.16	13.64	12.39	10.36	4.73
2021.148	51.91	9.18	13.16	13.64	12.41	10.33	4.74
2021.151	51.89	9.20	13.17	13.63	12.44	10.29	4.74
2021.153	51.88	9.22	13.18	13.60	12.45	10.29	4.74
2021.156	51.89	9.20	13.21	13.54	12.46	10.32	4.75
2021.159	51.90	9.18	13.24	13.50	12.40	10.40	4.75
2021.162	51.91	9.16	13.26	13.46	12.39	10.43	4.76
2021.164	51.91	9.14	13.31	13.42	12.35	10.47	4.76
2021.167	51.92	9.11	13.36	13.44	12.28	10.50	4.76
2021.170	51.93	9.09	13.37	13.51	12.19	10.50	4.77
2021.173	51.94	9.07	13.40	13.49	12.19	10.51	4.77
2021.175	51.95	9.04	13.43	13.51	12.14	10.52	4.78
2021.178	51.95	9.02	13.47	13.49	12.13	10.53	4.78
2021.181	51.96	9.00	13.50	13.47	12.12	10.54	4.78
2021.184	51.97	8.97	13.54	13.46	12.09	10.55	4.78
2021.186	51.98	8.95	13.57	13.46	12.07	10.56	4.78
2021.189	51.99	8.93	13.60	13.46	12.04	10.58	4.77
2021.192	51.99	8.91	13.64	13.46	12.00	10.60	4.77
2021.195	51.98	8.91	13.69	13.44	11.96	10.65	4.73
2021.197	51.97	8.91	13.73	13.33	12.04	10.71	4.68
2021.200	51.95	8.91	13.76	13.31	12.10	10.71	4.63
2021.203	51.91	8.94	13.80	13.31	12.00	10.84	4.58
2021.205	51.84	8.99	13.84	13.30	12.02	10.83	4.55
2021.208	51.77	9.05	13.89	13.29	12.02	10.82	4.54
2021.211	51.63	9.17	13.92	13.42	11.88	10.81	4.53
2021.214	51.63	9.16	13.96	13.40	11.87	10.83	4.43
2021.216	51.62	9.15	14.01	13.37	11.86	10.85	4.41
2021.219	51.62	9.14	14.03	13.37	11.85	10.86	4.40
2021.222	51.61	9.13	14.07	13.35	11.85	10.88	4.38
2021.225	51.61	9.12	14.09	13.36	11.83	10.91	4.36
2021.227	51.60	9.12	14.04	13.41	11.84	10.88	4.38
2021.230	51.59	9.13	14.02	13.42	11.85	10.89	4.37
2021.233	51.59	9.14	14.00	13.42	11.86	10.91	4.36
2021.236	51.58	9.14	14.03	13.42	11.83	10.89	4.38
2021.238	51.58	9.15	14.06	13.33	11.88	10.87	4.40
2021.241	51.59	9.14	14.06	13.33	11.87	10.86	4.41
2021.244	51.65	9.09	14.08	13.26	11.92	10.85	4.43
2021.247	51.71	9.04	14.10	13.21	11.93	10.82	4.45
2021.249	51.77	9.01	14.08	13.18	11.96	10.78	4.50
2021.252	51.83	9.02	14.03	13.15	11.95	10.75	4.54
2021.255	51.89	8.93	14.08	13.12	11.94	10.73	4.59
2021.258	52.00	8.84	14.06	13.08	11.95	10.70	4.64
2021.260	52.06	8.82	14.04	13.09	11.98	10.63	4.67
2021.263	52.12	8.79	14.04	13.14	11.81	10.69	4.71
2021.266	52.13	8.79	14.04	13.25	11.65	10.71	4.74
2021.268	52.15	8.79	14.04	13.17	11.70	10.74	4.77
2021.271	52.17	8.80	14.02	13.03	11.85	10.72	4.77
2021.274	52.21	8.79	14.02	12.89	11.98	10.72	4.77
2021.277	52.23	8.76	14.03	12.86	12.01	10.71	4.76
2021.279	52.25	8.69	14.10	12.85	11.99	10.72	4.76
2021.282	52.27	8.61	14.18	12.84	11.95	10.62	4.89
2021.285	52.67	8.15	14.25	12.82	12.00	10.57	4.91
2021.288	52.29	8.52	14.27	12.81	11.96	10.61	4.91
2021.290	52.29	8.52	14.29	12.77	11.94	10.64	4.91
2021.293	52.36	8.45	14.31	12.76	11.96	10.62	4.92
2021.296	52.44	8.36	14.32	12.74	11.98	10.60	4.92
2021.299	52.53	8.27	14.33	12.74	11.99	10.59	4.92
2021.301	52.61	8.17	14.35	12.73	12.01	10.57	4.93
2021.304	52.63	8.16	14.38	12.65	12.04	10.58	4.99
2021.307	52.64	8.14	14.40	12.62	12.03	10.61	5.04
2021.310	52.65	8.13	14.41	12.58	12.02	10.65	5.05
2021.312	52.64	8.13	14.43	12.52	12.04	10.68	5.05
2021.315	52.64	8.12	14.46	12.51	11.99	10.71	5.05
2021.318	52.63	8.13	14.49	12.49	11.98	10.71	5.05
2021.321	52.59	8.16	14.51	12.48	11.94	10.76	5.04
2021.323	52.58	8.17	14.52	12.49	11.85	10.98	4.89
2021.326	52.56	8.18	14.52	12.52	11.82	10.98	4.90
2021.329	52.53	8.21	14.52	12.58	11.76	10.97	4.90
2021.332	52.51	8.22	14.53	12.58	11.76	10.96	4.91
2021.334	52.50	8.23	14.55	12.56	11.76	10.96	4.92
2021.337	52.51	8.22	14.58	12.54	11.76	10.95	4.92
2021.340	52.51	8.21	14.55	12.57	11.76	10.95	4.93
2021.342	52.52	8.20	14.50	12.62	11.75	10.95	4.94
2021.345	52.52	8.19	14.49	12.63	11.77	10.94	4.93
2021.348	52.53	8.17	14.50	12.64	11.77	10.94	4.93
2021.351	52.53	8.16	14.49	12.67	11.75	10.97	4.90
2021.353	52.54	8.15	14.51	12.68	11.74	10.98	5.13
2021.356	52.55	8.13	14.52	12.68	11.73	10.99	5.17
2021.359	52.55	8.12	14.53	12.69	11.72	11.02	5.14
2021.362	52.56	8.10	14.50	12.73	11.71	11.04	5.12
2021.364	52.57	8.09	14.48	12.76	11.70	11.05	5.11
2021.367	52.57	8.08	14.48	12.74	11.72	11.10	5.09
2021.370	52.58	8.06	14.48	12.70	11.75	11.09	5.12
2021.373	52.58	8.05	14.49	12.70	11.74	11.10	5.15
2021.375	52.59	8.04	14.49	12.70	11.73	11.08	5.19
2021.378	52.60	8.02	14.52	12.63	11.78	11.07	5.23
2021.381	52.60	8.01	14.55	12.61	11.78	11.04	5.27
2021.384	52.61	8.00	14.59	12.59	11.77	11.03	5.28
2021.386	52.61	7.99	14.62	12.56	11.77	11.00	5.31
2021.389	52.62	7.98	14.66	12.52	11.77	10.97	5.26
2021.392	52.63	7.98	14.66	12.52	11.76	10.96	5.26
2021.395	52.63	7.98	14.68	12.50	11.76	10.93	5.28
2021.397	52.63	7.99	14.69	12.47	11.77	10.93	5.29
2021.400	52.64	7.98	14.71	12.44	11.78	10.91	5.30
2021.403	52.64	7.98	14.71	12.43	11.80	10.90	5.31
2021.405	52.65	7.97	14.71	12.41	11.84	10.86	5.33
2021.408	52.65	7.97	14.68	12.46	11.82	10.85	5.34
2021.411	52.66	7.96	14.68	12.50	11.78	10.84	5.34
2021.414	52.66	7.97	14.67	12.50	11.75	10.87	5.34
2021.416	52.67	7.93	14.71	12.49	11.75	10.86	5.35
2021.419	52.67	7.91	14.73	12.48	11.72	10.89	5.35
2021.422	52.68	7.91	14.73	12.48	11.72	10.90	5.35
2021.425	52.68	7.89	14.72	12.49	11.73	10.91	5.34
2021.427	52.83	7.73	14.72	12.49	11.75	10.91	5.34
2021.430	53.27	7.28	14.76	12.44	11.76	10.90	5.44
2021.433	53.26	7.29	14.75	12.44	11.77	10.89	5.45
2021.436	53.24	7.34	14.71	12.43	11.79	10.88	5.47
2021.438	53.22	7.40	14.67	12.39	11.83	10.80	5.54
2021.441	53.14	7.51	14.64	12.37	11.86	10.78	5.57
2021.444	52.99	7.69	14.60	12.38	11.86	10.77	5.57
2021.447	53.00	7.67	14.60	12.37	11.88	10.76	5.58
2021.449	53.03	7.64	14.61	12.34	11.90	10.75	5.59
2021.452	53.00	7.66	14.60	12.31	11.94	10.72	5.62
2021.455	52.96	7.70	14.59	12.34	11.92	10.71	5.63
2021.458	52.92	7.77	14.53	12.39	11.88	10.72	5.64
2021.460	52.88	7.89	14.47	12.35	11.88	10.72	5.67
2021.463	52.84	7.93	14.46	12.39	11.84	10.72	5.68
2021.466	52.80	7.96	14.47	12.43	11.81	10.71	5.73
2021.468	52.76	7.99	14.47	12.47	11.78	10.69	5.77
2021.471	52.72	8.00	14.50	12.50	11.76	10.68	5.79
2021.474	52.68	8.02	14.51	12.55	11.73	10.67	5.84
2021.477	52.64	8.09	14.47	12.58	11.70	10.66	5.86
2021.479	52.59	8.14	14.47	12.60	11.58	10.78	5.86
2021.482	52.54	8.17	14.48	12.59	11.60	10.79	5.84
2021.485	52.50	8.21	14.43	12.62	11.62	10.81	5.82
2021.488	52.46	8.24	14.41	12.62	11.65	10.83	5.79
2021.490	52.42	8.27	14.40	12.64	11.67	10.86	5.76
2021.493	52.38	8.30	14.41	12.62	11.68	10.88	5.74
2021.496	52.34	8.34	14.42	12.67	11.64	10.88	5.74
2021.499	52.28	8.38	14.43	12.67	11.64	10.87	5.75
2021.501	52.28	8.38	14.44	12.67	11.75	10.76	5.75
2021.504	52.27	8.37	14.44	12.66	11.74	10.77	5.75
2021.507	52.27	8.36	14.48	12.65	11.77	10.74	5.75
2021.510	52.25	8.36	14.47	12.66	11.77	10.74	5.76
2021.512	52.21	8.39	14.48	12.66	11.77	10.74	5.76
2021.515	52.17	8.43	14.49	12.66	11.77	10.74	5.76
2021.518	52.12	8.44	14.48	12.70	11.78	10.73	5.76
2021.521	52.06	8.47	14.36	12.85	11.79	10.72	5.76
2021.523	52.02	8.47	14.36	12.89	11.81	10.70	5.76
2021.526	51.98	8.49	14.43	12.84	11.81	10.71	5.75
2021.529	51.92	8.51	14.50	12.82	11.80	10.72	5.75
2021.532	51.87	8.55	14.56	12.78	11.79	10.69	5.77
2021.534	51.83	8.60	14.57	12.78	11.77	10.65	5.81
2021.537	51.77	8.66	14.58	12.78	11.77	10.64	5.83
2021.540	51.73	8.70	14.59	12.75	11.75	10.68	5.81
2021.542	51.68	8.75	14.62	12.70	11.77	10.70	5.79
2021.545	51.64	8.79	14.60	12.78	11.70	10.69	5.80
2021.548	51.55	8.88	14.62	12.79	11.69	10.69	5.81
2021.551	51.57	8.85	14.63	12.81	11.67	10.68	5.81
2021.553	51.55	8.85	14.63	12.89	11.59	10.68	5.81
2021.556	51.54	8.86	14.63	12.90	11.59	10.68	5.81
2021.559	51.54	8.84	14.64	12.91	11.59	10.69	5.80
2021.562	51.54	8.85	14.67	12.88	11.59	10.69	5.80
2021.564	51.50	8.88	14.62	12.92	11.59	10.70	5.79
2021.567	51.46	8.92	14.58	12.97	11.59	10.70	5.79
2021.570	51.43	8.96	14.56	12.99	11.59	10.71	5.78
2021.573	51.39	9.00	14.56	12.99	11.59	10.71	5.77
2021.575	51.36	9.04	14.57	12.99	11.60	10.70	5.77
2021.578	51.32	9.07	14.58	12.99	11.59	10.70	5.76
2021.581	51.28	9.04	14.64	13.01	11.59	10.71	5.75
2021.584	51.25	8.97	14.72	13.02	11.60	10.72	5.75
2021.586	51.21	9.01	14.70	13.03	11.60	10.71	5.75
2021.589	51.17	8.94	14.80	13.03	11.64	10.67	5.77
2021.592	51.14	8.97	14.78	13.04	11.64	10.62	5.66
2021.595	51.07	9.04	14.79	13.03	11.67	10.58	5.68
2021.597	51.03	9.05	14.79	13.05	11.67	10.55	5.71
2021.600	51.00	9.02	14.82	13.10	11.67	10.55	5.70
2021.603	50.96	9.07	14.79	13.12	11.67	10.58	5.68
2021.605	50.93	9.11	14.74	13.16	11.65	10.61	5.66
2021.608	50.90	9.11	14.71	13.22	11.67	10.60	5.65
2021.611	50.89	9.05	14.74	13.24	11.69	10.60	5.64
2021.614	50.95	8.98	14.73	13.27	11.71	10.59	5.62
2021.616	51.21	8.71	14.68	13.32	11.73	10.48	5.72
2021.619	51.42	8.50	14.67	13.32	11.77	10.47	5.74
2021.622	51.03	8.87	14.67	13.23	11.88	10.45	5.76
2021.625	50.87	9.02	14.69	13.23	11.90	10.43	5.77
2021.627	50.86	9.02	14.68	13.26	11.90	10.43	5.79
2021.630	50.86	9.01	14.67	13.29	11.90	10.43	5.82
2021.633	50.85	9.00	14.65	13.29	11.92	10.43	5.84
2021.636	50.85	9.00	14.63	13.28	11.96	10.43	5.85
2021.638	50.78	9.06	14.61	13.31	11.98	10.41	5.86
2021.641	50.70	9.12	14.59	13.35	11.99	10.40	5.86
2021.644	50.62	9.21	14.56	13.39	11.97	10.40	5.84
2021.647	50.64	9.20	14.54	13.33	12.02	10.40	5.83
2021.649	50.66	9.20	14.53	13.33	12.07	10.37	5.81
2021.652	50.73	9.12	14.50	13.32	12.11	10.37	5.80
2021.655	50.77	9.07	14.48	13.34	12.12	10.36	5.78
2021.658	50.81	9.02	14.45	13.38	12.14	10.35	5.77
2021.660	50.86	9.04	14.40	13.37	12.15	10.34	5.75
2021.663	50.90	9.03	14.44	13.30	12.17	10.33	5.73
2021.666	50.94	8.99	14.45	13.27	12.19	10.33	5.70
2021.668	51.02	8.92	14.41	13.31	12.18	10.34	5.68
2021.671	51.06	8.89	14.40	13.31	12.19	10.35	5.67
2021.674	51.10	8.87	14.37	13.32	12.20	10.36	5.65
2021.677	51.14	8.91	14.29	13.32	12.18	10.37	5.63
2021.679	51.17	8.91	14.27	13.38	12.12	10.38	5.62
2021.682	51.23	8.85	14.29	13.33	12.16	10.39	5.61
2021.685	51.25	8.84	14.30	13.28	12.20	10.40	5.59
2021.688	51.24	8.86	14.30	13.26	12.22	10.42	5.56
2021.690	51.23	8.87	14.30	13.25	12.23	10.43	5.55
2021.693	51.22	8.89	14.31	13.24	12.23	10.44	5.54
2021.696	51.21	8.85	14.37	13.28	12.18	10.45	5.53
2021.699	51.19	8.87	14.38	13.29	12.16	10.46	5.51
2021.701	51.18	8.87	14.34	13.38	12.12	10.47	5.51
2021.704	51.17	8.88	14.35	13.41	12.10	10.48	5.51
2021.707	51.16	8.88	14.35	13.45	11.96	10.58	5.52
2021.710	51.15	8.89	14.36	13.42	11.98	10.60	5.53
2021.712	51.16	8.86	14.37	13.43	11.96	10.60	5.54
2021.715	51.26	8.75	14.36	13.39	12.03	10.59	5.55
2021.718	51.42	8.56	14.36	13.36	12.10	10.59	5.57
2021.721	51.51	8.45	14.41	13.31	12.12	10.58	5.58
2021.723	51.56	8.38	14.46	13.34	12.08	10.57	5.59
2021.726	51.59	8.31	14.49	13.48	11.96	10.56	5.61
2021.729	51.54	8.36	14.48	13.54	11.90	10.56	5.62
2021.732	51.50	8.40	14.45	13.58	11.92	10.55	5.59
2021.734	51.47	8.42	14.45	13.58	11.92	10.56	5.61
2021.737	51.35	8.51	14.52	13.52	11.93	10.56	5.64
2021.740	51.30	8.55	14.54	13.51	11.94	10.35	5.85
2021.742	51.24	8.60	14.51	13.56	11.97	10.34	5.83
2021.745	51.19	8.63	14.43	13.69	11.95	10.38	5.78
2021.748	51.19	8.61	14.43	13.70	11.96	10.42	5.73
2021.751	51.23	8.57	14.44	13.70	11.97	10.46	5.68
2021.753	51.25	8.54	14.45	13.70	11.98	10.48	5.66
2021.756	51.27	8.51	14.46	13.70	11.96	10.50	5.68
2021.759	51.29	8.54	14.40	13.70	11.94	10.52	5.69
2021.762	51.32	8.55	14.36	13.70	11.95	10.52	5.67
2021.764	51.34	8.52	14.37	13.70	11.95	10.52	5.65
2021.767	51.38	8.47	14.38	13.70	11.95	10.52	5.70
2021.770	51.40	8.45	14.33	13.75	11.96	10.52	5.70
2021.773	51.41	8.45	14.22	13.85	11.89	10.59	5.70
2021.775	51.42	8.46	14.28	13.71	11.96	10.58	5.71
2021.778	51.44	8.46	14.34	13.66	11.97	10.57	5.71
2021.781	51.45	8.42	14.29	13.74	11.99	10.53	5.72
2021.784	51.48	8.37	14.26	13.78	12.04	10.52	5.72
2021.786	51.43	8.40	14.24	13.74	12.11	10.52	5.73
2021.789	51.24	8.60	14.15	13.76	12.18	10.51	5.73
2021.792	50.85	9.01	14.08	13.84	12.18	10.49	5.74
2021.795	50.76	9.11	14.16	13.74	12.25	10.43	5.75
2021.797	50.77	9.11	14.25	13.64	12.28	10.41	5.76
2021.800	50.77	9.10	14.34	13.53	12.31	10.41	5.77
2021.803	50.78	9.10	14.36	13.55	12.27	10.41	5.78
2021.805	50.78	9.09	14.37	13.56	12.26	10.43	5.77
2021.808	50.78	9.10	14.35	13.57	12.26	10.44	5.77
2021.811	50.79	9.12	14.33	13.56	12.27	10.47	5.70
2021.814	50.79	9.11	14.33	13.58	12.25	10.50	5.65
2021.816	50.80	9.11	14.28	13.63	12.24	10.54	5.61
2021.819	50.80	9.11	14.24	13.67	12.21	10.57	5.58
2021.822	50.80	9.11	14.26	13.66	12.19	10.62	5.54
2021.825	50.81	9.12	14.24	13.69	12.17	10.67	5.49
2021.827	50.81	9.11	14.21	13.74	12.14	10.71	5.46
2021.830	50.82	9.12	14.15	13.83	12.09	10.75	5.41
2021.833	50.82	9.13	14.12	13.87	12.08	10.78	5.38
2021.836	50.83	9.14	14.13	13.84	12.08	10.81	5.33
2021.838	50.83	9.15	14.11	13.86	12.07	10.86	5.28
2021.841	50.83	9.14	14.12	13.87	12.06	10.87	5.26
2021.844	50.84	9.12	14.14	13.89	12.05	10.87	5.26
2021.847	50.84	9.10	14.11	13.95	12.07	10.83	5.26
2021.849	50.85	9.07	14.09	13.99	12.12	10.77	5.26
2021.852	50.85	9.05	14.08	14.03	12.12	10.76	5.27
2021.855	50.85	9.01	14.13	14.04	12.11	10.76	5.29
2021.858	50.86	9.00	14.18	13.97	12.11	10.78	5.31
2021.860	50.86	8.99	14.17	14.00	12.06	10.82	5.32
2021.863	50.86	9.01	14.14	14.02	12.04	10.83	5.34
2021.866	50.85	9.01	14.13	14.03	12.05	10.82	5.36
2021.868	50.83	8.99	14.11	14.07	12.07	10.82	5.38
2021.871	50.80	8.99	14.09	14.14	12.06	10.81	5.39
2021.874	50.79	8.98	14.08	14.17	12.06	10.81	5.37
2021.877	50.78	8.98	14.08	14.20	11.98	10.88	5.28
2021.879	50.76	8.98	14.09	14.22	11.89	10.96	5.23
2021.882	50.74	8.98	14.11	14.22	11.82	11.04	5.18
2021.885	50.72	8.98	14.10	14.26	11.81	11.04	5.13
2021.888	50.71	8.98	14.08	14.30	11.81	11.03	5.12
2021.890	50.70	8.97	14.09	14.33	11.81	11.03	5.09
2021.893	50.67	8.99	14.09	14.35	11.82	11.02	5.04
2021.896	50.75	8.88	14.10	14.37	11.83	11.02	4.99
2021.899	50.73	8.87	14.10	14.40	12.01	10.86	4.93
2021.901	50.76	8.81	14.12	14.43	12.01	10.87	4.87
2021.904	50.80	8.75	14.13	14.45	11.95	10.93	4.85
2021.907	50.84	8.71	14.11	14.48	11.91	10.97	4.85
2021.910	50.91	8.67	14.05	14.51	11.88	11.00	4.89
2021.912	50.94	8.80	13.88	14.53	11.88	11.01	4.94
2021.915	50.94	8.95	13.71	14.55	11.88	11.00	4.93
2021.918	50.95	9.11	13.47	14.62	11.85	11.06	4.92
2021.921	50.95	9.16	13.41	14.51	12.04	11.01	4.90
2021.923	50.96	9.21	13.36	14.48	12.02	11.10	4.85
2021.926	50.96	9.29	13.26	14.49	11.96	11.17	4.82
2021.929	50.96	9.19	13.36	14.51	11.97	11.17	4.79
2021.932	50.97	9.10	13.44	14.53	12.00	11.15	4.76
2021.934	50.97	9.05	13.49	14.54	12.04	11.02	4.85
2021.937	50.97	9.06	13.47	14.56	12.07	10.97	4.90
2021.940	50.97	9.08	13.45	14.58	12.11	10.93	4.92
2021.942	50.97	9.10	13.49	14.54	12.11	10.93	4.90
2021.945	50.97	9.13	13.48	14.53	12.10	10.94	4.90
2021.948	50.97	9.13	13.50	14.54	12.09	10.94	4.89
2021.951	50.97	9.15	13.49	14.58	12.01	10.97	4.88
2021.953	50.97	9.15	13.51	14.62	11.97	10.96	4.87
2021.956	50.97	9.14	13.51	14.68	11.93	10.95	4.87
2021.959	50.97	9.11	13.41	14.82	11.98	10.91	4.86
2021.962	50.97	9.07	13.44	14.84	11.94	10.95	4.86
2021.964	50.97	9.01	13.49	14.92	11.86	10.97	4.86
2021.967	50.96	8.93	13.57	14.92	11.87	10.99	4.84
2021.970	50.96	8.84	13.65	14.93	11.87	11.01	4.82
2021.973	50.96	8.79	13.68	14.96	11.85	10.99	4.87
2021.975	50.96	8.76	13.68	14.99	11.83	11.04	4.84
2021.978	50.96	8.70	13.71	15.02	11.81	11.10	4.82
2021.981	51.28	8.34	13.76	15.01	11.79	11.16	4.79
2021.984	51.49	8.09	13.75	15.06	11.77	11.19	4.78
2021.986	51.91	7.61	13.76	15.11	11.78	11.19	4.78
2021.989	52.12	7.36	13.77	15.15	11.83	11.18	4.75
2021.992	52.23	7.20	13.95	15.01	11.85	11.22	4.69
2021.995	52.22	7.19	14.02	14.94	11.91	11.18	4.69
2021.997	52.22	7.20	14.01	14.95	11.93	11.16	4.70
2022.000	52.21	7.19	14.03	14.96	11.97	11.11	4.71
2022.003	52.21	7.14	14.08	14.96	11.99	11.09	4.72
2022.005	52.20	7.09	14.13	15.00	11.96	11.10	4.71
2022.008	52.20	7.10	14.12	15.02	11.94	11.10	4.71
2022.011	52.18	7.13	14.16	14.99	11.90	11.15	4.71
2022.014	52.15	7.16	14.21	14.88	11.94	11.17	4.71
2022.016	52.11	7.20	14.20	14.91	11.92	11.17	4.71
2022.019	52.05	7.27	14.18	14.96	11.89	11.18	4.71
2022.022	52.02	7.31	14.17	15.01	11.85	11.17	4.72
2022.025	51.98	7.34	14.15	15.05	11.83	11.14	4.75
2022.027	51.95	7.38	14.13	15.08	11.82	11.11	4.87
2022.030	51.92	7.42	14.12	15.10	11.81	11.08	5.15
2022.033	51.89	7.46	14.11	15.12	11.80	11.07	5.17
2022.036	51.85	7.49	14.08	15.16	11.79	11.05	5.18
2022.038	51.82	7.53	14.05	15.20	11.78	11.04	5.18
2022.041	51.74	7.62	14.03	15.17	11.83	11.04	5.19
2022.044	51.62	7.73	14.03	15.11	11.89	11.03	5.19
2022.047	51.52	7.84	14.01	15.01	12.00	11.03	5.20
2022.049	51.55	7.82	14.00	15.05	11.96	11.03	5.20
2022.052	51.53	7.85	14.00	15.11	11.90	11.03	5.21
2022.055	51.51	7.87	13.99	15.15	11.86	11.03	5.20
2022.058	51.49	7.89	13.98	15.20	11.82	11.04	5.20
2022.060	51.47	7.92	13.98	15.26	11.76	11.04	5.20
2022.063	51.45	7.94	14.02	15.25	11.70	11.08	5.19
2022.066	51.44	7.96	14.04	15.28	11.60	11.11	5.18
2022.068	51.38	8.02	14.06	15.29	11.54	11.07	5.01
2022.071	51.35	8.06	14.10	15.28	11.60	10.95	5.04
2022.074	51.29	8.10	14.14	15.19	11.66	10.94	5.06
2022.077	51.18	8.17	14.21	15.19	11.64	10.91	5.11
2022.079	51.11	8.21	14.21	15.29	11.57	10.91	5.11
2022.082	51.04	8.30	14.21	15.28	11.55	10.93	5.10
2022.085	50.78	8.59	14.17	15.31	11.54	10.81	5.23
2022.088	50.72	8.67	14.11	15.30	11.59	10.83	5.22
2022.090	50.74	8.65	14.12	15.25	11.63	10.84	5.22
2022.093	50.76	8.62	14.17	15.17	11.65	10.87	5.21
2022.096	50.79	8.58	14.17	15.14	11.67	10.90	5.15
2022.099	50.77	8.58	14.16	15.18	11.64	10.95	5.09
2022.101	50.72	8.62	14.15	15.21	11.61	10.97	5.03
2022.104	50.72	8.60	14.14	15.22	11.63	10.98	4.98
2022.107	50.71	8.59	14.07	15.32	11.70	10.93	4.93
2022.110	50.72	8.56	14.10	15.31	11.62	11.02	4.87
2022.112	50.73	8.54	14.12	15.31	11.68	10.98	4.86
2022.115	50.74	8.51	14.07	15.38	11.66	10.99	4.85
2022.118	50.76	8.48	14.11	15.36	11.61	11.04	4.87
2022.121	50.77	8.46	14.13	15.35	11.57	11.07	4.87
2022.123	50.77	8.44	14.17	15.39	11.39	11.19	4.89
2022.126	50.78	8.41	14.23	15.37	11.34	11.22	4.89
2022.129	50.79	8.37	14.26	15.35	11.20	11.37	4.91
2022.132	50.80	8.35	14.28	15.29	11.24	11.39	4.92
2022.134	50.82	8.31	14.24	15.36	11.25	11.38	4.93
2022.137	50.83	8.29	14.19	15.42	11.26	11.36	4.94
2022.140	50.84	8.27	14.17	15.60	11.14	11.34	4.95
2022.142	50.84	8.24	14.18	15.64	11.10	11.34	4.96
2022.145	50.85	8.21	14.19	15.64	11.08	11.36	4.97
2022.148	50.87	8.19	14.20	15.63	11.07	11.37	5.00
2022.151	50.86	8.19	14.20	15.62	11.09	11.35	5.02
2022.153	50.85	8.21	14.25	15.56	11.10	11.31	5.06
2022.156	50.81	8.23	14.21	15.60	11.13	11.29	5.07
2022.159	50.78	8.28	14.20	15.53	11.21	11.28	5.09
2022.162	50.76	8.31	14.17	15.52	11.25	11.27	5.11
2022.164	50.73	8.36	14.17	15.50	11.26	11.26	5.10
2022.167	50.69	8.41	14.16	15.50	11.26	11.25	5.12
2022.170	50.68	8.45	14.17	15.48	11.26	11.26	5.12
2022.173	50.64	8.51	14.14	15.48	11.28	11.24	5.12
2022.175	50.58	8.76	13.93	15.50	11.26	11.27	5.12
2022.178	50.58	8.82	13.86	15.50	11.32	11.19	5.17
2022.181	50.60	8.61	14.06	15.49	11.34	11.14	5.22
2022.184	50.61	8.60	14.06	15.48	11.33	11.11	5.28
2022.186	50.64	8.58	14.00	15.52	11.37	11.07	5.33
2022.189	50.64	8.57	14.05	15.45	11.40	11.03	5.37
2022.192	50.65	8.55	14.09	15.46	11.40	10.98	5.43
2022.195	50.65	8.49	14.15	15.51	11.36	10.94	5.47
2022.197	50.65	8.30	14.33	15.54	11.33	10.94	5.49
2022.200	50.66	8.27	14.36	15.51	11.31	11.02	5.48
2022.203	50.66	8.26	14.37	15.50	11.36	11.00	5.51
2022.205	50.67	8.24	14.38	15.49	11.35	11.04	5.51
2022.208	50.67	8.36	14.27	15.48	11.32	11.12	5.47
2022.211	50.68	8.31	14.32	15.43	11.33	11.17	5.44
2022.214	50.68	8.25	14.49	15.40	11.18	11.27	5.42
2022.216	50.67	8.16	14.48	15.54	11.09	11.35	5.40
2022.219	50.65	8.15	14.51	15.54	11.04	11.43	5.36
2022.222	50.64	8.16	14.52	15.53	11.07	11.44	5.35
2022.225	50.64	8.22	14.42	15.54	11.14	11.40	5.36
2022.227	50.64	8.18	14.39	15.56	11.21	11.37	5.37
2022.230	50.64	8.16	14.41	15.55	11.10	11.48	5.37
2022.233	50.64	8.15	14.45	15.51	11.06	11.54	5.39
2022.236	50.64	8.16	14.43	15.52	11.00	11.59	5.39
2022.238	50.64	8.17	14.45	15.48	11.04	11.57	5.41
2022.241	50.65	8.17	14.45	15.45	11.10	11.53	5.41
2022.244	50.65	8.16	14.47	15.46	11.13	11.48	5.42
2022.247	50.65	8.16	14.51	15.38	11.23	11.43	5.44
2022.249	50.65	8.14	14.54	15.34	11.29	11.38	5.34
2022.252	50.71	8.04	14.56	15.15	11.56	11.32	5.34
2022.255	50.65	7.92	14.74	15.14	11.61	11.27	5.34
2022.258	50.65	7.90	14.79	15.11	11.68	11.22	5.34
2022.260	50.66	7.88	14.88	15.02	11.73	11.18	5.34
2022.263	50.66	7.94	14.83	15.00	11.73	10.85	5.68
2022.266	50.66	7.94	14.85	14.97	11.74	10.87	5.66
2022.268	50.65	7.89	14.92	14.93	11.76	10.91	5.63
2022.271	50.63	7.87	14.98	14.91	11.94	10.76	5.60
2022.274	50.59	7.90	15.01	14.88	11.92	10.82	5.56
2022.277	50.50	7.98	15.02	14.86	11.91	10.87	5.54
2022.279	50.48	8.00	15.05	14.83	11.89	10.90	5.53
2022.282	50.67	7.81	15.05	14.82	11.88	10.93	5.53
2022.285	50.67	7.80	14.99	14.90	11.85	10.97	5.52
2022.288	50.67	7.79	14.98	14.93	11.81	11.01	5.50
2022.290	50.67	7.79	14.99	14.90	11.81	11.05	5.49
2022.293	50.67	7.91	14.88	14.93	11.74	11.09	5.47
2022.296	50.67	7.95	14.85	14.92	11.76	11.07	5.47
2022.299	50.68	7.94	14.87	14.91	11.77	11.04	5.48
2022.301	50.67	7.92	14.77	15.02	11.79	11.01	5.49
2022.304	50.67	7.92	14.78	15.02	11.81	10.98	5.51
2022.307	50.66	7.95	14.76	15.09	11.76	10.96	5.50
2022.310	50.66	7.97	14.74	15.07	11.78	10.93	5.50
2022.312	50.65	8.02	14.71	15.01	11.86	10.90	5.49
2022.315	50.65	8.04	14.69	15.06	11.82	10.89	5.47
2022.318	50.64	8.08	14.66	15.18	11.72	10.87	5.46
2022.321	50.61	8.12	14.65	15.20	11.72	10.86	5.48
2022.323	50.60	8.14	14.65	15.19	11.74	10.96	5.38
2022.326	50.58	8.17	14.64	15.23	11.72	11.07	5.28
2022.329	50.54	8.27	14.58	15.23	11.73	11.06	5.27
2022.332	50.51	8.35	14.52	15.25	11.68	11.12	5.26
2022.334	50.48	8.42	14.44	15.33	11.61	11.15	5.25
2022.337	50.48	8.44	14.35	15.35	11.63	11.19	5.25
2022.340	50.44	8.51	14.28	15.39	11.61	11.22	5.24
2022.342	50.42	8.55	14.31	15.34	11.58	11.22	5.26
2022.345	50.41	8.55	14.30	15.37	11.56	11.22	5.29
2022.348	50.40	8.56	14.27	15.40	11.52	11.23	5.30
2022.351	50.44	8.53	14.26	15.56	11.41	11.20	5.30
2022.353	50.45	8.51	14.09	15.73	11.43	11.19	5.28
2022.356	50.59	8.35	14.16	15.78	11.38	11.19	5.25
2022.359	50.70	8.26	14.17	15.71	11.41	11.20	5.23
2022.362	50.71	8.29	14.17	15.68	11.39	11.24	5.21
2022.364	50.71	8.39	14.10	15.69	11.32	11.28	5.19
2022.367	50.71	8.47	14.10	15.62	11.29	11.31	5.18
2022.370	50.71	8.49	14.11	15.61	11.28	11.30	5.19
2022.373	50.71	8.52	14.11	15.56	11.32	11.26	5.19
2022.375	50.82	8.45	14.14	15.49	11.39	11.22	5.22
2022.378	50.91	8.28	14.24	15.45	11.46	11.22	5.14
2022.381	50.99	8.14	14.30	15.44	11.49	11.21	5.10
2022.384	51.05	7.97	14.41	15.44	11.50	11.21	5.07
2022.386	51.03	7.87	14.48	15.49	11.48	11.24	5.05
2022.389	50.98	7.92	14.47	15.50	11.49	11.24	5.04
2022.392	50.90	8.00	14.46	15.51	11.51	11.23	5.03
2022.395	50.83	8.09	14.44	15.51	11.51	11.25	5.02
2022.397	50.77	8.16	14.36	15.56	11.53	11.36	4.91
2022.400	50.70	8.25	14.36	15.52	11.57	11.38	4.89
2022.403	50.70	8.26	14.37	15.54	11.52	11.40	4.87
2022.405	50.70	8.26	14.37	15.55	11.52	11.42	4.88
2022.408	50.70	8.26	14.36	15.48	11.62	11.44	4.82
2022.411	50.71	8.27	14.34	15.48	11.63	11.55	4.70
2022.414	50.72	8.27	14.32	15.53	11.58	11.70	4.57
2022.416	50.72	8.26	14.31	15.54	11.64	11.66	4.56
2022.419	50.73	8.25	14.40	15.44	11.69	11.69	4.51
2022.422	50.73	8.24	14.48	15.38	11.76	11.64	4.50
2022.425	50.72	8.24	14.47	15.38	11.80	11.65	4.49
2022.427	50.72	8.24	14.46	15.41	11.79	11.65	4.50
2022.430	50.70	8.10	14.50	15.54	11.79	11.63	4.53
2022.433	50.70	8.04	14.52	15.61	11.81	11.60	4.55
2022.436	50.69	8.02	14.58	15.57	11.87	11.53	4.53
2022.438	50.68	8.04	14.64	15.52	11.90	11.50	4.51
2022.441	50.77	7.98	14.60	15.53	11.93	11.46	4.52
2022.444	50.78	7.93	14.62	15.54	11.96	11.45	4.50
2022.447	50.77	7.96	14.58	15.56	12.00	11.36	4.56
2022.449	50.74	8.02	14.53	15.58	12.03	11.32	4.58
2022.452	50.74	8.07	14.45	15.62	11.99	11.35	4.60
2022.455	50.75	8.09	14.39	15.64	11.89	11.46	4.60
2022.458	50.78	8.08	14.36	15.68	11.76	11.57	4.60
2022.460	50.80	8.11	14.33	15.73	11.62	11.66	4.60
2022.463	50.82	8.11	14.29	15.81	11.56	11.68	4.61
2022.466	50.85	8.09	14.27	15.88	11.49	11.68	4.79
2022.468	50.86	8.07	14.25	15.91	11.50	11.65	4.87
2022.471	50.88	8.05	14.34	15.84	11.52	11.62	4.88
2022.474	50.90	8.04	14.36	15.78	11.57	11.61	4.89
2022.477	50.93	7.97	14.39	15.71	11.77	11.49	4.91
2022.479	50.94	7.76	14.64	15.65	11.96	11.28	4.96
2022.482	50.96	7.76	14.57	15.62	12.12	11.16	5.02
2022.485	51.03	7.70	14.50	15.66	12.07	11.27	4.99
2022.488	51.05	7.70	14.40	15.82	11.94	11.34	5.00
2022.490	51.06	7.68	14.46	15.83	12.05	11.16	5.00
2022.493	51.09	7.65	14.45	15.92	12.19	10.94	5.01
2022.496	50.97	7.77	14.44	15.99	12.13	10.93	5.02
2022.499	50.97	7.77	14.42	16.02	12.13	10.84	5.10
2022.501	50.95	7.78	14.38	16.07	12.09	10.85	5.14
2022.504	50.95	7.78	14.40	16.04	12.05	10.89	5.14
2022.507	50.94	7.79	14.39	16.06	12.01	10.94	5.13
2022.510	50.93	7.80	14.38	16.07	11.96	10.99	5.13
2022.512	50.92	7.80	14.38	16.08	11.92	11.04	5.12
2022.515	50.92	7.80	14.42	16.05	11.92	11.05	5.12
2022.518	50.91	7.79	14.47	16.00	11.94	11.04	5.11
2022.521	50.90	7.80	14.51	15.85	12.06	11.05	5.10
2022.523	50.89	7.83	14.53	15.77	11.95	11.21	5.10
2022.526	50.89	7.86	14.47	15.83	11.84	11.29	5.17
2022.529	50.88	7.91	14.32	16.02	11.73	11.33	5.30
2022.532	50.87	7.91	14.23	16.14	11.76	11.26	5.44
2022.534	50.86	7.92	14.20	16.20	11.78	11.22	5.46
2022.537	50.86	7.92	14.19	16.19	11.89	11.11	5.49
2022.540	50.85	7.92	14.18	16.19	11.89	11.13	5.51
2022.542	50.84	7.91	14.20	16.18	11.87	11.18	5.52
2022.545	50.86	7.92	14.17	16.17	11.93	11.15	5.53
2022.548	51.04	7.79	14.11	16.13	12.01	11.11	5.54
2022.551	51.07	7.82	14.06	16.12	12.05	11.09	5.56
2022.553	51.08	7.81	14.06	16.12	12.10	11.05	5.56
2022.556	51.07	7.80	14.08	16.10	12.21	10.98	5.56
2022.559	51.06	7.76	14.13	16.07	12.25	11.00	5.57
2022.562	51.05	7.72	14.18	16.02	12.29	11.03	5.58
2022.564	51.04	7.74	14.18	16.04	12.24	11.07	5.62
2022.567	51.03	7.76	14.19	16.00	12.24	11.10	5.66
2022.570	51.02	7.84	14.22	15.88	12.24	11.15	5.68
2022.573	51.03	7.89	14.14	15.91	12.22	11.19	5.69
2022.575	51.06	7.76	14.17	15.98	12.18	11.23	5.73
2022.578	51.06	7.67	14.23	16.02	12.16	11.27	5.74
2022.581	51.11	7.61	14.24	16.03	12.16	11.33	5.73
2022.584	51.11	7.62	14.24	16.04	12.11	11.41	5.73
2022.586	51.08	7.63	14.26	16.05	12.10	11.40	5.75
2022.589	51.03	7.60	14.34	16.06	12.04	11.45	5.76
2022.592	50.98	7.62	14.37	16.07	12.01	11.47	5.75
2022.595	50.92	7.71	14.34	16.09	11.97	11.51	5.75
2022.597	50.94	7.70	14.35	16.07	11.95	11.53	5.75
2022.600	50.97	7.82	14.27	16.02	11.92	11.56	5.73
2022.603	50.89	7.97	14.23	16.00	11.93	11.55	5.73
2022.605	50.87	8.07	14.17	15.99	12.02	11.46	5.73
2022.608	50.86	8.16	14.10	15.99	12.01	11.48	5.72
2022.611	50.82	8.27	14.10	15.92	12.03	11.46	5.71
2022.614	50.80	8.37	14.04	15.90	12.10	11.41	5.70
2022.616	50.79	8.44	13.96	15.89	12.17	11.37	5.69
2022.619	50.75	8.53	13.88	15.89	12.20	11.39	5.69
2022.622	50.73	8.57	13.86	15.81	12.23	11.47	5.66
2022.625	50.71	8.75	13.72	15.85	12.15	11.57	5.59
2022.627	50.67	8.80	13.71	15.83	12.19	11.56	5.60
2022.630	50.66	8.84	13.70	15.84	12.18	11.55	5.60
2022.633	50.65	8.86	13.71	15.90	12.07	11.59	5.70
2022.636	50.65	8.86	13.72	15.95	11.95	11.67	5.68
2022.638	50.64	8.87	13.76	15.90	11.94	11.67	5.69
2022.641	50.67	8.84	13.74	15.94	11.90	11.69	5.69
2022.644	50.67	8.85	13.77	15.90	11.87	11.72	5.70
2022.647	50.67	8.85	13.83	15.83	11.80	11.77	5.66
2022.649	50.75	8.78	13.87	15.78	11.79	11.76	5.42
2022.652	50.80	8.75	13.89	15.71	11.78	11.75	5.38
2022.655	50.83	8.69	13.88	15.75	11.74	11.71	5.43
2022.658	50.85	8.67	13.86	15.74	11.82	11.67	5.37
2022.660	50.87	8.69	13.86	15.69	11.89	11.61	5.42
2022.663	50.88	8.57	13.89	15.72	11.83	11.72	5.40
2022.666	50.96	8.51	13.90	15.71	11.76	11.82	5.29
2022.668	51.24	8.24	13.91	15.70	11.91	11.68	5.24
2022.671	51.24	8.23	13.92	15.72	11.93	11.65	5.20
2022.674	51.17	8.30	13.93	15.71	11.89	11.68	5.19
2022.677	51.10	8.38	13.94	15.74	11.83	11.69	5.21
2022.679	51.03	8.42	13.97	15.76	11.88	11.55	5.30
2022.682	50.93	8.35	14.13	15.77	11.91	11.53	5.31
2022.685	50.93	8.22	14.15	15.85	11.96	11.44	5.39
2022.688	50.93	8.23	14.12	15.84	12.00	11.43	5.41
2022.690	50.97	8.51	13.82	15.84	11.98	11.44	5.41
2022.693	51.00	8.48	13.86	15.80	11.99	11.45	5.43
2022.696	51.03	8.44	13.85	15.73	12.08	11.45	5.43
2022.699	51.06	8.40	13.86	15.77	12.07	11.43	5.43
2022.701	51.08	8.35	13.91	15.77	12.06	11.42	5.44
2022.704	51.11	8.34	13.91	15.78	12.10	11.38	5.45
2022.707	51.13	8.33	13.89	15.77	12.16	11.35	5.46
2022.710	51.17	8.39	13.81	15.50	12.55	11.22	5.47
2022.712	51.82	7.78	13.81	15.46	12.57	11.18	5.51
2022.715	51.83	7.82	13.81	15.41	12.57	11.16	5.55
2022.718	51.83	7.84	13.77	15.54	12.48	11.13	5.64
2022.721	51.81	7.84	13.77	15.60	12.43	11.11	5.74
2022.723	51.80	7.82	13.78	15.61	12.47	11.07	5.85
2022.726	51.79	7.80	13.76	15.64	12.51	11.02	5.97
2022.729	51.77	7.82	13.82	15.67	12.47	10.96	6.00
2022.732	51.70	8.00	13.72	15.73	12.41	10.94	6.03
2022.734	51.66	8.04	13.71	15.73	12.34	11.01	6.05
2022.737	51.63	8.08	13.70	15.72	12.33	11.02	6.06
2022.740	51.59	8.12	13.69	15.78	12.27	11.00	6.09
2022.742	51.55	8.17	13.65	15.81	12.27	10.92	6.17
2022.745	51.51	8.17	13.67	15.84	12.27	10.92	6.18
2022.748	51.49	8.10	13.72	15.87	12.27	10.98	6.12
2022.751	51.44	8.15	13.68	15.86	12.32	10.99	6.11
2022.753	51.42	8.23	13.62	15.87	12.26	11.03	6.13
2022.756	51.40	8.35	13.63	15.79	12.16	11.09	6.17
2022.759	51.38	8.37	13.63	15.81	12.27	10.95	6.15
2022.762	51.36	8.40	13.62	15.86	12.23	10.92	6.15
2022.764	51.33	8.43	13.61	15.87	12.22	10.91	6.22
2022.767	51.30	8.47	13.62	15.89	12.18	10.90	6.20
2022.770	51.27	8.50	13.60	15.90	12.18	10.89	6.20
2022.773	51.22	8.56	13.59	15.92	12.17	10.89	6.19
2022.775	51.19	8.57	13.60	15.93	12.17	10.89	6.19
2022.778	51.16	8.59	13.60	15.94	12.17	10.90	6.17
2022.781	51.13	8.61	13.61	15.87	12.24	10.91	6.16
2022.784	51.10	8.63	13.67	15.79	12.28	10.92	6.15
2022.786	51.07	8.65	13.73	15.75	12.27	10.93	6.15
2022.789	51.04	8.65	13.80	15.79	12.18	10.94	6.14
2022.792	50.99	8.67	13.81	15.83	12.18	10.91	6.17
2022.795	50.96	8.65	13.92	15.76	12.18	10.89	6.19
2022.797	50.93	8.63	14.10	15.71	12.11	10.87	6.22
2022.800	50.90	8.65	14.15	15.66	12.13	10.90	6.16
2022.803	50.87	8.68	14.15	15.68	12.11	10.96	6.11
2022.805	50.84	8.74	14.12	15.71	12.07	10.97	6.11
2022.808	50.83	8.73	14.13	15.76	12.03	10.97	6.12
2022.811	50.83	8.67	14.26	15.62	12.10	10.97	6.13
2022.814	50.83	8.65	14.28	15.53	12.18	10.97	6.10
2022.816	50.82	8.64	14.29	15.53	12.19	10.97	6.00
2022.819	50.82	8.63	14.44	15.35	12.30	10.90	5.93
2022.822	50.82	8.60	14.66	15.12	12.30	10.94	5.85
2022.825	50.82	8.59	14.44	15.33	12.36	10.90	5.77
2022.827	50.82	8.57	14.38	15.47	12.33	10.88	5.69
2022.830	50.81	8.57	14.38	15.43	12.37	10.89	5.62
2022.833	50.81	8.56	14.39	15.43	12.34	10.95	5.54
2022.836	50.80	8.54	14.42	15.43	12.30	11.01	5.46
2022.838	50.79	8.53	14.44	15.43	12.36	10.98	5.38
2022.841	50.78	8.51	14.47	15.45	12.36	10.98	5.34
2022.844	50.76	8.49	14.50	15.53	12.29	11.00	5.32
2022.847	50.75	8.51	14.50	15.53	12.31	11.01	5.30
2022.849	50.74	8.52	14.53	15.50	12.35	11.01	5.29
2022.852	50.73	8.58	14.44	15.58	12.24	11.06	5.33
2022.855	50.72	8.65	14.39	15.63	12.17	11.02	5.41
2022.858	50.72	8.71	14.34	15.58	12.22	10.98	5.49
2022.860	50.71	8.78	14.27	15.53	12.27	10.94	5.55
2022.863	50.70	8.77	14.29	15.53	12.26	10.93	5.60
2022.866	50.68	8.76	14.37	15.49	12.23	10.96	5.63
2022.868	50.67	8.73	14.41	15.59	12.15	10.97	5.62
2022.871	50.66	8.71	14.44	15.58	12.15	11.13	5.48
2022.874	50.65	8.69	14.47	15.63	12.08	11.16	5.42
2022.877	50.64	8.67	14.50	15.61	12.11	11.16	5.33
2022.879	50.62	8.68	14.51	15.59	12.12	11.18	5.25
2022.882	50.59	8.72	14.51	15.56	12.15	11.20	5.22
2022.885	50.52	8.78	14.52	15.55	12.20	11.17	5.22
2022.888	50.48	8.81	14.53	15.53	12.29	11.13	5.25
2022.890	50.44	8.84	14.53	15.51	12.33	11.08	5.63
2022.893	50.41	8.87	14.47	15.56	12.34	11.04	5.72
2022.896	50.37	8.95	14.51	15.46	12.37	11.00	5.83
2022.899	50.34	9.07	14.52	15.25	12.48	10.99	5.98
2022.901	50.30	9.24	14.37	15.27	12.48	10.99	6.17
2022.904	50.25	9.30	14.33	15.31	12.48	10.88	6.39
2022.907	50.22	9.33	14.28	15.35	12.65	10.66	6.47
2022.910	50.16	9.39	14.29	15.34	12.67	10.64	6.47
2022.912	50.07	9.51	14.25	15.34	12.71	10.62	6.48
2022.915	50.00	9.62	14.25	15.29	12.76	10.61	6.48
2022.918	49.96	9.74	14.15	15.31	12.78	10.52	6.57
2022.921	50.27	9.50	14.08	15.30	12.83	10.48	6.59
2022.923	50.27	9.55	14.16	15.13	12.90	10.50	6.54
2022.926	50.27	9.60	13.99	15.25	12.93	10.54	6.51
2022.929	50.26	9.65	13.97	15.19	12.96	10.53	6.51
2022.932	50.26	9.68	14.05	15.09	12.98	10.51	6.53
2022.934	50.25	9.71	14.12	15.06	12.96	10.47	6.55
2022.937	50.25	9.73	14.10	15.10	12.90	10.48	6.57
2022.940	50.24	9.58	14.27	15.15	12.81	10.50	6.60
2022.942	50.24	9.37	14.55	15.09	12.78	10.53	6.62
2022.945	50.23	9.30	14.68	15.04	12.67	10.62	6.64
2022.948	50.23	9.34	14.68	15.04	12.62	10.64	6.65
2022.951	50.66	8.93	14.72	14.99	12.63	10.62	6.59
2022.953	50.69	8.91	14.76	14.93	12.38	10.86	6.56
2022.956	50.69	8.93	14.72	14.95	12.40	10.83	6.57
2022.959	50.68	8.93	14.70	14.97	12.42	10.81	6.59
2022.962	50.68	8.94	14.67	15.00	12.43	10.77	6.63
2022.964	50.67	8.87	14.72	15.03	12.45	10.74	6.66
2022.967	50.66	8.81	14.77	15.03	12.48	10.72	6.68
2022.970	50.66	8.97	14.59	15.03	12.45	10.76	6.72
2022.973	50.65	8.97	14.57	15.03	12.44	10.80	6.74
2022.975	50.64	8.99	14.53	15.05	12.44	10.85	6.72
2022.978	50.63	9.00	14.52	15.07	12.45	10.85	6.68
2022.981	50.61	9.01	14.51	15.12	12.43	10.85	6.65
2022.984	50.58	9.04	14.54	15.14	12.39	10.85	6.61
2022.986	50.56	9.08	14.45	15.20	12.40	10.85	6.59
2022.989	50.53	9.14	14.38	15.18	12.47	10.85	6.54
2022.992	50.51	9.18	14.33	15.16	12.52	10.85	6.52
2022.995	50.48	9.23	14.29	15.19	12.52	10.85	6.55
2022.997	50.44	9.28	14.30	15.16	12.53	10.86	6.55
2023.000	50.43	9.27	14.38	15.10	12.56	10.86	6.55
2023.003	50.38	9.27	14.38	15.14	12.61	10.82	6.54
2023.005	50.34	9.29	14.36	15.18	12.70	10.76	6.54
2023.008	50.29	9.30	14.36	15.20	12.80	10.66	6.59
2023.011	50.24	9.31	14.37	15.20	12.83	10.67	6.60
2023.014	50.11	9.40	14.41	15.16	12.89	10.66	6.65
2023.016	50.24	9.24	14.44	15.21	12.83	10.68	6.66
2023.019	50.15	9.32	14.45	15.21	12.81	10.70	6.68
2023.022	50.06	9.41	14.45	15.18	12.83	10.72	6.70
2023.025	50.05	9.40	14.57	15.07	12.93	10.64	6.68
2023.027	50.04	9.41	14.76	14.87	13.01	10.57	6.65
2023.030	50.03	9.42	14.76	14.92	13.05	10.51	6.63
2023.033	49.99	9.92	14.30	14.92	13.07	10.49	6.59
2023.036	49.98	10.08	14.27	14.80	13.08	10.45	6.60
2023.038	49.95	9.84	14.35	14.97	13.12	10.42	6.61
2023.041	49.95	9.68	14.50	14.98	13.14	10.48	6.52
2023.044	49.92	9.62	14.42	15.16	13.20	10.42	6.48
2023.047	49.85	9.69	14.31	15.31	13.13	10.47	6.46
2023.049	49.81	9.75	14.25	15.37	13.15	10.41	6.44
2023.052	49.78	9.78	14.22	15.39	13.16	10.41	6.44
2023.055	49.76	9.80	14.20	15.37	13.22	10.39	6.45
2023.058	49.72	9.83	14.20	15.35	13.24	10.38	6.48
2023.060	49.71	9.83	14.22	15.37	13.21	10.37	6.50
2023.063	49.67	9.85	14.24	15.38	13.20	10.37	6.51
2023.066	49.65	9.86	14.24	15.36	13.19	10.39	6.53
2023.068	49.62	9.87	14.26	15.38	13.13	10.43	6.55
2023.071	49.60	9.87	14.28	15.42	13.06	10.49	6.53
2023.074	49.57	9.87	14.33	15.43	13.01	10.54	6.58
2023.077	49.55	9.86	14.35	15.43	12.96	10.59	6.62
2023.079	49.51	9.88	14.37	15.34	13.02	10.61	6.67
2023.082	49.48	9.89	14.42	15.28	13.04	10.62	6.79
2023.085	49.46	9.87	14.46	15.26	12.99	10.69	6.78
2023.088	49.43	9.81	14.56	15.25	13.02	10.66	6.77
2023.090	49.45	9.73	14.61	15.27	13.03	10.63	6.76
2023.093	49.49	9.70	14.59	15.24	13.10	10.60	6.75
2023.096	49.57	9.16	15.28	15.01	13.14	10.56	6.76
2023.099	49.60	9.14	15.21	15.06	13.14	10.56	6.77
2023.101	49.63	9.11	15.16	15.12	13.08	10.61	6.69
2023.104	49.65	9.11	15.18	15.06	13.02	10.66	6.65
2023.107	49.61	9.24	15.07	15.05	13.04	10.65	6.61
2023.110	49.55	9.38	15.02	15.01	13.04	10.64	6.60
2023.112	49.78	9.26	14.95	14.95	13.08	10.61	6.60
2023.115	49.79	9.30	14.82	15.04	13.08	10.59	6.60
2023.118	49.79	9.33	14.70	15.13	13.08	10.61	6.56
2023.121	49.32	9.83	14.61	15.19	13.09	10.63	6.56
2023.123	49.26	9.93	14.57	15.20	13.07	10.66	6.52
2023.126	49.26	9.94	14.55	15.21	13.09	10.65	6.47
2023.129	49.27	9.96	14.53	15.20	13.03	10.73	6.43
2023.132	49.24	10.01	14.54	15.18	13.01	10.76	6.41
2023.134	49.10	10.18	14.55	15.13	12.98	10.83	6.42
2023.137	49.11	10.12	14.75	14.97	12.98	10.86	6.42
2023.140	49.11	10.09	14.63	15.09	13.01	10.86	6.44
2023.142	49.07	10.08	14.61	15.18	12.98	10.87	6.48
2023.145	49.07	10.04	14.67	15.16	12.98	10.88	6.52
2023.148	49.07	9.99	14.76	15.05	13.03	10.84	6.59
2023.151	49.07	9.94	14.86	15.00	13.03	10.82	6.65
2023.153	49.07	10.04	14.84	14.93	13.03	10.79	6.71
2023.156	49.09	9.97	14.80	15.01	13.04	10.77	6.75
2023.159	49.20	9.80	14.91	14.96	13.06	10.71	6.82
2023.162	49.32	9.62	15.09	14.84	13.10	10.67	6.88
2023.164	49.43	9.45	15.26	14.70	13.18	10.56	6.88
2023.167	49.45	9.37	15.33	14.74	13.17	10.53	6.84
2023.170	49.47	9.31	15.33	14.77	13.17	10.51	6.86
2023.173	49.50	9.37	15.22	14.88	13.13	10.51	6.84
2023.175	49.51	9.41	15.14	14.83	13.25	10.48	6.80
2023.178	49.54	9.46	15.03	14.85	13.29	10.47	6.77
2023.181	49.57	8.99	15.44	14.88	13.32	10.45	6.74
2023.184	49.58	8.99	15.40	14.91	13.32	10.45	6.72
2023.186	49.59	8.98	15.37	14.94	13.33	10.46	6.70
2023.189	49.59	8.98	15.32	14.98	13.35	10.46	6.69
2023.192	49.58	8.98	15.30	15.02	13.35	10.45	6.68
2023.195	49.57	8.99	15.29	15.08	13.26	10.49	6.68
2023.197	49.55	9.01	15.26	15.12	13.24	10.49	6.67
2023.200	49.53	9.02	15.24	15.17	13.25	10.46	6.67
2023.203	49.52	9.03	15.24	15.19	13.25	10.42	6.68
2023.205	49.54	9.02	15.30	15.11	13.29	10.38	6.69
2023.208	49.56	8.96	15.36	15.11	13.27	10.34	6.71
2023.211	49.57	8.90	15.31	15.23	13.27	10.31	6.71
2023.214	49.57	8.88	15.30	15.29	13.24	10.31	6.69
2023.216	49.56	8.90	15.23	15.37	13.23	10.32	6.68
2023.219	49.54	8.93	15.21	15.42	13.27	10.26	6.66
2023.222	49.52	8.97	15.25	15.33	13.31	10.24	6.64
2023.225	49.44	9.04	15.23	15.39	13.31	10.23	6.63
2023.227	49.44	8.91	15.28	15.55	13.24	10.22	6.61
2023.230	49.45	8.81	15.37	15.56	13.21	10.25	6.59
2023.233	49.49	8.75	15.44	15.52	13.14	10.33	6.57
2023.236	49.49	8.75	15.49	15.50	13.11	10.32	6.55
2023.238	49.50	8.75	15.50	15.57	13.03	10.26	6.62
2023.241	49.50	8.74	15.51	15.64	12.97	10.20	6.68
2023.244	49.52	8.73	15.51	15.71	12.90	10.20	6.68
2023.247	49.52	8.71	15.53	15.77	12.85	10.19	6.69
2023.249	49.53	8.69	15.54	15.77	12.88	10.17	6.69
2023.252	49.53	8.67	15.56	15.92	12.75	10.15	6.69
2023.255	49.52	8.64	15.60	15.95	12.75	10.13	6.70
2023.258	49.51	8.65	15.60	15.97	12.72	10.14	6.70
2023.260	49.49	8.69	15.58	15.98	12.70	10.12	6.71
2023.263	49.48	8.72	15.56	16.01	12.65	10.13	6.70
2023.266	49.46	8.75	15.45	16.14	12.60	10.13	6.69
2023.268	49.45	8.77	15.44	16.18	12.55	10.13	6.69
2023.271	49.43	8.81	15.50	16.15	12.50	10.14	6.68
2023.274	49.41	8.84	15.55	16.06	12.56	10.09	6.66
2023.277	49.39	8.87	15.49	16.09	12.59	10.08	6.65
2023.279	49.34	8.93	15.52	16.08	12.49	10.15	6.63
2023.282	49.28	9.01	15.59	16.02	12.48	10.16	6.61
2023.285	49.23	9.23	15.44	16.01	12.43	10.18	6.61
2023.288	49.16	9.31	15.29	16.17	12.37	10.20	6.60
2023.290	49.15	9.33	15.32	15.99	12.50	10.21	6.59
2023.293	49.14	9.33	15.31	16.09	12.41	10.23	6.57
2023.296	49.12	9.34	15.34	16.02	12.52	10.18	6.55
2023.299	49.07	9.38	15.38	16.05	12.62	10.03	6.53
2023.301	49.05	9.40	15.41	16.00	12.66	10.02	6.52
2023.304	49.00	9.44	15.40	16.09	12.59	10.00	6.52
2023.307	48.98	9.45	15.36	16.13	12.60	10.00	6.51
2023.310	48.93	9.48	15.41	16.05	12.67	10.01	6.52
2023.312	48.91	9.50	15.41	16.01	12.73	10.02	6.51
2023.315	48.90	9.50	15.43	15.95	12.78	10.04	6.51
2023.318	48.89	9.50	15.44	15.93	12.79	10.03	6.53
2023.321	48.86	9.51	15.46	15.86	12.88	10.01	6.54
2023.323	48.86	9.47	15.52	15.80	12.97	9.95	6.56
2023.326	48.85	9.52	15.49	15.77	12.96	9.95	6.55
2023.329	48.84	9.52	15.52	15.72	12.98	9.93	6.56
2023.332	48.82	9.51	15.52	15.76	12.94	9.94	6.55
2023.334	48.81	9.50	15.52	15.78	12.93	9.93	6.54
2023.337	48.80	9.52	15.51	15.84	12.88	9.93	6.52
2023.340	48.77	9.55	15.48	15.99	12.76	9.91	6.49
2023.342	48.76	9.56	15.46	16.03	12.73	9.88	6.44
2023.345	48.75	9.58	15.48	15.98	12.77	9.86	6.38
2023.348	48.74	9.42	15.66	15.94	12.80	9.85	6.37
2023.351	48.72	9.42	15.71	15.87	12.83	9.83	6.37
2023.353	48.71	9.42	15.79	15.83	12.81	9.82	6.36
2023.356	48.68	9.43	15.84	15.86	12.75	9.82	6.34
2023.359	48.67	9.43	15.90	15.84	12.71	9.87	6.26
2023.362	48.65	9.44	15.92	15.79	12.71	9.94	6.20
2023.364	48.64	9.45	16.00	15.68	12.69	10.03	6.20
2023.367	48.62	9.52	16.02	15.62	12.63	10.08	6.11
2023.370	48.63	9.60	15.89	15.64	12.63	10.11	6.04
2023.373	48.68	9.38	15.99	15.67	12.67	10.10	6.02
2023.375	48.73	9.33	16.01	15.64	12.70	10.11	6.00
2023.378	48.82	9.27	16.00	15.52	12.83	10.11	5.98
2023.381	48.77	9.34	15.99	15.49	12.87	10.11	5.95
2023.384	48.71	9.42	16.05	15.42	12.85	10.12	5.91
2023.386	48.65	9.50	16.03	15.43	12.87	10.09	5.82
2023.389	48.58	9.60	16.06	15.37	12.84	10.11	5.82
2023.392	48.51	9.69	16.05	15.34	12.82	10.16	5.79
2023.395	48.43	9.80	16.03	15.33	12.95	10.04	5.82
2023.397	48.39	9.86	16.02	15.32	12.97	10.02	5.81
2023.400	48.38	9.88	16.02	15.30	12.97	10.03	5.78
2023.403	48.37	9.91	15.95	15.35	13.00	10.01	5.74
2023.405	48.36	9.94	16.00	15.29	13.02	10.01	5.72
2023.408	48.34	9.97	15.99	15.28	13.03	10.02	5.69
2023.411	48.33	10.00	15.98	15.32	13.00	10.01	5.67
2023.414	48.32	10.03	15.97	15.32	13.00	9.78	5.90
2023.416	48.30	10.06	15.97	15.25	13.04	9.81	5.89
2023.419	48.34	10.04	15.96	15.25	13.07	9.80	5.89
2023.422	48.46	9.92	15.97	15.12	13.16	9.76	5.96
2023.425	48.52	9.87	16.00	15.12	13.12	9.74	6.02
2023.427	48.53	9.86	15.99	15.15	13.07	9.73	6.04
2023.430	48.50	9.89	15.92	15.45	12.88	9.65	6.08
2023.433	48.48	9.91	15.92	15.42	12.86	9.68	6.12
2023.436	48.45	9.94	15.93	15.38	12.90	9.77	5.85
2023.438	48.41	9.98	15.97	15.30	12.89	9.94	5.72
2023.441	48.35	10.03	15.96	15.25	12.97	9.91	5.76
2023.444	48.31	10.07	15.75	15.47	12.97	9.97	5.70
2023.447	48.26	10.11	15.73	15.49	12.97	10.08	5.62
2023.449	48.31	10.09	15.63	15.53	12.99	9.97	5.75
2023.452	48.38	10.03	15.53	15.60	13.04	9.89	5.85
2023.455	48.39	10.02	15.46	15.60	13.12	9.84	5.92
2023.458	48.30	10.09	15.40	15.63	13.13	9.78	6.07
2023.460	48.29	10.10	15.43	15.60	13.13	9.69	6.20
2023.463	48.28	10.09	15.38	15.65	13.16	9.67	6.17
2023.466	48.28	10.09	15.39	15.59	13.22	9.68	6.12
2023.468	48.27	10.09	15.39	15.59	13.23	9.67	6.12
2023.471	48.26	10.11	15.39	15.57	13.23	9.75	6.07
2023.474	48.23	10.16	15.32	15.55	13.29	9.76	6.09
2023.477	48.21	10.20	15.41	15.36	13.37	9.78	6.18
2023.479	48.20	10.24	15.39	15.35	13.37	9.80	6.17
2023.482	48.20	10.12	15.50	15.36	13.37	9.82	6.16
2023.485	48.22	10.09	15.50	15.37	13.37	9.83	6.15
2023.488	48.24	10.07	15.48	15.37	13.38	9.87	6.13
2023.490	48.26	10.11	15.38	15.40	13.36	9.91	6.12
2023.493	48.29	10.14	15.28	15.47	13.37	9.89	6.10
2023.496	48.32	10.11	15.24	15.51	13.37	9.89	6.09
2023.499	48.28	10.15	15.32	15.57	13.22	9.71	6.26
2023.501	48.20	10.24	15.32	15.63	13.17	9.73	6.23
2023.504	48.16	10.28	15.32	15.70	13.07	9.77	6.21
2023.507	48.12	10.32	15.31	15.83	12.86	9.86	6.19
2023.510	48.10	10.34	15.33	15.82	12.80	9.94	6.13
2023.512	48.10	10.34	15.34	15.80	12.80	9.95	6.08
2023.515	48.08	10.36	15.36	15.78	12.81	9.94	6.03
2023.518	48.06	10.32	15.42	15.75	12.84	9.84	6.05
2023.521	48.05	10.30	15.41	15.83	12.86	9.81	5.98
2023.523	48.02	10.30	15.44	15.83	12.92	9.77	5.90
2023.526	48.00	10.23	15.53	15.87	12.86	9.73	5.93
2023.529	47.98	10.15	15.63	15.92	12.79	9.75	5.86
2023.532	47.96	10.09	15.71	15.93	12.71	9.81	5.82
2023.534	47.95	10.22	15.59	15.91	12.74	9.80	5.83
2023.537	47.91	10.26	15.59	15.90	12.74	9.81	5.84
2023.540	47.90	10.27	15.58	15.92	12.72	9.81	5.84
2023.542	47.89	10.10	15.76	15.92	12.71	9.81	5.85
2023.545	47.90	10.09	15.76	15.91	12.74	9.81	5.85
2023.548	47.91	10.05	15.79	15.88	12.79	9.80	5.85
2023.551	47.92	10.00	15.84	15.84	12.87	9.77	5.85
2023.553	47.92	10.00	15.83	15.84	12.96	9.67	5.86
2023.556	47.93	10.16	15.67	15.84	12.92	9.69	5.88
2023.559	47.95	10.14	15.68	15.82	12.95	9.67	5.84
2023.562	47.94	10.08	15.73	15.81	12.99	9.64	5.81
2023.564	47.93	10.18	15.65	15.84	12.98	9.63	5.76
2023.567	47.91	10.33	15.49	15.85	12.98	9.61	5.73
2023.570	47.90	10.36	15.46	15.88	13.00	9.58	5.69
2023.573	47.89	10.36	15.46	15.89	13.04	9.53	5.68
2023.575	47.90	10.33	15.39	15.85	13.22	9.44	5.66
2023.578	48.00	10.22	15.38	15.87	13.24	9.38	5.65
2023.581	48.01	10.17	15.42	15.92	13.21	9.29	5.71
2023.584	48.02	10.15	15.44	15.99	13.17	9.20	5.77
2023.586	48.03	10.12	15.46	15.99	13.19	9.14	5.80
2023.589	48.04	10.07	15.50	15.99	13.23	9.12	5.60
2023.592	48.04	10.05	15.49	16.03	13.23	9.10	5.51
2023.595	48.04	10.06	15.45	16.06	13.23	9.10	5.46
2023.597	48.04	10.08	15.35	16.12	13.24	9.13	5.42
2023.600	48.04	10.26	15.09	16.19	13.25	9.10	5.42
2023.603	48.06	10.29	15.03	16.17	13.21	9.14	5.45
2023.605	48.13	10.17	15.06	16.16	13.23	9.12	5.47
2023.608	48.20	9.98	15.17	16.23	13.14	9.14	5.49
2023.611	48.28	9.93	15.14	16.26	13.08	9.17	5.50
2023.614	48.33	9.89	15.11	16.21	13.10	9.20	5.51
2023.616	48.41	9.82	15.11	16.17	13.06	9.25	5.51
2023.619	48.48	9.75	15.17	16.12	13.04	9.26	5.52
2023.622	48.56	9.54	15.30	16.12	13.07	9.22	5.53
2023.625	48.62	9.49	15.27	16.03	13.15	9.25	5.54
2023.627	48.63	9.50	15.24	16.08	13.11	9.24	5.55
2023.630	48.68	9.46	15.20	16.16	12.99	9.29	5.56
2023.633	48.85	9.30	15.17	16.15	12.99	9.33	5.54
2023.636	48.97	9.19	15.11	16.17	12.95	9.46	5.49
2023.638	48.90	9.27	15.07	16.19	12.95	9.54	5.43
2023.641	48.84	9.31	15.08	16.16	12.94	9.64	5.38
2023.644	48.77	9.34	15.11	16.14	13.01	9.65	5.33
2023.647	48.71	9.37	15.13	16.13	13.02	9.65	5.34
2023.649	48.69	9.35	15.16	16.01	13.18	9.52	5.44
2023.652	48.67	9.38	15.14	16.01	13.19	9.50	5.45
2023.655	48.65	9.41	15.13	15.99	13.19	9.52	5.46
2023.658	48.63	9.43	15.12	16.01	13.21	9.50	5.46
2023.660	48.61	9.45	15.11	16.02	13.21	9.50	5.46
2023.663	48.58	9.48	15.09	16.02	13.23	9.50	5.45
2023.666	48.56	9.50	15.07	16.00	13.26	9.52	5.44
2023.668	48.54	9.52	15.06	15.97	13.29	9.55	5.41
2023.671	48.52	9.47	15.13	15.96	13.32	9.56	5.40
2023.674	48.46	9.53	15.12	15.98	13.30	9.57	5.39
2023.677	48.40	9.59	15.11	15.99	13.17	9.69	5.44
2023.679	48.34	9.65	15.10	15.92	13.15	9.76	5.51
2023.682	48.25	9.77	15.00	15.94	13.25	9.70	5.57
2023.685	48.19	9.89	14.93	15.92	13.35	9.62	5.63
2023.688	48.13	9.95	14.90	15.92	13.43	9.54	5.70
2023.690	48.07	9.93	14.96	15.91	13.52	9.46	5.76
2023.693	48.00	10.04	14.92	15.95	13.48	9.47	5.81
2023.696	48.00	10.08	14.88	15.92	13.51	9.44	5.87
2023.699	47.99	9.96	15.00	15.90	13.52	9.40	5.95
2023.701	47.99	9.87	15.12	15.87	13.53	9.39	5.98
2023.704	47.99	9.82	15.14	15.89	13.53	9.39	5.98
2023.707	47.99	9.77	15.20	15.90	13.51	9.39	5.99
2023.710	47.99	9.69	15.26	15.85	13.58	9.38	6.00
2023.712	47.99	9.56	15.29	15.93	13.60	9.37	6.01
2023.715	47.99	9.48	15.34	16.04	13.51	9.35	6.04
2023.718	47.99	9.47	15.48	15.83	13.63	9.29	6.07
2023.721	47.99	9.56	15.38	15.74	13.74	9.27	6.10
2023.723	47.99	9.61	15.30	15.72	13.73	9.28	6.13
2023.726	47.99	9.67	15.23	15.74	13.72	9.27	6.16
2023.729	47.99	9.63	15.26	15.75	13.72	9.25	6.18
2023.732	47.99	9.64	15.22	15.77	13.74	9.21	6.21
2023.734	47.99	9.68	15.17	15.79	13.77	9.15	6.24
2023.737	47.99	9.67	15.16	15.84	13.73	9.24	6.15
2023.740	47.98	9.64	15.13	15.87	13.77	9.27	6.13
2023.742	47.97	9.63	15.10	15.92	13.77	9.26	6.14
2023.745	47.98	9.55	15.17	15.92	13.77	9.26	6.15
2023.748	48.03	9.38	15.29	15.92	13.77	9.27	6.15
2023.751	48.09	9.28	15.34	15.92	13.70	9.34	6.14
2023.753	48.12	9.16	15.43	15.92	13.68	9.37	6.14
2023.756	48.06	9.14	15.50	15.90	13.64	9.45	6.13
2023.759	48.03	9.24	15.40	15.92	13.60	9.49	6.14
2023.762	48.00	9.34	15.32	15.92	13.57	9.51	6.17
2023.764	47.97	9.44	15.26	15.82	13.58	9.57	6.20
2023.767	47.95	9.47	15.24	15.92	13.46	9.57	6.22
2023.770	47.94	9.50	15.23	15.86	13.52	9.56	6.24
2023.773	47.92	9.52	15.24	15.76	13.64	9.50	6.26
2023.775	47.91	9.49	15.29	15.75	13.76	9.39	6.27
2023.778	47.87	9.44	15.39	15.70	13.75	9.43	6.26
2023.781	47.88	9.23	15.60	15.69	13.69	9.51	6.27
2023.784	47.88	9.12	15.70	15.69	13.68	9.54	6.28
2023.786	47.89	8.96	15.86	15.69	13.72	9.50	6.29
2023.789	47.89	9.13	15.75	15.61	13.76	9.45	6.31
2023.792	47.89	9.24	15.74	15.53	13.79	9.41	6.33
2023.795	47.90	9.38	15.68	15.45	13.83	9.37	6.34
2023.797	47.90	9.48	15.57	15.46	13.83	9.36	6.37
2023.800	47.90	9.60	15.46	15.46	13.85	9.34	6.40
2023.803	47.90	9.85	15.21	15.46	13.95	9.25	6.42
2023.805	47.89	9.96	15.11	15.47	13.97	9.25	6.44
2023.808	47.88	10.06	14.99	15.57	13.90	9.27	6.48
2023.811	47.66	10.32	14.94	15.64	13.84	9.32	6.47
2023.814	47.48	10.51	14.91	15.62	13.82	9.40	6.44
2023.816	47.59	10.40	14.87	15.65	13.71	9.54	6.49
2023.819	47.79	10.20	14.86	15.72	13.62	9.61	6.43
2023.822	47.90	10.08	14.84	15.75	13.64	9.60	6.38
2023.825	47.94	10.04	14.82	15.75	13.65	9.60	6.36
2023.827	47.95	10.04	14.80	15.80	13.62	9.60	6.32
2023.830	47.95	10.04	14.78	15.81	13.62	9.60	6.33
2023.833	47.94	9.96	14.85	15.83	13.61	9.60	6.45
2023.836	47.93	9.41	15.38	15.87	13.61	9.60	6.50
2023.838	47.91	9.35	15.44	15.86	13.62	9.61	6.56
2023.841	47.89	9.38	15.41	15.87	13.63	9.47	6.74
2023.844	47.88	9.46	15.34	15.87	13.55	9.50	6.84
2023.847	47.81	9.60	15.29	15.84	13.51	9.55	6.87
2023.849	47.75	9.74	15.43	15.63	13.46	9.60	6.89
2023.852	47.68	9.94	15.27	15.66	13.41	9.64	6.94
2023.855	47.69	10.00	15.19	15.72	13.32	9.69	7.01
2023.858	47.70	10.06	15.09	15.77	13.20	9.79	7.11
2023.860	47.59	10.25	15.00	15.79	13.16	9.85	7.10
2023.863	47.47	10.44	14.91	15.80	13.14	9.87	7.09
2023.866	47.36	10.59	14.87	15.81	13.14	9.88	7.08
2023.868	47.13	10.80	14.85	15.84	13.14	9.90	7.07
2023.871	47.02	10.91	14.84	15.85	13.14	9.90	7.06
2023.874	46.92	10.98	14.85	15.87	13.05	10.00	7.05
2023.877	46.81	11.06	14.87	15.90	13.01	10.05	7.05
2023.879	46.70	11.13	14.89	15.87	13.04	10.06	7.05
2023.882	46.65	11.11	14.94	15.88	13.04	10.05	7.07
2023.885	47.02	10.71	15.09	15.63	13.18	10.05	7.07
2023.888	47.39	10.30	15.25	15.49	13.20	10.04	7.09
2023.890	47.73	10.02	14.95	15.69	13.24	10.04	7.09
2023.893	47.76	10.04	14.90	15.69	13.24	10.08	7.08
2023.896	47.78	10.01	15.05	15.55	13.24	10.11	7.08
2023.899	47.81	9.96	15.19	15.42	13.36	9.98	7.12
2023.901	47.83	9.92	15.18	15.46	13.37	10.00	7.11
2023.904	47.84	9.89	15.10	15.55	13.37	10.02	7.12
2023.907	47.86	9.95	14.95	15.64	13.35	10.06	7.13
2023.910	47.87	9.92	14.91	15.69	13.24	10.18	7.15
2023.912	47.88	9.90	14.95	15.65	13.24	10.19	7.12
2023.915	47.89	9.88	14.94	15.72	13.20	10.21	7.07
2023.918	47.89	9.86	15.03	15.65	13.23	10.19	7.01
2023.921	47.90	9.80	15.04	15.65	13.37	10.11	6.97
2023.923	47.90	9.71	15.11	15.67	13.30	10.19	6.92
2023.926	47.90	9.64	15.16	15.73	13.20	10.27	6.86
2023.929	47.91	9.61	15.19	15.69	13.24	10.28	6.82
2023.932	47.92	9.58	15.21	15.73	13.20	10.29	6.73
2023.934	47.92	9.56	15.23	15.78	13.14	10.19	6.79
2023.937	47.92	9.52	15.26	15.87	13.06	10.12	6.80
2023.940	47.93	9.51	15.26	15.86	13.06	10.13	6.77
2023.942	47.93	9.53	15.22	15.81	13.13	10.16	6.73
2023.945	47.94	9.69	15.04	15.81	13.16	10.23	6.65
2023.948	47.94	9.89	14.83	15.77	13.20	10.28	6.59
2023.951	47.94	10.01	14.71	15.82	13.15	10.35	6.51
2023.953	47.93	10.01	14.73	15.83	13.14	10.37	6.48
2023.956	47.89	10.00	14.77	15.82	13.14	10.43	6.42
2023.959	47.86	10.02	14.79	15.79	13.17	10.49	6.36
2023.962	47.77	10.10	14.79	15.77	13.20	10.53	6.33
2023.964	47.60	10.30	14.76	15.77	13.20	10.55	6.32
2023.967	47.40	10.53	14.63	15.91	13.15	10.49	6.38
2023.970	47.01	10.95	14.44	16.08	13.28	10.32	6.44
2023.973	46.81	11.22	14.38	16.08	13.28	10.31	6.45
2023.975	46.61	11.41	14.30	16.15	13.28	10.31	6.43
2023.978	46.42	11.54	14.44	16.07	13.29	10.31	6.45
2023.981	46.26	11.71	14.44	16.07	13.29	10.31	6.45
2023.984	46.24	11.82	14.34	16.11	13.25	10.32	6.43
2023.986	46.21	11.89	14.31	16.07	13.29	10.37	6.38
2023.989	46.14	11.96	14.30	16.07	13.29	10.43	6.31
2023.992	46.11	11.99	14.30	16.06	13.29	10.43	6.31
2023.995	46.03	12.07	14.30	16.06	13.30	10.43	6.32
2023.997	46.10	12.00	14.12	16.24	13.33	10.40	6.32
2024.000	46.13	11.97	14.17	16.19	13.34	10.39	6.32
2024.003	46.11	11.99	14.24	16.24	13.22	10.39	6.33
2024.005	46.10	12.00	14.38	16.03	13.28	10.41	6.33
2024.008	45.96	12.14	14.40	16.09	13.28	10.33	6.34
2024.011	45.89	12.21	14.31	16.14	13.33	10.32	6.34
2024.014	45.94	12.16	14.12	16.25	13.42	10.31	6.35
2024.016	46.03	12.07	14.15	16.20	13.44	10.29	6.35
2024.019	46.11	11.99	14.19	16.16	13.46	10.28	6.37
2024.022	46.14	11.96	14.22	16.13	13.47	10.27	6.38
2024.025	46.16	11.94	14.30	16.18	13.34	10.27	6.40
2024.027	46.19	11.91	14.44	15.91	13.47	10.30	6.39
2024.030	46.24	11.80	14.55	15.85	13.46	10.32	6.40
2024.033	46.45	11.57	14.54	15.88	13.45	10.34	6.31
2024.036	46.61	11.46	14.34	16.04	13.45	10.36	6.17
2024.038	46.74	11.28	14.39	16.03	13.46	10.38	6.15
2024.041	46.87	11.09	14.36	16.10	13.48	10.38	6.13
2024.044	47.00	10.96	14.27	16.16	13.51	10.44	6.08
2024.047	47.23	10.72	14.26	16.13	13.55	10.63	5.90
2024.049	47.36	10.52	14.34	16.12	13.55	10.64	5.91
2024.052	47.49	10.35	14.21	16.29	13.55	10.66	5.81
2024.055	47.61	10.25	14.12	16.33	13.53	10.72	5.86
2024.058	47.74	10.22	14.02	16.35	13.51	10.74	5.85
2024.060	47.71	10.25	14.02	16.37	13.48	10.74	5.86
2024.063	47.27	10.69	14.02	16.37	13.53	10.70	5.85
2024.066	47.32	10.62	14.04	16.37	13.53	10.58	5.98
2024.068	47.38	10.58	14.02	16.37	13.52	10.57	5.99
2024.071	47.50	10.46	14.02	16.37	13.52	10.57	6.00
2024.074	47.55	10.41	14.02	16.38	13.51	10.58	6.16
2024.077	47.53	10.43	14.02	16.41	13.47	10.58	6.28
2024.079	47.53	10.43	14.02	16.41	13.47	10.60	6.27
2024.082	47.52	10.44	14.02	16.41	13.50	10.57	6.27
2024.085	47.52	10.44	14.02	16.41	13.51	10.57	6.25
2024.088	47.51	10.45	14.02	16.45	13.48	10.58	6.23
2024.090	47.48	10.48	14.00	16.48	13.42	10.65	6.21
2024.093	47.46	10.52	13.98	16.48	13.39	10.67	6.21
2024.096	47.44	10.55	13.98	16.48	13.39	10.68	6.21
2024.099	47.41	10.44	14.11	16.47	13.35	10.73	6.22
2024.101	47.37	10.21	14.39	16.47	13.34	10.75	6.21
2024.104	47.35	10.26	14.21	16.57	13.37	10.69	6.27
2024.107	47.32	10.36	14.15	16.56	13.37	10.55	6.41
2024.110	47.30	10.39	14.16	16.55	13.36	10.63	6.33
2024.112	47.28	10.40	14.20	16.55	13.33	10.80	6.16
2024.115	47.25	10.39	14.23	16.56	13.35	10.79	6.15
2024.118	47.21	10.39	14.23	16.61	13.37	10.78	6.14
2024.121	47.17	10.48	14.13	16.65	13.33	10.84	6.12
2024.123	47.13	10.68	13.98	16.64	13.32	10.85	6.12
2024.126	47.12	10.68	13.97	16.67	13.32	10.88	6.12
2024.129	47.12	10.57	14.07	16.67	13.33	10.94	6.20
2024.132	47.14	10.41	14.28	16.61	13.33	10.94	6.28
2024.134	47.20	10.31	14.31	16.61	13.33	10.94	6.36
2024.137	47.24	10.23	14.35	16.62	13.32	10.92	6.39
2024.140	47.12	10.31	14.45	16.55	13.33	10.94	6.37
2024.142	47.16	10.25	14.50	16.51	13.34	10.94	6.37
2024.145	47.19	10.23	14.52	16.47	13.36	10.94	6.37
2024.148	47.21	10.22	14.54	16.43	13.36	10.94	6.37
2024.151	47.22	10.22	14.54	16.41	13.37	10.93	6.37
2024.153	47.23	10.22	14.57	16.37	13.37	10.93	6.37
2024.156	47.24	10.21	14.59	16.34	13.37	10.93	6.37
2024.159	47.24	10.22	14.69	16.23	13.37	10.93	6.37
2024.162	47.52	9.95	14.75	16.14	13.39	10.93	6.37
2024.164	47.53	9.95	14.75	16.12	13.41	10.93	6.37
2024.167	47.53	9.96	14.68	16.18	13.41	10.93	6.37
2024.170	47.53	9.97	14.70	16.16	13.41	10.93	6.37
2024.173	47.53	9.97	14.79	16.05	13.42	10.93	6.36
2024.175	47.53	9.98	14.81	16.02	13.42	10.93	6.35
2024.178	47.53	9.99	14.80	16.01	13.43	10.93	6.35
2024.181	47.53	10.00	14.80	15.99	13.43	10.93	6.34
2024.184	47.53	10.00	14.83	15.90	13.50	10.93	6.34
2024.186	47.53	10.01	14.78	15.99	13.45	10.93	6.33
2024.189	47.53	10.01	14.73	16.04	13.45	10.93	6.32
2024.192	47.53	10.02	14.68	16.04	13.49	10.96	6.27
2024.195	47.53	10.02	14.67	16.04	13.49	10.98	6.25
2024.197	47.63	9.92	14.67	16.12	13.41	10.98	6.24
2024.200	47.63	9.98	14.61	16.11	13.42	10.98	6.24
2024.203	47.63	10.06	14.53	16.10	13.44	10.98	6.23
2024.205	47.59	10.12	14.51	16.09	13.51	10.92	6.22
2024.208	47.59	10.13	14.50	16.06	13.64	10.82	6.22
2024.211	47.59	10.13	14.40	16.15	13.65	10.82	6.21
2024.214	47.59	10.14	14.41	16.24	13.54	10.82	6.20
2024.216	47.59	10.22	14.41	16.16	13.54	10.82	6.20
2024.219	47.59	10.22	14.41	16.16	13.54	10.82	6.19
2024.222	47.59	10.22	14.41	16.16	13.54	10.82	6.18
2024.225	47.59	10.22	14.42	16.10	13.50	10.90	6.17
2024.227	47.59	10.24	14.43	16.08	13.41	10.98	6.19
2024.230	47.59	10.31	14.38	15.92	13.55	10.98	6.19
2024.233	47.59	10.37	14.36	15.89	13.55	10.98	6.21
2024.236	47.59	10.37	14.37	15.89	13.53	10.98	6.25
2024.238	47.59	10.37	14.42	15.97	13.41	10.98	6.29
2024.241	47.59	10.37	14.42	15.91	13.47	10.95	6.36
2024.244	47.59	10.37	14.37	15.92	13.52	10.93	6.40
2024.247	47.59	10.37	14.42	15.83	13.55	10.92	6.41
2024.249	47.59	10.37	14.42	15.83	13.55	10.92	6.40
2024.252	47.59	10.37	14.42	15.83	13.72	10.76	6.40
2024.255	47.59	10.37	14.42	15.81	13.73	10.76	6.40
2024.258	47.59	10.37	14.42	15.81	13.73	10.75	6.41
2024.260	47.59	10.31	14.47	15.81	13.72	10.70	6.48
2024.263	47.59	10.33	14.48	15.78	13.72	10.68	6.50
2024.266	47.59	10.36	14.45	15.78	13.71	10.66	6.54
2024.268	47.59	10.37	14.44	15.78	13.71	10.66	6.55
2024.271	47.59	10.37	14.44	15.78	13.64	10.74	6.56
2024.274	47.59	10.37	14.44	15.80	13.66	10.71	6.55
2024.277	47.63	10.32	14.44	15.80	13.67	10.71	6.56
2024.279	47.63	10.32	14.44	15.80	13.66	10.73	6.59
2024.282	47.63	10.32	14.44	15.92	13.54	10.74	6.63
2024.285	47.63	10.32	14.44	15.88	13.58	10.75	6.67
2024.288	47.63	10.32	14.44	15.80	13.64	10.77	6.71
2024.290	47.63	10.32	14.44	15.80	13.63	10.79	6.75
2024.293	47.63	10.32	14.44	15.78	13.65	10.80	6.77
2024.296	47.63	10.32	14.44	15.78	13.64	10.81	6.76
2024.299	47.63	10.32	14.44	15.78	13.64	10.84	6.74
2024.301	47.63	10.32	14.44	15.78	13.63	10.91	6.68
2024.304	47.63	10.32	14.44	15.78	13.62	10.92	6.68
2024.307	47.63	10.39	14.38	15.78	13.62	10.94	6.66
2024.310	47.63	10.39	14.38	15.78	13.61	10.95	6.66
2024.312	47.63	10.39	14.38	15.78	13.61	10.95	6.66
2024.315	47.63	10.39	14.38	15.80	13.58	10.96	6.66
2024.318	47.63	10.39	14.38	15.80	13.55	10.98	6.66
2024.321	47.63	10.39	14.38	15.87	13.49	10.98	6.66
2024.323	47.63	10.39	14.39	15.93	13.41	10.98	6.66
2024.326	47.63	10.39	14.40	15.92	13.41	10.98	6.66
2024.329	47.63	10.39	14.43	15.94	13.37	10.98	6.66
2024.332	47.63	10.39	14.44	15.92	13.37	10.98	6.66
2024.334	47.63	10.39	14.47	15.90	13.37	10.98	6.66
2024.337	47.63	10.39	14.48	15.88	13.37	10.98	6.66
2024.340	47.63	10.39	14.50	15.86	13.37	10.99	6.65
2024.342	47.63	10.39	14.52	15.85	13.37	10.98	6.66
2024.345	47.63	10.39	14.54	15.82	13.37	10.98	6.66
2024.348	47.63	10.39	14.55	15.81	13.37	10.98	6.66
2024.351	47.63	10.39	14.58	15.78	13.37	10.98	6.66
2024.353	47.63	10.39	14.59	15.77	13.37	10.98	6.66
2024.356	47.63	10.39	14.62	15.73	13.39	10.94	6.70
2024.359	47.63	10.39	14.63	15.69	13.41	10.94	6.71
2024.362	47.63	10.39	14.64	15.68	13.41	10.93	6.71
2024.364	47.63	10.39	14.64	15.68	13.41	10.93	6.72
2024.367	47.63	10.39	14.64	15.68	13.41	10.92	6.72
2024.370	47.63	10.39	14.64	15.68	13.41	10.92	6.72
2024.373	47.63	10.39	14.64	15.68	13.41	10.92	6.72
2024.375	47.63	10.39	14.61	15.57	13.55	10.92	6.72
2024.378	47.63	10.39	14.58	15.60	13.55	10.92	6.72
2024.381	47.63	10.39	14.58	15.60	13.55	10.92	6.72
2024.384	47.63	10.39	14.58	15.60	13.55	10.92	6.72
2024.386	47.63	10.39	14.58	15.60	13.55	10.92	6.72
2024.389	47.63	10.39	14.58	15.60	13.55	10.92	6.72
2024.392	47.63	10.39	14.58	15.60	13.55	10.92	6.72
2024.395	47.63	10.39	14.58	15.60	13.55	10.92	6.72
2024.397	47.63	10.39	14.58	15.60	13.55	10.93	6.72
2024.400	47.63	10.39	14.58	15.60	13.55	10.93	6.72
2024.403	47.63	10.39	14.58	15.60	13.55	10.93	6.72
2024.405	47.63	10.39	14.58	15.60	13.55	10.93	6.72
2024.408	47.63	10.39	14.44	15.74	13.55	10.93	6.72
2024.411	47.63	10.39	14.38	15.80	13.55	10.93	6.72
2024.414	47.63	10.39	14.38	15.80	13.55	10.93	6.72
2024.416	47.63	10.39	14.38	15.80	13.55	10.93	6.72
2024.419	47.63	10.39	14.38	15.94	13.41	10.93	6.72
2024.422	47.63	10.39	14.38	15.94	13.41	10.93	6.72
2024.425	47.63	10.39	14.38	15.94	13.41	10.93	6.72
2024.427	47.63	10.39	14.38	15.94	13.41	10.92	6.72
2024.430	47.63	10.39	14.38	15.94	13.41	10.92	6.72
2024.433	47.63	10.39	14.38	15.94	13.41	10.92	6.72
2024.436	47.63	10.39	14.38	15.94	13.41	10.92	6.72
2024.438	47.63	10.39	14.38	15.94	13.41	10.92	6.72
2024.441	47.63	10.39	14.38	15.94	13.41	10.92	6.72
2024.444	47.63	10.39	14.38	15.85	13.51	10.93	6.72
2024.447	47.63	10.39	14.38	15.80	13.55	10.93	6.72
2024.449	47.63	10.39	14.38	15.80	13.55	10.93	6.72
2024.452	47.63	10.39	14.38	15.80	13.55	10.93	6.72
2024.455	47.63	10.39	14.38	15.80	13.55	10.93	6.72
2024.458	47.63	10.39	14.38	15.80	13.55	10.93	6.72
2024.460	47.63	10.39	14.38	15.80	13.55	10.93	6.72
2024.463	47.63	10.39	14.38	15.80	13.55	10.93	6.72
2024.466	47.63	10.39	14.38	15.80	13.55	10.93	6.72
2024.468	47.63	10.39	14.38	15.80	13.55	10.93	6.72
2024.471	47.63	10.39	14.38	15.80	13.55	10.93	6.72
2024.474	47.63	10.39	14.38	15.80	13.55	10.93	6.72
2024.477	47.63	10.39	14.38	15.80	13.55	10.93	6.72
2024.479	47.63	10.39	14.38	15.80	13.55	10.93	6.72
2024.482	47.63	10.39	14.38	15.80	13.55	10.93	6.72
2024.485	47.63	10.39	14.38	15.80	13.55	10.93	6.72
2024.488	47.63	10.39	14.38	15.80	13.55	10.93	6.72
2024.490	47.63	10.39	14.38	15.80	13.55	10.93	6.72
2024.493	47.63	10.39	14.38	15.80	13.55	10.93	6.72
2024.496	47.63	10.39	14.38	15.80	13.55	10.93	6.72
2024.499	47.63	10.39	14.38	15.80	13.55	10.93	6.72