X	Percentil5	Percentil10	Percentil25	Percentil50	Percentil75	Percentil90	Percentil95
0.001	47.20	55.53	69.91	85.30	96.30	105.15	111.63
0.004	47.20	55.53	69.91	85.30	96.30	105.15	111.63
0.007	47.20	55.53	69.91	85.30	96.30	105.15	111.63
0.010	47.20	55.53	69.91	85.30	96.30	105.15	111.63
0.012	47.20	55.53	69.91	85.30	96.30	105.15	111.63
0.015	47.20	55.53	69.91	85.30	96.30	105.15	111.63
0.018	47.20	55.53	69.91	85.30	96.30	105.15	111.63
0.021	47.20	55.53	69.91	85.30	96.30	105.15	111.63
0.023	47.20	55.53	69.91	85.30	96.30	105.15	111.63
0.026	47.20	55.53	69.91	85.30	96.30	105.15	111.63
0.029	47.20	55.53	69.91	85.30	96.30	105.15	111.63
0.032	47.20	55.53	69.91	85.30	96.30	105.15	111.63
0.034	47.20	55.53	69.91	85.30	96.30	105.15	111.63
0.037	47.20	55.57	69.91	85.30	96.30	105.15	111.63
0.040	47.20	55.58	69.91	85.30	96.30	105.15	111.63
0.042	47.20	55.58	69.91	85.30	96.30	105.15	111.63
0.045	47.20	55.58	69.91	85.30	96.30	105.15	111.63
0.048	47.20	55.58	69.91	85.30	96.30	105.15	111.63
0.051	47.20	55.61	69.91	85.30	96.30	105.15	111.63
0.053	47.20	55.66	69.91	85.30	96.30	105.15	111.63
0.056	47.20	55.66	69.91	85.30	96.30	105.15	111.63
0.059	47.20	55.66	69.91	85.30	96.29	105.15	111.63
0.062	47.20	55.66	69.91	85.22	96.29	105.15	111.63
0.064	47.21	55.66	69.91	85.08	96.28	105.15	111.63
0.067	47.21	55.66	69.91	85.08	96.28	105.15	111.63
0.070	47.22	55.66	69.91	85.07	96.28	105.15	111.63
0.073	47.22	55.66	69.91	85.02	96.27	105.15	111.63
0.075	47.23	55.66	69.91	85.00	96.27	105.15	111.81
0.078	47.23	55.66	69.91	85.00	96.27	105.15	111.84
0.081	47.24	55.66	69.91	85.00	96.26	105.15	111.84
0.084	47.24	55.66	69.91	85.00	96.26	105.15	111.84
0.086	47.25	55.66	69.91	85.00	96.26	105.15	111.84
0.089	47.25	55.66	69.91	85.00	96.25	105.15	111.84
0.092	47.26	55.66	69.91	85.00	96.25	105.15	111.84
0.095	47.26	55.66	69.91	85.00	96.25	105.15	111.84
0.097	47.26	55.66	69.91	85.00	96.24	105.15	111.84
0.100	47.27	55.66	70.25	85.00	96.24	105.15	111.84
0.103	47.28	55.66	70.29	85.00	96.23	105.15	111.84
0.105	47.28	55.66	70.33	85.00	96.23	105.15	111.84
0.108	47.29	55.66	70.35	84.99	96.22	105.15	111.84
0.111	47.29	55.66	70.35	84.99	96.22	105.15	111.84
0.114	47.30	55.66	70.35	84.99	96.22	105.15	111.84
0.116	47.30	55.66	70.35	84.99	96.21	105.15	111.84
0.119	47.31	55.66	70.35	84.99	96.21	105.15	111.84
0.122	47.31	55.66	70.35	84.99	96.21	105.15	111.84
0.125	47.31	55.66	70.35	84.99	96.20	105.15	111.84
0.127	47.30	55.66	70.35	84.99	96.20	105.15	111.84
0.130	47.29	55.66	70.35	84.99	96.20	105.15	111.84
0.133	47.28	55.66	70.35	84.99	96.19	105.15	111.84
0.136	47.26	55.66	70.35	84.99	96.19	105.22	111.84
0.138	47.26	55.66	70.35	84.99	96.19	105.22	111.84
0.141	47.25	55.66	70.35	84.99	96.18	105.22	111.84
0.144	47.23	55.66	70.35	84.99	96.18	105.22	111.84
0.147	47.22	55.66	70.35	84.99	96.17	105.22	111.84
0.149	47.20	55.66	70.35	84.99	96.17	105.22	111.84
0.152	47.19	55.66	70.35	84.99	96.16	105.22	111.84
0.155	47.17	55.63	70.35	84.99	96.16	105.22	111.84
0.158	47.14	55.61	70.35	84.99	96.16	105.22	111.84
0.160	47.12	55.59	70.35	84.99	96.15	105.22	111.84
0.163	47.11	55.58	70.35	84.99	96.15	105.22	111.84
0.166	47.09	55.57	70.35	84.99	96.15	105.23	111.84
0.168	47.08	55.57	70.35	84.99	96.14	105.26	111.84
0.171	47.06	55.57	70.51	84.99	96.14	105.30	111.84
0.174	47.05	55.57	70.51	84.99	96.14	105.33	111.84
0.177	47.03	55.57	70.51	84.99	96.13	105.35	111.84
0.179	47.00	55.57	70.51	84.99	96.13	105.36	111.84
0.182	46.98	55.57	70.51	84.99	96.12	105.37	111.84
0.185	46.97	55.57	70.51	84.99	96.12	105.39	111.84
0.188	46.95	55.57	70.51	84.99	96.12	105.40	111.84
0.190	46.97	55.57	70.51	84.99	96.11	105.40	111.89
0.193	46.98	55.57	70.51	84.99	96.11	105.41	111.96
0.196	46.99	55.57	70.51	84.99	96.10	105.41	111.96
0.199	47.01	55.57	70.51	84.99	96.10	105.41	111.96
0.201	46.99	55.57	70.46	84.99	96.12	105.41	111.96
0.204	46.98	55.57	70.42	84.99	96.13	105.41	111.96
0.207	46.96	55.57	70.35	84.99	96.15	105.41	111.96
0.210	46.95	55.57	70.32	85.00	96.17	105.41	111.96
0.212	46.93	55.57	70.32	85.00	96.18	105.41	111.96
0.215	46.89	55.57	70.38	85.08	96.20	105.41	111.96
0.218	46.88	55.57	70.45	85.08	96.21	105.41	111.96
0.221	46.88	55.57	70.49	85.08	96.23	105.41	111.96
0.223	46.90	55.57	70.51	85.08	96.24	105.42	111.96
0.226	46.93	55.57	70.51	85.08	96.27	105.49	111.96
0.229	46.95	55.57	70.51	85.08	96.29	105.56	111.96
0.232	46.99	55.52	70.51	85.08	96.30	105.63	111.96
0.234	47.01	55.39	70.51	85.08	96.30	105.66	111.96
0.237	47.04	55.39	70.51	85.08	96.30	105.70	111.96
0.240	47.06	55.39	70.51	85.08	96.30	105.72	111.96
0.242	47.10	55.39	70.53	85.08	96.30	105.73	111.96
0.245	47.12	55.39	70.58	85.08	96.30	105.75	111.96
0.248	47.15	55.39	70.51	85.08	96.23	105.77	111.96
0.251	47.17	55.39	70.51	85.08	96.06	105.79	111.96
0.253	47.21	55.39	70.51	85.08	96.11	105.79	111.96
0.256	46.75	55.39	70.51	85.07	96.17	105.79	111.96
0.259	46.65	55.39	70.35	85.07	96.22	105.79	111.96
0.262	46.68	55.39	70.25	85.06	96.27	105.79	111.96
0.264	46.71	55.39	70.27	85.05	96.29	105.79	111.92
0.267	46.73	55.39	70.28	85.04	96.26	105.79	111.89
0.270	46.76	55.39	70.30	85.03	96.23	105.78	111.87
0.273	46.79	55.39	70.32	85.02	96.20	105.76	111.84
0.275	46.82	55.39	70.34	85.01	96.17	105.75	111.84
0.278	46.85	55.39	70.36	85.00	96.15	105.74	111.84
0.281	46.89	55.39	70.38	85.00	96.21	105.73	111.84
0.284	46.96	55.39	70.40	85.00	96.26	105.71	111.84
0.286	47.00	55.39	70.41	85.00	96.30	105.70	111.84
0.289	47.04	55.39	70.43	85.00	96.30	105.68	111.84
0.292	47.08	55.39	70.45	85.02	96.30	105.66	111.84
0.295	47.12	55.39	70.47	85.24	96.30	105.64	111.84
0.297	47.16	55.39	70.49	85.16	96.30	105.62	111.84
0.300	47.20	55.39	70.51	85.01	96.30	105.59	111.84
0.303	47.24	55.39	70.51	85.00	96.30	105.58	111.84
0.305	47.28	55.39	70.51	85.00	96.30	105.56	111.84
0.308	47.32	55.39	70.51	85.00	96.30	105.54	111.84
0.311	47.36	55.39	70.51	85.00	96.30	105.52	111.84
0.314	47.40	55.39	70.51	84.99	96.30	105.50	111.84
0.316	47.44	55.39	70.51	84.99	96.30	105.48	111.84
0.319	47.49	55.39	70.51	84.99	96.30	105.48	111.84
0.322	47.56	55.39	70.51	84.99	96.30	105.51	111.84
0.325	47.62	55.39	70.51	84.98	96.30	105.55	111.83
0.327	47.69	55.39	70.51	84.94	96.30	105.63	111.79
0.330	47.75	55.39	70.51	84.94	96.30	105.63	111.69
0.333	47.79	55.39	70.51	84.95	96.30	105.61	111.65
0.336	47.82	55.39	70.51	84.96	96.30	105.59	111.63
0.338	47.86	55.39	70.51	84.98	96.30	105.67	111.62
0.341	47.89	55.39	70.51	84.99	96.30	105.83	111.49
0.344	47.91	55.39	70.62	85.00	96.36	105.98	111.46
0.347	48.00	55.39	70.62	84.99	96.40	106.04	111.43
0.349	48.03	55.39	70.62	84.99	96.43	105.46	111.40
0.352	48.05	55.39	70.62	84.99	96.46	105.42	111.40
0.355	48.07	55.39	70.62	84.98	96.47	105.38	111.40
0.358	48.09	55.39	70.62	84.99	96.46	105.35	111.40
0.360	48.11	55.39	70.62	84.99	96.44	105.34	111.40
0.363	48.14	55.35	70.62	84.99	96.45	105.33	111.40
0.366	48.16	55.26	70.62	84.99	96.48	105.32	111.40
0.368	48.18	55.09	70.62	84.97	96.52	105.31	111.40
0.371	48.20	55.04	70.62	84.94	96.52	105.29	111.40
0.374	48.22	55.02	70.62	84.83	96.52	105.28	111.40
0.377	48.25	55.00	70.65	84.84	96.52	105.27	111.40
0.379	48.27	55.00	70.62	84.83	96.52	105.26	111.40
0.382	48.29	55.00	70.65	84.85	96.52	105.25	111.40
0.385	48.32	55.00	70.65	84.86	96.52	105.24	111.40
0.388	48.35	55.00	70.65	84.88	96.54	105.23	111.40
0.390	48.37	55.00	70.65	84.94	96.52	105.22	111.40
0.393	48.40	55.00	70.65	84.99	96.52	105.22	111.40
0.396	48.40	55.00	70.65	84.99	96.52	105.23	111.40
0.399	48.41	55.00	70.65	84.99	96.52	105.20	111.40
0.401	48.41	55.00	70.65	84.99	96.52	105.20	111.40
0.404	48.42	55.00	70.65	84.99	96.57	105.20	111.40
0.407	48.42	55.00	70.65	84.99	96.57	105.21	111.40
0.410	48.43	55.00	70.65	84.99	96.56	105.21	111.40
0.412	48.43	55.01	70.65	84.97	96.55	105.21	111.40
0.415	48.44	55.01	70.65	84.98	96.53	105.22	111.40
0.418	48.44	55.02	70.65	84.99	96.52	105.22	111.40
0.421	48.43	55.02	70.65	84.99	96.52	105.22	111.41
0.423	48.38	55.03	70.65	84.99	96.52	105.23	111.48
0.426	48.28	55.04	70.65	84.96	96.52	105.23	111.56
0.429	48.24	55.05	70.65	84.89	96.51	105.24	111.63
0.432	48.20	54.97	70.65	84.81	96.50	105.24	111.63
0.434	48.17	54.91	70.65	84.66	96.49	105.24	111.63
0.437	48.18	54.88	70.62	84.64	96.48	105.25	111.63
0.440	48.19	54.88	70.62	84.64	96.47	105.25	111.63
0.442	48.20	54.88	70.51	84.59	96.52	105.25	111.63
0.445	48.21	54.88	70.51	84.62	96.52	105.26	111.63
0.448	48.22	54.88	70.51	84.64	96.52	105.26	111.63
0.451	48.42	54.88	70.51	84.64	96.52	105.27	111.63
0.453	48.56	54.88	70.51	84.64	96.52	105.27	111.63
0.456	48.58	54.88	70.51	84.64	96.52	105.27	111.63
0.459	48.59	54.88	70.51	84.64	96.61	105.28	111.73
0.462	48.60	54.88	70.51	84.64	96.61	105.28	111.78
0.464	48.61	54.88	70.51	84.59	96.61	105.27	111.78
0.467	48.62	54.88	70.51	84.63	96.61	105.25	111.77
0.470	48.52	54.88	70.51	84.64	96.61	105.24	111.75
0.473	48.33	54.88	70.51	84.64	96.61	105.23	111.75
0.475	48.34	54.88	70.51	84.64	96.61	105.20	111.74
0.478	48.20	54.88	70.51	84.64	96.61	105.19	111.73
0.481	48.37	54.84	70.50	84.64	96.61	105.18	111.73
0.484	48.38	54.73	70.51	84.61	96.61	105.15	111.72
0.486	48.40	54.78	70.51	84.62	96.61	105.13	111.71
0.489	48.41	54.97	70.51	84.62	96.61	105.13	111.71
0.492	48.42	54.98	70.51	84.56	96.61	105.12	111.69
0.495	48.43	54.97	70.51	84.51	96.61	105.15	111.69
0.497	48.44	54.95	70.51	84.45	96.61	105.20	111.68
0.500	48.45	54.94	70.51	84.39	96.61	105.19	111.67
0.503	48.46	54.93	70.51	84.33	96.61	105.19	111.67
0.505	48.47	54.91	70.51	84.32	96.61	105.18	111.66
0.508	48.48	54.90	70.51	84.31	96.61	105.17	111.66
0.511	48.33	54.89	70.51	84.36	96.61	105.15	111.65
0.514	48.15	54.88	70.62	84.43	96.61	105.14	111.65
0.516	48.15	54.88	70.62	84.46	96.61	105.11	111.64
0.519	48.16	54.88	70.51	84.39	96.61	105.11	111.64
0.522	48.16	54.88	70.51	84.36	96.61	105.11	111.63
0.525	48.16	54.88	70.51	84.37	96.61	105.09	111.63
0.527	48.17	54.88	70.51	84.41	96.61	105.06	111.63
0.530	48.17	54.88	70.51	84.26	96.61	105.06	111.63
0.533	48.17	54.88	70.51	84.37	96.61	105.06	111.63
0.536	48.18	54.88	70.51	84.33	96.61	105.05	111.64
0.538	48.18	54.88	70.51	84.32	96.61	105.05	111.66
0.541	48.19	54.88	70.51	84.30	96.61	105.05	111.70
0.544	48.19	54.88	70.51	84.26	96.61	105.05	111.72
0.547	48.19	54.88	70.51	84.31	96.61	105.04	111.75
0.549	48.20	54.88	70.51	84.33	96.61	105.04	111.77
0.552	48.20	54.88	70.51	84.36	96.61	105.09	111.80
0.555	48.20	54.89	70.51	84.38	96.61	105.09	111.82
0.558	48.21	54.89	70.51	84.41	96.61	105.09	111.84
0.560	48.18	54.88	70.51	84.43	96.67	105.09	111.84
0.563	48.15	54.87	70.51	84.38	96.72	105.09	111.84
0.566	48.11	54.80	70.50	84.36	96.79	105.09	111.84
0.568	48.08	54.73	70.51	84.38	96.79	105.08	111.84
0.571	48.05	54.66	70.51	84.40	96.79	105.08	111.84
0.574	48.01	54.59	70.51	84.41	96.79	105.08	111.84
0.577	47.98	54.49	70.51	84.40	96.79	105.08	111.84
0.579	47.93	54.42	70.51	84.35	96.79	105.08	111.86
0.582	47.83	54.35	70.51	84.33	96.77	105.08	111.88
0.585	47.78	54.28	70.51	84.30	96.76	105.07	111.92
0.588	47.73	54.25	70.51	84.31	96.75	105.07	111.94
0.590	47.73	54.25	70.51	84.47	96.73	105.07	111.97
0.593	47.77	54.26	70.51	84.54	96.72	105.07	112.00
0.596	47.81	54.27	70.51	84.56	96.71	105.07	112.07
0.599	47.89	54.27	70.51	84.58	96.70	105.07	112.10
0.601	47.93	54.28	70.51	84.60	96.71	105.07	112.13
0.604	47.97	54.28	70.51	84.61	96.72	105.06	112.16
0.607	48.01	54.29	70.51	84.64	96.73	105.06	112.23
0.610	48.03	54.30	70.51	84.67	96.74	105.06	112.26
0.612	48.06	54.30	70.51	84.75	96.75	105.06	112.29
0.615	48.09	54.31	70.51	84.80	96.79	105.06	112.33
0.618	48.11	54.31	70.51	84.86	96.79	105.06	112.39
0.621	48.15	54.32	70.51	84.90	96.79	105.06	112.42
0.623	48.14	54.32	70.62	84.95	96.80	105.05	112.45
0.626	48.14	54.33	70.62	84.99	96.81	105.05	112.49
0.629	48.13	54.34	70.62	85.04	96.84	105.10	112.51
0.632	48.14	54.34	70.62	85.09	96.91	105.13	112.51
0.634	48.17	54.35	70.61	85.17	96.97	105.15	112.51
0.637	48.18	54.35	70.59	85.23	97.00	105.16	112.51
0.640	48.18	54.36	70.57	85.28	97.00	105.16	112.51
0.642	48.19	54.36	70.55	85.33	97.00	105.16	112.51
0.645	48.22	54.28	70.53	85.35	97.00	105.16	112.51
0.648	48.23	54.25	70.51	85.38	97.00	105.15	112.51
0.651	48.24	54.26	70.51	85.40	97.18	105.15	112.51
0.653	48.25	54.28	70.51	85.43	97.28	105.15	112.51
0.656	48.25	54.31	70.51	85.49	97.38	105.15	112.51
0.659	48.25	54.40	70.58	85.56	97.43	105.15	112.51
0.662	48.26	54.39	70.62	85.61	97.41	105.14	112.51
0.664	48.27	54.36	70.62	85.57	97.37	105.13	112.51
0.667	48.27	54.35	70.61	85.57	97.35	105.13	112.51
0.670	48.28	54.34	70.62	85.60	97.33	105.13	112.54
0.673	48.28	54.33	70.62	85.62	97.31	105.13	112.54
0.675	48.29	54.32	70.62	85.65	97.29	105.14	112.54
0.678	48.29	54.32	70.62	85.65	97.27	105.16	112.54
0.681	48.29	54.32	70.63	85.65	97.25	105.18	112.55
0.684	48.30	54.32	70.63	85.65	97.21	105.22	112.55
0.686	48.29	54.33	70.64	85.64	97.19	105.25	112.52
0.689	48.29	54.34	70.64	85.61	97.17	105.28	112.44
0.692	48.27	54.34	70.65	85.59	97.14	105.31	112.37
0.695	48.27	54.35	70.65	85.56	97.12	105.30	112.29
0.697	48.26	54.36	70.65	85.55	97.12	105.28	112.22
0.700	48.26	54.36	70.65	85.52	97.14	105.28	112.07
0.703	48.25	54.37	70.65	85.49	97.15	105.28	112.04
0.705	48.24	54.37	70.65	85.48	97.16	105.30	112.04
0.708	48.23	54.38	70.65	85.47	97.17	105.31	112.05
0.711	48.23	54.37	70.65	85.43	97.18	105.33	112.05
0.714	48.22	54.29	70.60	85.42	97.20	105.35	112.05
0.716	48.21	54.23	70.55	85.40	97.21	105.36	112.06
0.719	48.21	54.12	70.51	85.39	97.22	105.38	112.06
0.722	48.20	54.08	70.51	85.41	97.23	105.39	112.07
0.725	48.19	54.04	70.51	85.43	97.24	105.41	112.07
0.727	48.18	53.98	70.51	85.45	97.26	105.43	112.08
0.730	48.18	53.96	70.51	85.56	97.26	105.44	112.08
0.733	48.17	53.93	70.51	85.55	97.25	105.45	112.09
0.736	48.17	53.91	70.51	85.54	97.23	105.47	112.09
0.738	48.16	53.89	70.57	85.53	97.19	105.49	112.09
0.741	48.15	53.88	70.56	85.54	97.17	105.50	112.10
0.744	48.13	53.87	70.55	85.56	97.15	105.52	112.10
0.747	48.09	53.85	70.54	85.57	97.11	105.53	112.11
0.749	48.05	53.84	70.53	85.58	97.09	105.55	112.11
0.752	48.01	53.83	70.52	85.56	97.07	105.57	112.12
0.755	47.96	53.82	70.51	85.55	97.04	105.59	112.12
0.758	47.91	53.81	70.50	85.54	97.02	105.60	112.13
0.760	47.86	53.80	70.49	85.53	97.00	105.61	112.13
0.763	47.82	53.80	70.49	85.52	96.96	105.61	112.13
0.766	47.77	53.80	70.47	85.52	96.94	105.62	112.14
0.768	47.72	53.80	70.46	85.51	96.90	105.62	112.14
0.771	47.66	53.79	70.45	85.50	96.88	105.62	112.15
0.774	47.60	53.79	70.44	85.50	96.86	105.63	112.15
0.777	47.53	53.78	70.43	85.49	96.85	105.64	112.16
0.779	47.48	53.78	70.42	85.49	96.86	105.64	112.16
0.782	47.40	53.78	70.42	85.48	96.86	105.65	112.17
0.785	47.41	53.77	70.40	85.47	96.86	105.65	112.17
0.788	47.40	53.77	70.45	85.47	96.87	105.65	112.18
0.790	47.40	53.77	70.49	85.46	96.87	105.66	112.18
0.793	47.38	53.77	70.51	85.45	96.87	105.67	112.19
0.796	47.37	53.76	70.42	85.52	96.88	105.67	112.19
0.799	47.26	53.76	70.35	85.64	96.88	105.67	112.20
0.801	47.20	53.76	70.34	85.64	96.89	105.68	112.20
0.804	47.14	53.76	70.33	85.60	96.89	105.69	112.20
0.807	47.01	53.77	70.32	85.56	96.90	105.69	112.21
0.810	46.95	53.78	70.32	85.55	96.85	105.69	112.21
0.812	46.88	53.80	70.28	85.51	96.79	105.69	112.22
0.815	46.76	53.81	70.23	85.47	96.79	105.68	112.22
0.818	46.70	53.86	70.19	85.44	96.79	105.63	112.23
0.821	46.64	53.97	70.15	85.46	96.79	105.56	112.23
0.823	46.51	54.04	70.11	85.50	96.79	105.46	112.24
0.826	46.45	54.07	70.07	85.48	96.79	105.36	112.24
0.829	46.38	54.05	70.03	85.48	96.79	105.26	112.24
0.832	46.26	54.03	69.98	85.56	96.79	105.25	112.25
0.834	46.20	54.04	70.02	85.64	96.79	105.25	112.25
0.837	46.14	54.11	70.07	85.65	96.79	105.25	112.26
0.840	46.06	54.14	70.12	85.65	96.79	105.25	112.26
0.842	46.00	54.17	70.09	85.61	96.79	105.26	112.27
0.845	45.94	54.20	70.01	85.54	96.82	105.26	112.27
0.848	45.88	54.02	69.95	85.46	96.80	105.26	112.28
0.851	45.82	53.92	70.02	85.39	96.79	105.26	112.29
0.853	45.75	53.81	69.98	85.32	96.79	105.26	112.33
0.856	45.69	53.79	69.95	85.29	96.79	105.26	112.39
0.859	45.63	53.77	69.93	85.29	96.79	105.24	112.43
0.862	45.57	53.77	69.93	85.28	96.79	105.22	112.48
0.864	45.51	53.76	69.94	85.28	96.79	105.21	112.53
0.867	45.53	53.76	69.91	85.27	96.79	105.19	112.60
0.870	45.55	53.76	69.91	85.17	96.79	105.15	112.67
0.873	45.57	53.76	69.91	85.18	96.79	105.11	112.70
0.875	45.60	53.76	69.91	85.18	96.79	105.04	112.66
0.878	45.64	53.76	69.91	85.18	96.79	105.03	112.64
0.881	45.64	53.71	69.91	85.19	96.79	105.03	112.62
0.884	45.62	53.68	69.91	85.19	96.76	105.03	112.60
0.886	45.60	53.62	69.91	85.20	96.70	105.03	112.59
0.889	45.59	53.59	69.91	85.20	96.62	105.03	112.58
0.892	45.57	53.54	69.91	85.20	96.58	105.03	112.57
0.895	45.53	53.53	69.91	85.20	96.53	105.04	112.56
0.897	45.51	53.51	69.91	85.19	96.52	105.13	112.55
0.900	45.49	53.50	69.91	85.19	96.52	105.15	112.52
0.903	45.47	53.49	69.91	85.18	96.52	105.18	112.51
0.905	45.45	53.47	69.91	85.17	96.52	105.22	112.50
0.908	45.39	53.47	69.95	85.17	96.54	105.27	112.49
0.911	45.40	53.45	69.95	85.11	96.55	105.31	112.48
0.914	45.38	53.44	69.93	85.06	96.57	105.38	112.47
0.916	45.36	53.43	69.92	85.01	96.59	105.42	112.46
0.919	45.34	53.42	69.91	84.90	96.60	105.46	112.45
0.922	45.25	53.40	69.91	84.85	96.58	105.49	112.44
0.925	45.19	53.39	69.91	84.82	96.54	105.51	112.41
0.927	45.08	53.38	69.91	84.83	96.52	105.56	112.40
0.930	44.97	53.37	69.91	84.85	96.52	105.56	112.41
0.933	44.86	53.37	69.91	84.87	96.52	105.56	112.42
0.936	44.69	53.37	69.91	84.89	96.52	105.56	112.42
0.938	44.58	53.36	69.91	84.91	96.52	105.56	112.43
0.941	44.47	53.36	69.91	84.93	96.62	105.56	112.43
0.944	44.36	53.36	69.91	84.94	96.74	105.56	112.43
0.947	44.29	53.35	69.91	84.97	96.79	105.55	112.44
0.949	44.33	53.35	69.91	84.98	96.79	105.55	112.44
0.952	44.28	53.35	69.91	85.00	96.79	105.56	112.45
0.955	44.27	53.34	69.91	85.02	96.79	105.56	112.45
0.958	44.26	53.34	69.91	85.04	96.79	105.55	112.46
0.960	44.24	53.34	69.91	85.04	96.78	105.55	112.46
0.963	44.28	53.33	69.91	85.03	96.77	105.55	112.47
0.966	44.27	53.33	69.87	85.03	96.74	105.59	112.47
0.968	44.26	53.32	69.82	85.02	96.72	105.68	112.47
0.971	44.24	53.32	69.78	85.01	96.71	105.72	112.48
0.974	44.23	53.32	69.73	85.01	96.69	105.76	112.48
0.977	44.22	53.33	69.71	85.05	96.67	105.84	112.49
0.979	44.21	53.34	69.69	85.13	96.66	105.88	112.49
0.982	44.20	53.36	69.68	85.21	96.64	105.96	112.50
0.985	44.30	53.38	69.68	85.23	96.61	106.01	112.50
0.988	44.28	53.39	69.66	85.24	96.60	106.05	112.51
0.990	44.23	53.40	69.65	85.20	96.58	106.13	112.51
0.993	44.12	53.42	69.64	85.16	96.56	106.17	112.51
0.996	44.07	53.44	69.64	85.10	96.55	106.21	112.51
0.999	44.01	53.45	69.62	85.04	96.53	106.25	112.51
1.001	43.96	53.42	69.61	85.00	96.52	106.27	112.51
1.004	43.91	53.40	69.61	85.02	96.49	106.32	112.51
1.007	43.86	53.38	69.61	85.05	96.44	106.35	112.51
1.010	43.75	53.39	69.72	85.08	96.40	106.36	112.51
1.012	43.70	53.47	69.91	85.15	96.31	106.37	112.51
1.015	43.64	53.51	69.91	85.19	96.32	106.38	112.51
1.018	43.59	53.50	69.91	85.22	96.32	106.40	112.51
1.021	43.54	53.17	70.20	85.29	96.33	106.41	112.51
1.023	43.43	53.13	70.37	85.32	96.33	106.41	112.51
1.026	43.38	53.12	70.51	85.31	96.34	106.41	112.50
1.029	43.32	53.12	70.51	85.16	96.33	106.41	112.48
1.032	43.27	53.12	70.51	85.15	96.31	106.41	112.47
1.034	43.22	53.11	70.51	85.18	96.30	106.42	112.45
1.037	43.17	53.10	70.51	85.21	96.28	106.43	112.44
1.040	43.06	53.10	70.51	85.29	96.25	106.43	112.43
1.042	42.98	53.10	70.51	85.34	96.23	106.44	112.41
1.045	42.90	53.09	70.51	85.43	96.22	106.45	112.40
1.048	42.82	53.08	70.51	85.45	96.20	106.46	112.38
1.051	42.74	53.08	70.51	85.50	96.19	106.46	112.38
1.053	42.72	53.08	70.59	85.55	96.17	106.47	112.36
1.056	42.72	53.07	70.65	85.61	96.21	106.48	112.34
1.059	42.73	53.11	70.65	85.61	96.25	106.49	112.33
1.062	42.64	53.23	70.65	85.60	96.29	106.49	112.31
1.064	42.42	53.46	70.65	85.60	96.33	106.50	112.32
1.067	42.41	53.45	70.65	85.60	96.37	106.51	112.32
1.070	42.40	53.45	70.65	85.60	96.41	106.52	112.32
1.073	42.40	53.45	70.65	85.60	96.42	106.52	112.33
1.075	42.39	53.44	70.65	85.60	96.42	106.53	112.33
1.078	42.39	53.44	70.65	85.60	96.43	106.54	112.33
1.081	42.79	53.44	70.65	85.60	96.43	106.54	112.33
1.084	42.80	53.44	70.65	85.60	96.44	106.54	112.35
1.086	42.81	53.44	70.65	85.56	96.44	106.53	112.34
1.089	42.81	53.45	70.65	85.51	96.45	106.46	112.35
1.092	42.82	53.45	70.65	85.49	96.46	106.51	112.38
1.095	42.83	53.46	70.61	85.50	96.46	106.53	112.39
1.097	42.84	53.46	70.54	85.48	96.46	106.56	112.40
1.100	42.85	53.47	70.51	85.44	96.47	106.58	112.43
1.103	42.86	53.48	70.51	85.43	96.47	106.59	112.44
1.105	42.86	53.48	70.49	85.42	96.43	106.60	112.45
1.108	42.87	53.45	70.51	85.41	96.39	106.62	112.49
1.111	42.88	53.39	70.51	85.39	96.35	106.63	112.50
1.114	42.88	53.34	70.51	85.39	96.29	106.63	112.50
1.116	42.89	53.51	70.51	85.38	96.31	106.64	112.52
1.119	42.90	53.52	70.51	85.36	96.33	106.65	112.55
1.122	42.91	53.52	70.51	85.35	96.34	106.66	112.56
1.125	43.21	53.53	70.51	85.36	96.38	106.66	112.55
1.127	43.47	53.53	70.51	85.36	96.39	106.67	112.54
1.130	43.55	53.54	70.51	85.32	96.41	106.68	112.53
1.133	43.53	53.56	70.51	85.30	96.43	106.69	112.52
1.136	43.49	53.58	70.51	85.26	96.44	106.71	112.51
1.138	43.47	53.61	70.51	85.23	96.42	106.77	112.51
1.141	43.44	53.63	70.51	85.17	96.39	106.79	112.51
1.144	43.42	53.65	70.51	85.13	96.50	106.80	112.51
1.147	43.38	53.67	70.51	85.10	96.52	106.82	112.51
1.149	43.37	53.71	70.51	85.07	96.52	106.83	112.51
1.152	43.35	53.73	70.51	85.08	96.52	106.84	112.51
1.155	43.31	53.75	70.51	85.09	96.52	106.84	112.51
1.158	43.29	53.84	70.51	85.10	96.52	106.85	112.51
1.160	43.26	53.86	70.51	85.10	96.52	106.86	112.51
1.163	43.24	53.86	70.51	85.12	96.52	106.87	112.51
1.166	43.24	53.81	70.26	85.13	96.52	106.88	112.51
1.168	43.39	53.79	70.05	85.16	96.52	106.88	112.51
1.171	43.46	53.77	70.51	85.15	96.52	106.89	112.51
1.174	43.68	53.73	70.49	85.14	96.52	106.90	112.55
1.177	43.74	53.71	70.47	85.12	96.52	106.91	112.57
1.179	43.84	53.66	70.46	85.12	96.52	106.91	112.59
1.182	43.95	53.64	70.44	85.11	96.52	106.92	112.61
1.185	44.07	53.62	70.40	85.09	96.52	106.93	112.66
1.188	44.20	53.58	70.38	85.08	96.52	106.94	112.68
1.190	44.32	53.56	70.23	85.07	96.52	106.94	112.70
1.193	44.31	53.54	70.15	85.06	96.55	106.95	112.72
1.196	44.16	53.54	69.98	85.05	96.62	106.98	112.75
1.199	44.09	53.53	69.89	85.04	96.64	107.04	112.79
1.201	44.03	53.52	69.72	85.03	96.65	107.17	112.81
1.204	43.95	53.52	70.19	85.02	96.69	107.21	112.83
1.207	43.88	53.51	70.21	85.00	96.76	107.23	112.86
1.210	43.81	53.50	70.15	84.99	96.79	107.24	112.91
1.212	43.74	53.50	70.12	84.91	96.77	107.26	112.94
1.215	43.66	53.49	70.09	84.90	96.76	107.27	112.97
1.218	43.51	53.48	70.06	84.91	96.74	107.27	113.00
1.221	43.44	53.48	70.03	84.93	96.73	107.26	113.07
1.223	43.37	53.47	69.97	84.94	96.72	107.25	113.10
1.226	43.29	53.47	69.94	84.93	96.75	107.25	113.11
1.229	43.19	53.47	69.91	84.91	96.78	107.24	113.11
1.232	43.16	53.51	69.88	84.88	96.79	107.23	113.11
1.234	43.16	53.52	69.85	84.82	96.82	107.22	113.11
1.237	43.16	53.63	69.78	84.82	96.82	107.22	113.11
1.240	43.16	53.70	69.75	84.83	96.72	107.21	113.11
1.242	43.16	53.72	69.72	84.85	96.72	107.17	113.11
1.245	43.15	53.66	69.69	84.86	96.72	107.14	113.11
1.248	43.15	53.60	69.66	84.88	96.73	107.12	113.11
1.251	43.15	53.54	69.60	84.89	96.74	107.14	113.11
1.253	43.15	53.62	69.61	84.91	96.74	107.16	113.11
1.256	43.15	53.70	69.38	84.92	96.75	107.20	113.09
1.259	43.14	53.63	68.95	84.94	97.00	107.21	113.04
1.262	43.14	53.56	68.67	84.96	97.00	107.22	113.01
1.264	43.14	53.76	68.66	84.97	97.00	107.22	112.98
1.267	43.14	53.76	68.64	84.99	97.00	107.23	112.94
1.270	43.16	53.76	68.63	85.01	97.00	107.24	112.91
1.273	43.17	53.76	68.63	85.02	97.00	107.24	112.87
1.275	43.18	53.76	68.63	85.03	96.97	107.25	112.85
1.278	43.19	53.76	68.64	85.06	96.88	107.25	112.82
1.281	43.23	53.76	68.65	85.07	96.83	107.19	112.80
1.284	43.29	53.76	68.66	85.08	96.79	107.19	112.77
1.286	43.35	53.76	68.66	85.10	96.80	107.20	112.75
1.289	43.46	53.76	68.67	85.11	96.80	107.21	112.72
1.292	43.50	53.76	68.68	85.05	96.81	107.18	112.70
1.295	43.53	53.76	68.69	85.03	96.82	107.14	112.67
1.297	43.57	53.76	68.75	85.16	96.82	107.10	112.65
1.300	43.60	53.75	68.83	85.18	96.82	107.06	112.63
1.303	43.64	53.68	68.97	85.20	96.83	107.02	112.60
1.305	43.67	53.61	69.32	85.21	96.83	106.98	112.58
1.308	43.72	53.67	69.43	85.23	96.84	106.94	112.55
1.311	43.75	53.74	69.41	85.24	96.84	106.85	112.53
1.314	43.77	53.76	69.39	85.25	96.85	106.81	112.54
1.316	43.80	53.74	69.44	85.28	96.85	106.79	112.56
1.319	43.83	53.70	69.50	85.31	96.87	106.79	112.57
1.322	43.85	53.67	69.32	85.33	96.89	106.79	112.59
1.325	43.88	53.64	69.30	85.32	96.90	106.87	112.62
1.327	43.93	53.60	69.28	85.35	96.94	106.99	112.63
1.330	43.96	53.57	69.26	85.36	96.96	107.11	112.65
1.333	43.98	53.54	69.22	85.41	96.97	107.21	112.66
1.336	44.01	53.53	69.20	85.43	96.99	107.24	112.69
1.338	44.05	53.52	69.18	85.44	97.00	107.24	112.71
1.341	44.07	53.51	69.16	85.45	97.00	107.24	112.72
1.344	44.10	53.51	69.15	85.46	96.90	107.24	112.74
1.347	44.13	53.48	69.13	85.47	96.91	107.24	112.73
1.349	44.17	53.32	69.09	85.61	96.91	107.25	112.71
1.352	44.18	53.33	69.07	85.65	96.92	107.25	112.70
1.355	44.19	53.34	69.05	85.65	96.92	107.24	112.69
1.358	44.21	53.35	69.03	85.65	96.92	107.24	112.68
1.360	44.22	53.36	69.01	85.65	96.93	107.24	112.68
1.363	44.23	53.37	69.00	85.65	96.94	107.24	112.69
1.366	44.25	53.51	69.00	85.65	96.94	107.24	112.70
1.368	44.26	53.52	69.13	85.65	96.95	107.38	112.71
1.371	44.28	53.53	68.93	85.65	96.90	107.38	112.72
1.374	44.30	53.55	68.94	85.65	96.86	107.37	112.73
1.377	44.31	53.56	69.01	85.65	96.81	107.37	112.74
1.379	44.33	53.53	69.15	85.65	96.80	107.35	112.75
1.382	44.34	53.53	69.22	85.66	96.86	107.35	112.76
1.385	44.35	53.53	69.28	85.69	96.93	107.23	112.77
1.388	44.37	53.53	69.35	85.71	96.97	107.23	112.78
1.390	44.38	53.53	69.52	85.74	96.99	107.22	112.80
1.393	44.40	53.54	69.49	85.73	96.99	107.21	112.81
1.396	44.41	53.54	69.56	85.75	96.99	107.16	112.82
1.399	44.43	53.55	69.71	85.74	97.00	107.11	112.83
1.401	44.44	53.56	70.19	85.73	97.00	107.05	112.83
1.404	44.46	53.57	70.45	85.72	96.92	106.99	112.84
1.407	44.47	53.58	70.51	85.70	96.88	106.99	112.85
1.410	44.49	53.59	70.51	85.69	96.91	107.00	112.86
1.412	44.50	53.60	70.51	85.69	96.97	107.00	112.87
1.415	44.52	53.62	70.51	85.69	96.62	106.99	112.88
1.418	44.53	53.63	70.51	85.69	96.66	106.97	112.89
1.421	44.55	53.64	70.49	85.69	96.58	106.93	112.91
1.423	44.56	53.66	70.46	85.90	96.52	106.86	112.92
1.426	44.57	53.67	70.45	85.92	96.57	106.78	112.94
1.429	44.59	53.68	70.43	85.93	97.00	106.76	112.95
1.432	44.60	53.69	70.42	85.95	97.00	106.76	112.97
1.434	44.61	53.71	70.40	85.96	97.00	106.75	112.98
1.437	44.63	53.72	70.37	85.98	97.00	106.75	112.99
1.440	44.65	53.73	70.36	86.00	97.00	106.74	113.01
1.442	44.66	53.75	70.34	86.00	97.01	106.74	113.02
1.445	44.68	53.76	70.33	86.01	97.02	106.74	113.04
1.448	44.69	53.77	70.31	86.01	97.08	106.73	113.05
1.451	44.70	53.78	70.30	85.99	97.09	106.73	113.07
1.453	44.72	53.80	70.27	85.97	97.08	106.72	113.08
1.456	44.73	53.81	70.25	85.98	97.06	106.72	113.09
1.459	44.75	53.82	70.24	86.03	97.05	106.72	113.11
1.462	44.76	53.84	70.22	86.03	97.06	106.75	113.11
1.464	44.78	53.85	70.21	86.03	97.06	106.77	113.11
1.467	44.79	53.87	70.18	86.04	97.08	106.75	113.11
1.470	44.80	53.88	70.16	86.06	97.11	106.89	113.11
1.473	44.82	54.14	70.15	86.08	97.12	106.92	113.11
1.475	44.84	54.12	70.13	86.07	97.12	106.94	113.11
1.478	44.85	54.10	70.11	86.14	97.11	106.96	113.11
1.481	44.87	54.07	70.10	86.16	97.11	107.00	113.11
1.484	44.88	54.14	70.51	86.18	97.11	106.99	113.11
1.486	44.90	54.20	70.51	86.23	97.12	107.02	113.11
1.489	44.91	54.20	70.51	86.19	97.13	107.08	113.11
1.492	44.93	54.20	70.51	86.19	97.13	107.08	113.11
1.495	44.94	54.21	70.51	86.19	97.14	107.12	113.11
1.497	44.95	54.21	70.51	86.19	97.09	107.20	113.11
1.500	44.97	54.22	70.51	86.19	97.15	107.21	113.11
1.503	44.98	54.14	70.61	86.36	97.18	107.22	113.11
1.505	44.99	54.08	70.51	86.29	97.19	107.22	113.11
1.508	45.02	54.06	70.62	86.39	97.19	107.23	113.11
1.511	45.03	54.08	70.65	86.41	97.20	107.23	113.11
1.514	45.04	54.09	70.65	86.42	97.20	107.23	113.11
1.516	45.06	54.10	70.60	86.45	97.21	107.23	113.11
1.519	45.07	54.11	70.63	86.45	97.28	107.23	113.11
1.522	45.06	54.13	70.60	86.45	97.25	107.21	113.11
1.525	45.02	54.14	70.53	86.45	97.22	107.19	113.11
1.527	44.98	54.15	70.52	86.48	97.23	107.13	113.11
1.530	44.94	54.17	70.57	86.49	97.23	107.23	113.11
1.533	44.90	54.18	70.64	86.50	97.29	107.23	113.11
1.536	44.85	54.19	70.65	86.51	97.35	107.23	113.11
1.538	44.81	54.21	70.65	86.45	97.40	107.23	113.19
1.541	44.78	54.22	70.65	86.42	97.46	107.23	113.20
1.544	44.73	54.24	70.65	86.39	97.51	107.23	113.16
1.547	44.66	54.25	70.65	86.35	97.57	107.23	113.11
1.549	44.59	54.27	70.65	86.28	97.68	107.23	113.11
1.552	44.55	54.28	70.65	86.24	97.74	107.23	113.11
1.555	44.58	54.29	70.72	86.23	97.76	107.23	113.11
1.558	44.59	54.30	70.81	86.23	97.70	107.23	113.11
1.560	44.60	54.31	71.00	86.45	97.67	107.23	113.11
1.563	44.63	54.32	71.09	86.45	97.64	107.23	113.11
1.566	44.64	54.32	71.28	86.45	97.61	107.22	113.11
1.568	44.67	54.33	71.32	86.45	97.58	107.21	113.11
1.571	44.68	54.34	71.32	86.45	97.55	107.18	113.05
1.574	44.69	54.35	71.32	86.45	97.60	107.15	113.01
1.577	44.72	54.35	71.32	86.45	97.63	107.15	112.95
1.579	44.74	54.36	71.27	86.45	97.69	107.20	112.91
1.582	44.75	54.34	71.21	86.46	97.70	107.22	112.86
1.585	44.77	54.32	71.14	86.45	97.69	107.22	112.81
1.588	44.79	54.32	71.01	86.47	97.67	107.22	112.79
1.590	44.80	54.32	70.87	86.51	97.64	107.22	112.75
1.593	44.83	54.32	70.70	86.55	97.63	107.22	112.73
1.596	44.84	54.32	70.73	86.74	97.62	107.22	112.68
1.599	44.85	54.32	70.75	86.75	97.73	107.22	112.64
1.601	44.88	54.31	70.65	86.76	97.69	107.22	112.61
1.604	44.89	54.30	70.65	86.77	97.67	107.22	112.57
1.607	44.91	54.29	70.65	86.78	97.65	107.22	112.55
1.610	44.93	54.28	70.65	86.80	97.62	107.22	112.50
1.612	44.95	54.20	70.65	86.80	97.62	107.22	112.46
1.615	44.97	54.12	70.65	86.80	97.64	107.22	112.44
1.618	44.98	54.05	70.65	86.80	97.66	107.22	112.40
1.621	45.00	53.98	70.65	86.79	97.61	107.22	112.40
1.623	45.02	53.91	70.65	86.78	97.61	107.22	112.40
1.626	45.04	53.85	70.65	86.78	97.62	107.22	112.40
1.629	45.05	53.75	70.67	86.80	97.62	107.22	112.40
1.632	45.07	53.68	70.73	86.83	97.62	107.22	112.40
1.634	45.09	53.62	70.77	86.85	97.62	107.22	112.40
1.637	45.10	53.55	70.76	86.85	97.62	107.22	112.40
1.640	45.13	53.52	70.74	86.85	97.63	107.22	112.40
1.642	45.14	53.51	70.71	86.85	97.62	107.21	112.40
1.645	45.21	53.49	70.81	86.84	97.52	107.21	112.39
1.648	45.39	53.47	70.87	86.79	97.52	107.21	112.36
1.651	45.58	53.40	70.81	86.73	97.53	107.21	112.33
1.653	45.76	53.26	70.69	86.75	97.54	107.21	112.30
1.656	45.80	53.00	70.65	86.77	97.55	107.21	112.27
1.659	45.81	52.92	70.65	86.79	97.52	107.21	112.23
1.662	45.83	53.01	70.65	86.83	97.45	107.21	112.20
1.664	45.84	53.09	70.65	86.85	97.34	107.21	112.17
1.667	45.85	53.19	70.67	86.81	97.36	107.21	112.14
1.670	45.87	53.28	70.69	86.68	97.37	107.21	112.11
1.673	45.88	53.21	70.73	86.67	97.38	107.20	112.08
1.675	45.90	53.06	70.75	86.67	97.40	107.20	112.02
1.678	45.93	52.99	70.83	86.67	97.38	107.21	111.99
1.681	45.94	52.85	70.88	86.73	97.35	107.21	111.96
1.684	45.97	52.84	70.93	86.77	97.28	107.21	111.94
1.686	45.99	52.86	71.03	86.83	97.25	107.21	111.93
1.689	46.00	52.89	71.08	86.85	97.29	107.21	111.94
1.692	46.03	53.02	71.12	86.85	97.40	107.21	111.93
1.695	46.05	53.38	71.06	86.83	97.37	107.21	111.94
1.697	46.06	53.44	71.00	86.85	97.30	107.21	111.95
1.700	46.09	53.45	71.00	86.85	97.27	107.21	111.99
1.703	46.10	53.45	71.02	86.85	97.23	107.21	112.00
1.705	46.12	53.46	71.06	86.86	97.16	107.19	112.01
1.708	46.15	53.47	71.13	86.88	97.13	107.17	112.06
1.711	46.16	53.47	71.19	86.89	97.15	107.12	112.10
1.714	46.18	53.48	71.17	86.91	97.20	107.09	112.13
1.716	46.21	53.49	71.16	86.93	97.25	107.04	112.16
1.719	46.22	53.50	71.20	86.97	97.27	107.01	112.22
1.722	46.25	53.51	71.22	86.97	97.32	106.96	112.25
1.725	46.27	53.51	71.24	86.95	97.37	106.93	112.28
1.727	46.28	53.52	71.27	86.89	97.35	106.87	112.30
1.730	46.30	53.52	71.29	86.85	97.21	106.86	112.29
1.733	46.32	53.53	71.31	86.85	97.14	106.87	112.28
1.736	46.33	53.54	71.31	86.85	97.17	106.91	112.28
1.738	46.33	53.55	71.31	86.83	97.22	106.92	112.27
1.741	46.33	53.58	71.38	86.79	97.27	106.91	112.27
1.744	46.31	53.64	71.43	86.78	97.27	106.89	112.26
1.747	46.31	53.68	71.47	86.74	97.28	106.89	112.25
1.749	46.31	53.74	71.49	86.69	97.26	106.89	112.25
1.752	46.29	53.80	71.53	86.61	97.25	106.90	112.24
1.755	46.31	53.86	71.55	86.63	97.24	106.91	112.21
1.758	46.34	53.97	71.57	86.64	97.23	106.92	112.18
1.760	46.39	54.03	71.61	86.62	97.20	106.93	112.16
1.763	46.43	54.09	71.63	86.59	97.19	106.90	112.11
1.766	46.54	54.14	71.67	86.59	97.18	106.89	112.09
1.768	46.57	54.21	71.69	86.60	97.17	106.90	112.06
1.771	46.74	54.27	71.71	86.59	97.17	106.84	112.02
1.774	46.89	54.33	71.74	86.56	97.18	106.76	111.99
1.777	47.00	54.44	71.76	86.53	97.20	106.76	111.97
1.779	47.11	54.50	71.80	86.49	97.21	106.77	111.94
1.782	47.22	54.55	71.82	86.49	97.22	106.78	111.90
1.785	47.27	54.59	71.82	86.45	97.23	106.79	111.88
1.788	47.30	54.60	71.78	86.45	97.25	106.79	111.86
1.790	47.23	54.62	71.73	86.45	97.27	106.79	111.81
1.793	47.17	54.65	71.68	86.45	97.27	106.78	111.79
1.796	47.05	54.70	71.58	86.45	97.28	106.77	111.77
1.799	46.99	54.74	71.53	86.45	97.30	106.76	111.72
1.801	46.86	54.84	71.42	86.45	97.32	106.74	111.71
1.804	46.79	54.93	71.37	86.45	97.33	106.72	111.69
1.807	46.70	55.03	71.72	86.45	97.34	106.72	111.69
1.810	46.71	55.13	71.93	86.46	97.35	106.71	111.69
1.812	46.71	55.18	71.91	86.45	97.36	106.71	111.65
1.815	46.72	55.17	71.86	86.45	97.38	106.71	111.58
1.818	46.73	55.16	71.83	86.45	97.39	106.71	111.53
1.821	46.72	55.15	71.78	86.45	97.40	106.71	111.48
1.823	46.74	55.14	71.75	86.40	97.41	106.70	111.47
1.826	46.66	55.10	71.40	86.40	97.42	106.70	111.46
1.829	46.61	54.94	71.31	86.40	97.44	106.70	111.45
1.832	46.48	54.87	71.31	86.43	97.45	106.70	111.45
1.834	46.32	54.79	71.31	86.45	97.46	106.70	111.45
1.837	46.31	54.81	71.31	86.45	97.47	106.70	111.45
1.840	46.32	54.84	71.31	86.45	97.48	106.70	111.45
1.842	46.33	54.89	71.34	86.45	97.50	106.71	111.45
1.845	46.35	54.91	71.40	86.45	97.51	106.72	111.46
1.848	46.37	54.94	71.39	86.45	97.52	106.73	111.46
1.851	46.39	54.97	71.37	86.45	97.54	106.78	111.46
1.853	46.41	54.99	71.40	86.43	97.55	106.81	111.47
1.856	46.42	55.02	71.46	86.42	97.57	106.88	111.47
1.859	46.43	55.04	71.49	86.45	97.58	106.94	111.47
1.862	46.45	55.05	71.52	86.45	97.59	106.95	111.48
1.864	46.46	55.04	71.53	86.46	97.57	106.95	111.48
1.867	46.46	55.04	71.51	86.55	97.54	106.95	111.48
1.870	46.46	55.03	71.49	86.62	97.52	106.95	111.48
1.873	46.47	55.03	71.47	86.53	97.50	106.95	111.49
1.875	46.48	55.00	71.45	86.45	97.49	106.95	111.50
1.878	46.48	54.95	71.47	86.45	97.47	106.95	111.50
1.881	46.48	54.96	71.48	86.45	97.43	106.95	111.52
1.884	46.45	54.99	71.51	86.44	97.45	106.95	111.52
1.886	46.43	54.98	71.54	86.44	97.48	106.95	111.53
1.889	46.38	54.98	71.59	86.45	97.52	106.95	111.53
1.892	46.40	54.97	71.61	86.44	97.54	106.95	111.50
1.895	46.40	54.97	71.66	86.41	97.58	106.95	111.47
1.897	46.36	54.97	71.58	86.37	97.61	106.94	111.44
1.900	46.25	54.97	71.56	86.33	97.65	106.94	111.40
1.903	46.20	54.98	71.49	86.30	97.67	106.94	111.38
1.905	46.19	55.00	71.46	86.26	97.69	106.94	111.36
1.908	46.16	55.02	71.40	86.19	97.74	106.94	111.34
1.911	46.14	55.03	71.36	86.20	97.76	106.94	111.34
1.914	46.29	55.07	71.31	86.24	97.80	106.94	111.33
1.916	46.41	55.09	71.31	86.30	97.82	106.91	111.33
1.919	46.42	55.12	71.31	86.34	97.85	106.82	111.33
1.922	46.43	55.14	71.31	86.38	97.87	106.74	111.32
1.925	46.37	55.16	71.31	86.42	97.87	106.74	111.32
1.927	46.32	55.18	71.31	86.27	97.88	106.74	111.31
1.930	46.27	55.19	71.32	86.12	97.88	106.74	111.31
1.933	46.22	55.23	71.37	86.08	97.88	106.74	111.31
1.936	46.13	55.25	71.47	86.08	97.82	106.74	111.30
1.938	46.08	55.27	71.52	86.07	97.86	106.74	111.30
1.941	46.03	55.29	71.62	86.07	97.81	106.74	111.29
1.944	45.95	55.32	71.67	86.10	97.74	106.74	111.29
1.947	45.90	55.34	71.71	86.13	97.69	106.74	111.29
1.949	45.85	55.38	71.81	86.19	97.62	106.74	111.28
1.952	45.80	55.38	71.80	86.22	97.64	106.74	111.28
1.955	45.71	55.38	71.76	86.25	97.68	106.74	111.28
1.958	45.66	55.38	71.69	86.22	97.73	106.73	111.27
1.960	45.63	55.41	71.62	86.15	97.77	106.73	111.27
1.963	45.62	55.49	71.55	86.09	97.82	106.72	111.26
1.966	45.63	55.57	71.51	86.02	97.90	106.70	111.26
1.968	45.63	55.57	71.44	86.00	97.95	106.70	111.25
1.971	45.62	55.57	71.36	86.00	97.99	106.68	111.25
1.974	45.61	55.57	71.36	85.99	98.04	106.67	111.25
1.977	45.59	55.57	71.39	85.98	98.07	106.72	111.24
1.979	45.58	55.57	71.42	85.98	98.07	106.75	111.24
1.982	45.57	55.57	71.45	85.97	98.07	106.79	111.24
1.985	45.55	55.54	71.48	85.97	98.07	106.80	111.23
1.988	45.54	55.52	71.51	85.96	98.07	106.81	111.23
1.990	45.52	55.51	71.54	85.86	98.06	106.82	111.22
1.993	45.51	55.49	71.36	85.69	98.06	106.82	111.22
1.996	45.50	55.48	71.31	85.65	98.06	106.83	111.22
1.999	45.48	55.48	71.31	85.65	98.06	106.83	111.21
2.001	45.47	55.47	71.31	85.65	98.06	106.84	111.21
2.004	45.46	55.46	71.31	85.67	98.06	106.85	111.20
2.007	45.44	55.46	71.31	85.68	98.05	106.85	111.20
2.010	45.42	55.46	71.31	85.69	98.05	106.86	111.20
2.012	45.41	55.48	71.31	85.69	98.05	106.86	111.19
2.015	45.37	55.50	71.31	85.69	98.07	106.87	111.19
2.018	45.36	55.53	71.31	85.69	98.08	106.87	111.19
2.021	45.38	55.56	71.31	85.69	98.11	106.88	111.18
2.023	45.39	55.50	71.31	85.69	98.13	106.89	111.18
2.026	45.39	55.47	71.31	85.69	98.15	106.89	111.17
2.029	45.40	55.44	71.31	85.69	98.15	106.91	111.17
2.032	45.42	55.43	71.31	85.69	98.12	106.92	111.15
2.034	45.43	55.42	71.47	85.69	98.04	106.93	111.00
2.037	45.43	55.42	71.54	85.69	98.04	106.93	110.91
2.040	45.44	55.41	71.53	85.69	98.03	106.93	110.91
2.042	45.45	55.41	71.50	85.69	98.03	106.94	110.91
2.045	45.46	55.41	71.50	85.69	98.03	106.92	110.90
2.048	45.47	55.41	71.51	85.69	98.03	106.92	110.90
2.051	45.48	55.41	71.50	85.65	97.98	106.92	110.90
2.053	45.49	55.40	71.46	85.65	97.99	106.92	110.90
2.056	45.49	55.16	71.35	85.65	97.99	106.92	110.93
2.059	45.49	54.99	71.32	85.65	97.99	106.92	110.95
2.062	45.49	54.94	71.31	85.65	98.01	106.92	110.96
2.064	45.48	54.87	71.31	85.65	98.02	106.92	110.98
2.067	45.48	54.84	71.32	85.65	98.02	106.92	111.01
2.070	45.47	54.78	71.33	85.65	98.02	106.91	111.02
2.073	45.46	54.85	71.31	85.65	98.00	106.90	111.03
2.075	45.44	54.81	71.31	85.65	98.01	106.87	111.06
2.078	45.42	54.76	71.31	85.65	98.01	106.84	111.07
2.081	45.40	54.73	71.31	85.65	98.01	106.85	111.08
2.084	45.37	54.70	71.31	85.65	97.99	106.86	111.10
2.086	45.32	54.68	71.31	85.65	97.92	106.87	111.09
2.089	45.30	54.67	71.30	85.65	97.93	106.89	111.09
2.092	45.27	54.65	71.26	85.67	97.96	106.90	111.09
2.095	45.25	54.63	71.21	85.68	97.98	106.91	111.08
2.097	45.23	54.62	71.19	85.69	98.01	106.91	111.08
2.100	45.20	54.60	71.25	85.69	98.03	106.92	111.08
2.103	45.18	54.56	71.27	85.69	98.03	106.92	111.07
2.105	45.15	54.43	71.30	85.69	98.04	106.92	111.08
2.108	45.12	54.30	71.28	85.68	98.05	106.92	111.10
2.111	45.10	54.53	71.27	85.68	98.07	106.92	111.12
2.114	45.07	54.50	71.26	85.67	98.09	106.92	111.12
2.116	45.05	54.49	71.25	85.66	98.12	106.92	111.11
2.119	45.01	54.47	71.29	85.66	98.14	106.92	111.11
2.122	44.98	54.45	71.30	85.65	98.15	106.92	111.09
2.125	44.95	54.44	71.28	85.65	98.15	106.92	111.09
2.127	44.93	54.44	71.25	85.65	98.15	106.92	111.08
2.130	44.90	54.71	71.23	85.65	98.15	106.92	111.08
2.133	44.88	54.90	71.24	85.65	98.15	106.92	111.09
2.136	44.85	55.02	71.24	85.65	98.15	106.92	111.10
2.138	44.83	54.99	71.26	85.65	98.15	106.93	111.12
2.141	44.81	54.97	71.16	85.65	98.15	106.93	111.13
2.144	44.77	54.95	71.14	85.65	98.15	106.95	111.15
2.147	44.75	54.92	71.06	85.65	98.15	106.97	111.16
2.149	44.73	54.91	70.90	85.62	98.15	106.99	111.18
2.152	44.70	54.89	70.74	85.65	98.15	107.02	111.21
2.155	44.66	54.88	70.51	85.66	98.15	107.03	111.22
2.158	44.63	54.87	70.50	85.67	98.15	107.12	111.24
2.160	44.61	54.85	70.46	85.69	98.15	107.14	111.28
2.163	44.58	54.84	70.44	85.69	98.15	107.15	111.33
2.166	44.56	54.83	70.42	85.69	98.15	107.17	111.36
2.168	44.53	54.81	70.39	85.69	98.15	107.18	111.41
2.171	44.51	54.80	70.30	85.69	98.15	107.20	111.44
2.174	44.48	54.78	70.17	85.69	98.15	107.21	111.49
2.177	44.49	54.75	70.05	85.69	98.15	107.23	111.54
2.179	44.50	54.74	69.95	85.82	98.18	107.24	111.59
2.182	44.50	54.72	69.92	85.84	98.16	107.27	111.63
2.185	44.51	54.71	69.89	85.86	98.15	107.29	111.92
2.188	44.53	54.70	69.86	85.94	98.15	107.31	111.94
2.190	44.54	54.70	69.83	85.95	98.15	107.32	111.95
2.193	44.50	54.60	69.80	85.97	98.15	107.33	111.95
2.196	44.46	54.50	69.70	86.04	98.15	107.34	111.96
2.199	44.51	54.48	69.61	86.00	98.15	107.35	111.97
2.201	44.54	54.45	69.55	86.02	98.15	107.36	112.01
2.204	44.57	54.43	69.68	86.09	98.15	107.38	112.04
2.207	44.59	54.39	69.68	86.10	98.15	107.40	112.10
2.210	44.60	54.35	69.72	86.05	98.15	107.42	112.14
2.212	44.61	54.29	69.77	86.06	98.15	107.43	112.20
2.215	44.62	54.24	69.81	86.07	98.38	107.46	112.24
2.218	44.62	54.18	69.90	86.09	98.54	107.50	112.30
2.221	44.37	54.12	69.85	86.09	98.69	107.58	112.36
2.223	44.03	54.07	69.64	86.11	98.85	107.63	112.40
2.226	43.35	54.01	69.69	86.12	98.87	107.65	112.41
2.229	42.87	53.95	69.74	86.15	98.88	107.66	112.39
2.232	42.75	53.84	69.79	86.18	98.87	107.69	112.38
2.234	42.65	53.79	69.76	86.20	98.84	107.71	112.36
2.237	42.67	53.75	69.68	86.21	98.83	107.72	112.35
2.240	42.72	53.73	69.72	86.23	98.80	107.74	112.33
2.242	42.77	53.72	69.67	86.27	98.78	107.76	112.31
2.245	42.83	53.72	69.65	86.33	98.75	107.77	112.30
2.248	42.85	53.70	69.95	86.34	98.74	107.79	112.29
2.251	42.90	53.70	70.16	86.35	98.72	107.80	112.30
2.253	42.96	53.70	70.25	86.36	98.69	107.82	112.30
2.256	42.98	53.71	70.22	86.35	98.68	107.84	112.30
2.259	43.03	53.71	70.20	86.36	98.65	107.85	112.30
2.262	43.08	53.72	70.18	86.38	98.65	107.88	112.29
2.264	43.13	53.72	70.16	86.40	98.74	107.92	112.29
2.267	43.16	53.73	70.13	86.42	98.79	107.97	112.29
2.270	43.21	53.74	70.11	86.43	98.84	108.01	112.29
2.273	43.26	53.74	70.09	86.44	98.89	108.06	112.30
2.275	43.28	53.75	70.07	86.44	98.94	108.08	112.37
2.278	43.33	53.59	70.05	86.41	98.99	108.12	112.42
2.281	43.38	53.58	70.03	86.39	99.09	108.16	112.47
2.284	43.44	53.60	70.01	86.39	99.14	108.18	112.52
2.286	43.46	53.62	69.99	86.44	99.15	108.20	112.57
2.289	43.51	53.63	69.97	86.45	99.15	108.23	112.62
2.292	43.57	53.65	69.95	86.52	99.16	108.24	112.68
2.295	43.62	53.66	69.93	86.51	99.17	108.26	112.73
2.297	43.64	53.68	69.91	86.55	99.18	108.26	112.78
2.300	43.69	53.65	69.94	86.57	99.36	108.28	112.85
2.303	43.74	53.60	69.99	86.61	99.39	108.29	112.90
2.305	43.76	53.54	70.02	86.63	99.41	108.30	112.92
2.308	43.82	53.53	70.14	86.68	99.43	108.31	112.94
2.311	43.87	53.53	70.21	86.70	99.45	108.31	112.96
2.314	43.90	53.53	70.28	86.72	99.47	108.32	112.98
2.316	43.83	53.52	70.36	86.74	99.48	108.32	113.00
2.319	43.78	53.52	70.33	86.77	99.56	108.33	113.01
2.322	43.68	53.50	70.23	86.79	99.69	108.33	113.03
2.325	43.58	53.50	70.33	86.86	99.70	108.33	113.07
2.327	43.48	53.50	70.44	86.90	99.71	108.33	113.06
2.330	43.43	53.49	70.43	86.92	99.72	108.33	113.05
2.333	43.32	53.49	70.42	86.97	99.72	108.33	113.03
2.336	43.22	53.49	70.40	87.01	99.75	108.32	113.02
2.338	43.12	53.48	70.39	87.04	99.76	108.32	112.99
2.341	43.06	53.48	70.41	87.06	99.77	108.33	112.98
2.344	42.96	53.48	70.47	87.10	99.79	108.35	112.97
2.347	42.86	53.48	70.49	87.13	99.80	108.39	112.95
2.349	43.06	53.47	70.51	87.01	99.81	108.42	112.95
2.352	43.28	53.47	70.53	87.01	99.82	108.43	112.94
2.355	43.51	53.47	70.56	87.01	99.83	108.43	112.93
2.358	43.73	53.47	70.56	87.02	99.85	108.43	112.92
2.360	43.87	53.46	70.56	87.04	99.87	108.45	113.01
2.363	44.02	53.46	70.54	87.06	99.88	108.46	113.05
2.366	44.27	53.41	70.56	87.17	99.89	108.64	113.11
2.368	44.23	53.33	70.56	87.20	99.90	108.64	113.17
2.371	44.19	53.25	70.64	87.18	99.92	108.64	113.23
2.374	44.12	53.16	70.73	87.17	99.93	108.63	113.29
2.377	44.09	53.08	70.81	87.16	99.94	108.62	113.35
2.379	44.05	53.00	70.84	87.17	100.03	108.62	113.42
2.382	44.01	52.91	70.86	87.19	100.23	108.58	113.47
2.385	43.98	52.83	70.89	87.21	100.24	108.58	113.47
2.388	43.91	52.75	70.91	87.22	100.26	108.57	113.47
2.390	43.86	52.68	70.94	87.24	100.26	108.59	113.47
2.393	43.83	52.55	70.90	87.26	100.30	108.60	113.48
2.396	43.79	52.49	70.79	87.27	100.32	108.62	113.48
2.399	43.75	52.42	70.68	87.29	100.41	108.64	113.48
2.401	43.69	52.37	70.83	87.31	100.52	108.65	113.48
2.404	44.01	52.34	70.86	87.33	100.53	108.67	113.47
2.407	44.25	52.31	70.83	87.36	100.54	108.69	113.31
2.410	44.23	52.66	70.80	87.38	100.55	108.70	113.16
2.412	44.21	52.96	70.84	87.39	100.56	108.73	113.17
2.415	44.17	52.95	70.71	87.41	100.57	108.74	113.20
2.418	44.15	52.93	70.67	87.41	100.59	108.75	113.23
2.421	44.13	52.91	70.59	87.28	100.60	108.76	113.25
2.423	44.10	52.90	70.56	87.19	100.62	108.79	113.30
2.426	44.08	52.88	70.56	87.39	100.63	108.80	113.35
2.429	44.04	52.87	70.56	87.43	100.70	108.80	113.43
2.432	44.05	52.77	70.60	87.43	100.97	108.81	113.48
2.434	44.06	52.72	70.67	87.44	100.94	108.78	113.53
2.437	44.07	52.84	70.66	87.42	100.90	108.76	113.58
2.440	44.05	52.86	70.57	87.37	100.92	108.74	113.65
2.442	44.03	52.94	70.56	87.45	101.06	108.72	113.70
2.445	44.02	52.95	70.56	87.45	101.18	108.87	113.72
2.448	43.99	52.93	70.56	87.46	101.15	108.87	113.75
2.451	43.96	52.91	70.56	87.40	101.14	108.88	113.80
2.453	43.94	52.89	70.56	87.42	101.21	108.77	113.83
2.456	43.92	52.88	70.56	87.44	101.28	108.78	113.85
2.459	43.91	52.86	70.56	87.46	101.42	108.80	113.88
2.462	43.89	52.85	70.56	87.48	101.49	108.81	113.91
2.464	43.87	52.85	70.56	87.48	101.56	108.79	113.93
2.467	43.84	52.84	70.56	87.48	101.61	108.76	113.96
2.470	43.82	52.85	70.56	87.49	101.62	108.73	113.99
2.473	43.80	52.84	70.56	87.48	101.62	108.70	114.04
2.475	43.78	52.84	70.57	87.47	101.62	108.66	114.14
2.478	43.76	52.83	70.70	87.50	101.62	108.66	114.16
2.481	43.74	52.83	71.04	87.50	101.62	108.66	114.19
2.484	43.73	52.83	71.04	87.54	101.63	108.66	114.22
2.486	43.70	52.83	71.03	87.64	101.63	108.66	114.25
2.489	43.68	52.83	71.02	87.69	101.63	108.66	114.27
2.492	43.69	52.83	71.01	87.72	101.63	108.66	114.30
2.495	43.99	52.83	71.00	87.78	101.34	108.66	114.35
2.497	44.28	52.81	70.96	87.72	101.05	108.66	114.38
2.500	44.43	52.80	70.84	87.84	100.95	108.66	114.41
2.503	44.73	52.76	70.89	87.86	100.96	108.68	114.43
2.505	44.93	52.74	70.97	87.88	100.97	108.70	114.46
2.508	45.12	52.73	70.95	87.90	100.98	108.74	114.47
2.511	45.17	52.70	70.95	87.95	100.99	108.78	114.47
2.514	45.17	52.68	70.94	87.97	101.02	108.80	114.47
2.516	45.19	52.66	70.93	87.99	101.03	108.84	114.47
2.519	45.12	52.64	70.92	88.01	101.05	108.87	114.48
2.522	45.08	52.61	70.91	88.04	101.03	108.87	114.48
2.525	45.04	52.61	70.90	88.06	101.04	108.88	114.47
2.527	45.00	52.60	70.90	88.08	101.07	108.88	114.44
2.530	44.96	52.60	70.97	88.10	101.08	108.86	114.42
2.533	44.90	52.59	71.01	88.11	101.10	108.83	114.39
2.536	44.86	52.58	71.05	88.02	101.12	108.76	114.37
2.538	44.82	52.58	71.13	87.88	101.11	108.73	114.32
2.541	44.78	52.58	71.17	87.82	101.12	108.80	114.29
2.544	44.70	52.57	71.26	87.84	101.13	108.89	114.28
2.547	44.59	52.57	71.30	87.90	101.14	108.97	114.27
2.549	44.52	52.58	71.38	88.01	101.15	109.05	114.26
2.552	44.40	52.65	71.42	87.95	101.16	109.10	114.25
2.555	44.33	53.06	71.47	87.92	101.17	109.11	114.24
2.558	44.21	53.26	71.55	87.95	101.19	109.11	114.20
2.560	44.13	53.25	71.57	88.05	101.21	109.10	114.19
2.563	43.97	53.24	71.55	88.11	101.22	109.10	114.19
2.566	43.89	53.23	71.52	88.11	101.23	109.09	114.19
2.568	43.73	53.22	71.50	88.20	101.20	109.05	114.20
2.571	43.65	53.21	71.49	88.28	101.25	109.11	114.21
2.574	43.55	53.20	71.46	88.37	101.26	109.12	114.21
2.577	43.58	53.19	71.44	88.48	101.27	109.12	114.21
2.579	43.62	53.18	71.42	88.51	101.28	109.12	114.24
2.582	43.65	53.18	71.39	88.53	101.29	109.12	114.26
2.585	43.69	53.19	71.38	88.53	101.31	109.11	114.29
2.588	43.72	53.18	71.36	88.33	101.34	109.11	114.31
2.590	43.75	53.18	71.34	88.20	101.33	109.10	114.31
2.593	43.82	53.18	71.68	88.25	101.37	109.10	114.29
2.596	43.86	53.18	71.63	88.51	101.38	109.09	114.27
2.599	43.88	53.16	71.59	88.51	101.37	109.11	114.22
2.601	43.89	53.05	71.55	88.50	101.38	109.12	114.20
2.604	43.91	53.00	71.50	88.50	101.31	109.12	114.16
2.607	43.92	52.92	71.46	88.50	101.29	109.12	113.93
2.610	43.94	53.00	71.42	88.49	101.26	109.19	113.84
2.612	43.91	53.08	71.37	88.49	101.29	109.15	113.84
2.615	43.89	53.13	71.33	88.48	101.32	109.12	113.84
2.618	43.87	53.18	71.34	88.48	101.38	109.11	113.84
2.621	43.85	53.18	71.30	88.48	101.44	109.10	113.84
2.623	43.82	53.19	71.30	88.53	101.47	109.09	113.85
2.626	43.80	53.21	71.30	88.47	101.48	109.04	113.83
2.629	43.78	53.26	71.30	88.49	101.50	109.02	113.78
2.632	43.76	53.28	71.29	88.49	101.51	108.99	113.76
2.634	43.73	53.32	71.20	88.48	101.52	108.97	113.74
2.637	43.71	53.34	71.11	88.47	101.53	108.92	113.72
2.640	43.72	53.36	71.12	88.45	101.55	108.85	113.73
2.642	43.78	53.41	71.17	88.44	101.56	108.83	113.73
2.645	43.81	53.43	71.17	88.43	101.73	108.83	113.75
2.648	43.87	53.45	71.20	88.41	101.74	108.85	113.76
2.651	43.89	53.45	71.15	88.40	101.76	108.87	113.76
2.653	43.94	53.46	71.11	88.43	101.78	108.88	113.77
2.656	43.96	53.46	71.07	88.43	101.80	108.88	113.78
2.659	43.99	53.47	70.98	88.42	101.81	108.89	113.80
2.662	44.01	53.47	70.94	88.38	101.79	108.89	113.81
2.664	44.04	53.48	70.90	88.41	101.81	108.90	113.83
2.667	44.08	53.49	71.30	88.41	101.84	108.90	113.92
2.670	44.09	53.49	71.30	88.40	101.87	108.90	113.94
2.673	44.13	53.50	71.30	88.39	101.87	108.92	113.95
2.675	44.15	53.51	71.30	88.35	101.87	109.10	113.96
2.678	44.21	53.51	71.32	88.31	101.87	109.11	113.98
2.681	44.27	53.52	71.30	88.26	101.87	109.11	113.99
2.684	44.33	53.53	71.28	88.25	101.73	109.12	114.01
2.686	44.38	53.53	71.27	88.26	101.74	109.12	114.03
2.689	44.46	53.54	71.24	88.24	101.75	109.13	114.05
2.692	44.50	53.56	71.22	88.25	101.76	109.13	114.08
2.695	44.56	53.58	71.21	88.26	101.77	109.10	114.11
2.697	44.60	53.61	71.19	88.28	101.80	108.99	114.15
2.700	44.68	53.63	71.16	88.33	101.81	108.91	114.13
2.703	44.72	53.66	71.15	88.34	101.81	108.91	114.12
2.705	44.79	53.68	71.13	88.32	101.80	108.91	114.15
2.708	44.83	53.71	71.27	88.31	101.80	108.91	114.17
2.711	44.91	53.73	71.30	88.32	101.79	108.91	114.20
2.714	44.95	53.76	71.30	88.33	101.78	108.91	114.21
2.716	45.01	53.78	71.30	88.34	101.84	108.97	114.27
2.719	45.05	53.81	71.30	88.33	101.90	109.02	114.31
2.722	45.13	53.83	71.30	88.33	101.96	109.08	114.36
2.725	45.18	53.86	71.30	88.31	101.91	109.11	114.41
2.727	45.23	53.89	71.30	88.30	101.92	109.11	114.47
2.730	45.29	53.91	71.33	88.28	101.94	109.10	114.51
2.733	45.55	53.91	71.48	88.27	101.95	109.06	114.57
2.736	45.82	53.91	71.64	88.25	101.96	109.05	114.64
2.738	46.07	53.91	71.94	88.31	101.97	109.08	114.67
2.741	46.28	53.90	71.94	88.30	101.94	109.09	114.68
2.744	46.37	53.89	71.94	88.30	101.95	109.13	114.68
2.747	46.30	53.89	71.94	88.47	101.98	109.16	114.70
2.749	46.31	53.89	71.94	88.48	101.99	109.20	114.70
2.752	46.27	53.88	71.94	88.49	102.02	109.22	114.72
2.755	46.24	53.88	71.97	88.50	102.03	109.25	114.74
2.758	46.18	53.88	71.97	88.52	102.02	109.27	114.75
2.760	46.15	53.87	71.96	88.53	102.05	109.30	114.76
2.763	46.12	53.87	71.94	88.54	102.01	109.31	114.77
2.766	46.06	53.90	71.94	88.52	101.94	109.32	114.78
2.768	46.03	53.93	71.94	88.56	101.88	109.32	114.77
2.771	45.97	53.92	71.94	88.57	101.91	109.33	114.77
2.774	46.29	53.91	71.94	88.57	102.12	109.34	114.77
2.777	46.52	53.90	71.94	88.57	102.13	109.34	114.77
2.779	46.73	53.84	71.98	88.57	102.15	109.35	114.76
2.782	46.87	53.78	71.98	88.56	101.95	109.36	114.76
2.785	46.89	53.75	71.98	88.56	101.82	109.35	114.76
2.788	46.92	53.72	72.03	88.57	101.81	109.35	114.75
2.790	46.93	53.86	72.09	88.56	101.82	109.34	114.75
2.793	46.95	53.85	72.16	88.56	101.83	109.40	114.75
2.796	46.97	53.84	72.23	88.56	101.86	109.40	114.75
2.799	46.98	53.83	72.37	88.56	101.89	109.40	114.74
2.801	47.00	53.82	72.44	88.55	101.93	109.40	114.74
2.804	47.01	53.81	72.51	88.55	101.96	109.40	114.74
2.807	47.03	53.80	72.58	88.55	102.00	109.40	114.74
2.810	47.05	53.80	72.72	88.55	102.06	109.40	114.73
2.812	47.06	53.81	72.79	88.69	102.17	109.37	114.73
2.815	47.08	53.81	72.89	88.69	102.30	109.36	114.73
2.818	47.11	53.82	72.93	88.65	102.31	109.34	114.72
2.821	47.13	53.82	73.03	88.61	102.32	109.35	114.72
2.823	47.14	54.07	73.01	88.54	102.32	109.36	114.72
2.826	47.14	54.26	72.98	88.54	102.29	109.36	114.71
2.829	47.15	54.26	72.96	88.54	102.30	109.35	114.72
2.832	47.15	54.26	72.93	88.54	102.36	109.33	114.72
2.834	47.16	54.24	72.91	88.54	102.34	109.37	114.73
2.837	47.16	54.25	72.88	88.53	102.36	109.38	114.73
2.840	47.16	54.25	72.99	88.53	102.41	109.38	114.74
2.842	47.17	54.25	72.92	88.40	102.43	109.38	114.74
2.845	47.17	54.29	72.87	88.35	102.47	109.39	114.75
2.848	47.17	54.36	72.87	88.37	102.51	109.39	114.75
2.851	47.18	54.40	72.76	88.38	102.54	109.39	114.75
2.853	47.11	54.44	72.73	88.53	102.58	109.40	114.76
2.856	47.05	54.47	72.71	88.52	102.61	109.27	114.77
2.859	46.98	54.51	72.68	88.49	102.63	109.28	114.77
2.862	46.92	54.58	72.66	88.48	102.62	109.30	114.77
2.864	46.85	54.62	72.63	88.50	102.59	109.32	114.78
2.867	46.79	54.65	72.61	88.51	102.59	109.34	114.78
2.870	46.72	54.66	72.58	88.51	102.65	109.35	114.79
2.873	46.71	54.65	72.58	88.51	102.65	109.36	114.79
2.875	46.93	54.64	72.60	88.51	102.64	109.37	114.80
2.878	47.02	54.63	72.65	88.51	102.65	109.38	114.80
2.881	47.08	54.62	72.63	88.51	102.65	109.38	114.80
2.884	47.14	54.60	72.61	88.51	102.65	109.39	114.81
2.886	47.20	54.60	72.57	88.43	102.72	109.39	114.81
2.889	47.22	54.61	72.55	88.41	102.76	109.40	114.82
2.892	47.23	54.62	72.52	88.46	102.80	109.40	114.83
2.895	47.23	54.63	72.50	88.50	102.80	109.41	114.86
2.897	47.23	54.63	72.46	88.50	102.81	109.41	114.87
2.900	47.24	54.63	72.44	88.50	102.71	109.42	114.89
2.903	47.24	54.69	72.54	88.50	102.65	109.43	114.91
2.905	47.25	54.67	72.59	88.50	102.65	109.43	114.93
2.908	47.25	54.68	72.69	88.14	102.65	109.44	114.91
2.911	47.30	54.68	72.74	88.14	102.65	109.44	114.90
2.914	47.52	54.67	72.79	88.14	102.65	109.44	114.88
2.916	47.63	54.66	72.80	88.14	102.65	109.44	114.88
2.919	47.85	54.65	72.83	88.19	102.65	109.44	114.90
2.922	47.94	54.64	72.79	88.23	102.65	109.44	114.99
2.925	47.90	54.63	72.77	88.29	102.67	109.44	115.09
2.927	47.86	54.62	72.75	88.32	102.70	109.47	115.11
2.930	47.70	54.60	72.78	88.48	102.70	109.49	115.15
2.933	47.62	54.59	72.73	88.48	102.66	109.52	115.22
2.936	47.46	54.58	72.70	88.48	102.65	109.58	115.26
2.938	47.30	54.57	72.79	88.52	102.65	109.68	115.31
2.941	47.25	54.56	72.73	88.48	102.66	109.70	115.35
2.944	47.24	54.55	72.60	88.48	102.67	109.72	115.42
2.947	47.24	54.53	72.57	88.50	102.69	109.72	115.48
2.949	47.24	54.52	72.53	88.69	102.71	109.73	115.53
2.952	47.24	54.51	72.49	88.72	102.74	109.77	115.62
2.955	47.23	54.50	72.47	88.71	102.75	109.79	115.67
2.958	47.02	54.47	72.44	88.70	102.77	109.83	115.70
2.960	46.84	54.45	72.39	88.70	102.78	109.85	115.71
2.963	46.40	54.41	72.40	88.76	102.80	109.89	115.74
2.966	46.14	54.37	72.38	88.84	102.81	109.93	115.75
2.968	45.62	54.33	72.34	88.91	102.84	110.01	115.76
2.971	45.33	54.31	72.32	88.98	102.82	110.09	115.75
2.974	45.30	54.28	72.30	89.05	102.78	110.17	115.64
2.977	45.39	54.24	72.26	89.12	102.74	110.19	115.65
2.979	45.49	54.20	72.24	89.19	102.75	110.20	115.67
2.982	45.54	54.18	72.22	89.24	102.67	110.22	115.70
2.985	45.64	54.06	72.18	89.04	102.65	110.24	115.71
2.988	45.75	54.10	72.16	88.72	102.71	110.26	115.73
2.990	45.80	54.08	72.14	88.79	102.71	110.28	115.75
2.993	45.90	54.05	72.15	88.93	102.65	110.30	115.76
2.996	45.95	54.01	72.66	89.01	102.65	110.32	115.78
2.999	46.05	53.97	72.80	89.08	102.53	110.33	115.81
3.001	46.15	53.95	72.80	89.15	102.54	110.35	115.82
3.004	46.21	53.92	73.42	89.24	102.56	110.37	115.85
3.007	46.31	53.89	73.42	89.24	102.61	110.39	115.87
3.010	46.36	53.85	73.41	89.24	102.63	110.09	115.90
3.012	46.46	53.83	73.40	89.24	102.65	110.08	115.93
3.015	46.56	53.81	73.40	89.24	102.65	110.10	115.94
3.018	46.61	53.78	73.43	89.24	102.72	110.12	115.97
3.021	46.70	53.75	73.19	89.19	102.76	110.15	116.00
3.023	46.74	53.73	72.97	89.21	102.81	110.17	115.99
3.026	46.81	53.70	72.99	89.24	102.83	110.19	115.99
3.029	46.76	53.68	73.01	89.24	102.85	110.21	115.99
3.032	46.69	53.65	72.93	89.24	102.83	110.23	115.98
3.034	46.61	53.63	72.89	89.24	102.79	110.25	115.98
3.037	46.42	53.61	72.94	89.24	102.74	110.29	115.98
3.040	46.33	53.60	73.01	89.24	102.70	110.32	115.97
3.042	46.24	53.52	73.08	89.28	102.68	110.34	115.97
3.045	46.14	53.51	73.15	89.24	102.66	110.36	115.97
3.048	46.05	53.54	73.20	89.29	102.68	110.38	115.97
3.051	45.84	53.54	73.27	89.37	102.69	110.40	115.98
3.053	45.62	53.53	72.78	89.42	102.72	110.42	115.99
3.056	45.40	53.53	72.78	89.44	102.74	110.44	116.00
3.059	45.18	53.48	72.78	89.55	102.65	110.45	116.01
3.062	44.97	53.43	72.78	89.56	102.65	110.45	116.00
3.064	44.75	53.39	72.77	89.50	102.65	110.45	116.01
3.067	44.52	53.37	72.77	89.48	102.65	110.46	116.04
3.070	44.27	53.36	72.77	89.45	102.69	110.46	116.09
3.073	44.11	53.34	72.77	89.42	102.72	110.47	116.11
3.075	44.03	53.24	72.77	89.36	102.78	110.47	116.13
3.078	44.00	53.22	72.77	89.35	102.72	110.47	116.15
3.081	44.04	53.20	72.80	89.75	102.65	110.48	116.16
3.084	44.12	53.18	72.90	89.77	102.65	110.49	116.18
3.086	44.16	53.14	72.95	89.93	102.65	110.49	116.22
3.089	44.20	53.11	72.99	90.05	102.65	110.49	116.32
3.092	44.16	53.10	73.04	90.06	102.65	110.50	116.32
3.095	43.96	53.07	73.09	90.01	102.65	110.50	116.29
3.097	43.69	53.04	73.11	89.98	102.65	110.51	116.32
3.100	43.64	53.02	73.03	89.99	102.65	110.51	116.35
3.103	43.74	52.99	72.89	90.01	103.09	110.51	116.37
3.105	43.82	52.97	72.81	90.03	103.12	110.52	116.37
3.108	43.90	52.94	72.75	90.06	103.13	110.55	116.39
3.111	43.99	52.92	72.75	90.10	103.15	110.60	116.40
3.114	44.09	52.90	72.75	90.12	103.18	110.63	116.43
3.116	44.17	52.89	72.87	90.14	103.19	110.68	116.45
3.119	44.25	52.86	73.19	90.15	103.21	110.73	116.47
3.122	44.40	52.86	73.18	90.14	103.24	110.78	116.49
3.125	44.50	52.85	73.06	90.14	103.25	110.83	116.41
3.127	44.59	52.84	72.82	90.14	103.25	110.85	116.37
3.130	44.67	52.82	72.74	90.14	103.26	110.90	116.30
3.133	44.77	52.81	72.74	90.14	103.26	110.95	116.22
3.136	44.85	52.83	72.74	90.14	103.27	111.12	116.18
3.138	44.94	52.77	72.74	90.15	103.27	111.25	116.11
3.141	45.01	52.77	72.74	90.16	103.28	111.27	116.04
3.144	45.15	52.84	72.74	90.17	103.28	111.29	116.04
3.147	45.22	52.92	72.80	90.18	103.29	111.22	116.11
3.149	45.28	52.94	72.97	90.20	103.32	111.20	116.26
3.152	45.35	52.99	73.06	90.14	103.30	111.25	116.35
3.155	45.42	53.02	73.08	90.14	103.30	111.30	116.43
3.158	45.46	53.04	73.07	90.17	103.31	111.34	116.53
3.160	45.50	53.06	73.06	90.27	103.23	111.36	116.80
3.163	45.59	53.06	73.06	90.31	103.22	111.39	116.93
3.166	45.63	53.05	73.05	90.32	103.21	111.42	116.96
3.168	45.67	53.04	73.04	90.33	103.20	111.43	117.00
3.171	45.71	53.03	73.03	90.33	103.19	111.32	117.04
3.174	45.78	53.02	73.02	90.30	103.13	111.18	117.09
3.177	45.82	53.01	73.01	90.34	103.17	111.03	117.15
3.179	45.86	53.01	73.00	90.35	103.16	110.92	117.24
3.182	45.90	53.00	72.99	90.32	103.15	110.99	117.33
3.185	46.01	52.98	72.99	90.35	103.14	111.04	117.36
3.188	46.16	52.98	73.34	90.37	103.14	111.07	117.40
3.190	46.30	52.97	73.41	90.41	103.15	111.09	117.42
3.193	46.41	52.96	73.34	90.56	103.17	111.09	117.48
3.196	46.51	52.93	73.28	90.55	103.19	110.92	117.52
3.199	46.54	52.89	73.22	90.53	103.21	110.74	117.57
3.201	46.57	52.85	73.09	90.42	103.23	110.58	117.61
3.204	46.62	52.82	73.03	90.43	103.25	110.54	117.67
3.207	46.64	52.78	72.97	90.45	103.27	110.67	117.71
3.210	46.67	52.74	72.90	90.48	103.29	110.74	117.76
3.212	46.69	52.71	72.90	90.54	103.33	110.81	117.80
3.215	46.71	52.67	72.90	90.48	103.29	110.88	117.84
3.218	46.73	52.63	72.89	90.50	103.32	110.96	117.90
3.221	46.74	52.59	72.88	90.51	103.35	111.08	117.94
3.223	46.76	52.58	72.87	90.48	103.36	111.14	117.97
3.226	46.80	52.52	72.86	90.47	103.37	111.19	117.98
3.229	46.81	52.45	72.85	90.48	103.37	111.24	118.00
3.232	46.83	52.50	72.84	90.49	103.44	111.28	118.04
3.234	46.85	52.43	72.83	90.55	103.46	111.32	118.04
3.237	46.87	52.41	72.83	90.58	103.48	111.36	117.93
3.240	46.87	52.39	72.82	90.59	103.51	111.31	117.74
3.242	46.85	52.37	72.81	90.60	103.55	111.20	117.64
3.245	46.84	52.35	72.80	90.63	103.59	111.16	117.54
3.248	46.83	52.38	72.80	90.64	103.61	111.24	117.44
3.251	46.82	52.48	72.79	90.64	103.64	111.27	117.34
3.253	46.81	52.52	72.78	90.65	103.66	111.34	117.24
3.256	46.80	52.57	72.90	90.66	103.65	111.38	117.21
3.259	46.79	52.62	72.96	90.67	103.64	111.43	117.23
3.262	46.79	52.65	72.91	90.73	103.64	111.45	117.24
3.264	46.80	52.70	72.85	90.82	103.63	111.45	117.14
3.267	46.80	52.75	72.74	90.90	103.62	111.19	117.16
3.270	46.80	52.77	72.73	90.90	103.61	111.22	117.18
3.273	46.81	52.76	72.72	90.93	103.60	111.16	117.21
3.275	46.81	52.75	72.71	90.95	103.60	111.07	117.29
3.278	46.83	52.73	72.70	90.83	103.51	111.09	117.27
3.281	46.83	52.72	72.70	90.84	103.42	111.14	117.09
3.284	46.82	52.71	72.69	90.92	103.44	111.17	117.03
3.286	46.82	52.71	72.68	90.90	103.55	111.19	117.07
3.289	46.82	52.73	72.66	90.89	103.39	111.24	117.16
3.292	46.82	52.75	72.66	90.88	103.39	111.27	117.30
3.295	46.80	52.77	72.65	90.71	103.39	111.31	117.44
3.297	46.79	52.81	73.22	90.68	103.39	111.34	117.45
3.300	46.78	52.83	73.20	90.67	103.39	111.37	117.47
3.303	46.77	52.85	73.19	90.67	103.39	111.41	117.50
3.305	46.78	52.86	73.17	90.67	103.39	111.44	117.51
3.308	46.78	52.88	73.13	90.69	103.39	111.48	117.53
3.311	46.79	52.92	73.11	90.69	103.39	111.50	117.54
3.314	46.80	53.01	72.99	90.57	103.40	111.54	117.55
3.316	46.81	53.08	72.87	90.66	103.40	111.59	117.58
3.319	46.82	53.23	72.76	90.71	103.40	111.59	117.60
3.322	46.94	53.28	72.57	90.72	103.40	111.63	117.61
3.325	47.07	53.33	72.54	90.73	103.42	111.65	117.63
3.327	47.11	53.85	72.31	90.73	103.41	111.67	117.64
3.330	47.11	54.30	72.20	90.73	103.40	111.70	117.67
3.333	47.12	54.40	72.14	90.74	103.40	111.57	117.69
3.336	47.13	54.46	72.14	90.75	103.40	111.57	117.70
3.338	47.19	54.53	72.14	90.76	103.40	111.57	117.71
3.341	47.20	54.61	72.14	90.79	103.41	111.57	117.72
3.344	47.23	54.67	72.14	90.78	103.41	111.57	117.68
3.347	47.24	54.73	72.14	90.78	103.41	111.57	117.66
3.349	47.25	54.84	72.14	90.83	103.41	111.57	117.62
3.352	47.26	54.90	72.19	90.90	103.40	111.56	117.59
3.355	47.28	54.96	72.27	90.92	103.39	111.56	117.55
3.358	47.30	55.05	72.44	90.89	103.38	111.56	117.52
3.360	47.31	55.15	72.45	90.88	103.38	111.67	117.49
3.363	47.31	55.34	72.44	90.87	103.37	111.74	117.46
3.366	47.31	55.43	72.43	90.83	103.41	111.75	117.42
3.368	47.31	55.44	72.43	90.84	103.41	111.71	117.39
3.371	47.30	55.45	72.60	90.85	103.41	111.55	117.36
3.374	47.30	55.46	72.57	90.84	103.40	111.55	117.35
3.377	47.34	55.69	72.55	90.84	103.34	111.55	117.34
3.379	47.39	55.84	72.54	90.76	103.33	111.55	117.37
3.382	47.41	55.72	72.56	90.83	103.32	111.33	117.40
3.385	47.44	55.67	72.59	90.82	103.32	111.07	117.43
3.388	47.35	55.64	72.64	90.89	103.32	111.11	117.47
3.390	47.28	55.67	72.67	91.00	103.31	111.14	117.49
3.393	47.37	55.70	72.62	91.16	103.31	111.16	117.53
3.396	47.40	55.74	72.64	91.28	103.32	111.20	117.56
3.399	47.37	55.78	72.75	91.27	103.35	111.22	117.59
3.401	47.35	55.73	72.80	91.26	103.42	111.26	117.62
3.404	47.33	55.69	72.83	91.24	103.42	111.29	117.65
3.407	47.32	55.65	72.67	91.23	103.37	111.31	117.70
3.410	47.30	55.61	72.53	91.21	103.25	111.35	117.74
3.412	47.26	55.57	72.39	91.28	103.24	111.35	117.77
3.415	47.24	55.51	72.28	91.31	103.24	111.35	117.80
3.418	47.22	55.48	72.27	91.31	103.23	111.35	117.80
3.421	47.21	55.36	72.27	91.31	103.23	111.35	117.80
3.423	47.20	55.26	72.26	91.31	103.24	111.35	117.80
3.426	47.18	55.24	72.25	91.31	103.26	111.35	117.79
3.429	47.18	55.22	72.24	91.28	103.26	111.34	117.80
3.432	47.16	55.27	72.24	91.28	103.26	111.47	117.79
3.434	47.15	55.41	72.30	91.28	103.25	111.52	117.79
3.437	47.14	55.40	72.45	91.28	103.24	111.52	117.79
3.440	47.13	55.39	72.53	91.28	103.24	111.51	117.79
3.442	47.11	55.38	72.50	91.28	103.25	111.51	117.80
3.445	47.11	55.37	72.45	91.28	103.24	111.51	117.80
3.448	47.09	55.36	72.35	91.28	103.24	111.51	117.81
3.451	47.08	55.35	72.31	91.25	103.24	111.51	117.82
3.453	47.07	55.34	72.61	91.25	103.28	111.51	117.82
3.456	47.06	55.33	72.82	91.28	103.30	111.51	117.82
3.459	47.05	55.11	72.75	91.28	103.28	111.50	117.83
3.462	47.04	54.90	72.62	91.28	103.30	111.50	117.84
3.464	47.02	54.78	72.55	91.28	103.32	111.50	117.84
3.467	47.02	54.77	72.48	91.28	103.25	111.50	117.85
3.470	47.00	54.78	72.41	91.21	103.19	111.50	117.85
3.473	47.01	54.78	72.35	91.11	103.17	111.48	117.86
3.475	47.02	54.79	72.26	91.11	103.13	111.46	117.87
3.478	47.04	54.80	72.18	90.88	103.12	111.44	117.87
3.481	47.05	54.69	72.15	90.92	103.14	111.44	117.88
3.484	47.06	54.68	72.07	90.95	103.08	111.44	117.79
3.486	47.07	54.67	72.07	91.00	103.03	111.45	117.64
3.489	47.08	54.66	72.06	91.06	103.01	111.45	117.49
3.492	47.09	54.65	72.06	91.10	102.99	111.45	117.49
3.495	47.11	54.64	72.09	91.14	102.97	111.45	117.49
3.497	47.12	54.55	72.13	91.17	102.97	111.45	117.52
3.500	47.13	54.37	72.19	91.18	102.99	111.45	117.55
3.503	47.11	54.29	72.24	91.18	103.01	111.46	117.58
3.505	47.05	54.12	72.30	91.15	102.99	111.46	117.59
3.508	46.93	54.04	72.19	91.12	102.90	111.46	117.62
3.511	46.74	54.01	72.28	91.09	102.87	111.46	117.64
3.514	46.74	54.12	72.40	91.03	102.81	111.46	117.67
3.516	46.74	54.15	72.32	91.00	102.77	111.46	117.68
3.519	46.74	54.09	72.19	90.96	102.81	111.47	117.71
3.522	46.70	54.08	72.19	90.93	102.85	111.51	117.74
3.525	46.67	54.07	72.19	90.83	102.89	111.53	117.76
3.527	46.67	54.08	72.19	90.80	102.92	111.57	117.77
3.530	46.67	54.10	72.19	90.81	102.92	111.59	117.80
3.533	46.67	54.14	72.19	90.77	102.90	111.61	117.82
3.536	46.67	54.18	72.20	90.74	102.88	111.63	117.87
3.538	46.67	54.21	72.08	90.71	102.90	111.60	117.90
3.541	46.58	54.20	72.09	90.68	102.92	111.57	117.94
3.544	46.57	54.20	72.10	90.69	102.94	111.52	117.98
3.547	46.56	54.28	72.11	90.70	102.97	111.40	118.01
3.549	46.55	54.34	72.12	90.72	102.99	111.40	118.03
3.552	46.55	54.35	72.12	90.80	102.95	111.41	118.07
3.555	46.54	54.36	72.16	90.85	102.89	111.45	118.10
3.558	46.53	54.37	72.17	90.86	102.77	111.51	118.13
3.560	46.59	54.35	72.18	90.82	102.73	111.59	118.15
3.563	46.61	54.22	72.19	90.84	102.71	111.66	118.19
3.566	46.67	54.05	72.20	90.89	102.69	111.70	118.22
3.568	46.68	54.07	71.97	90.91	102.67	111.70	118.26
3.571	46.68	54.13	71.94	90.93	102.66	111.71	118.27
3.574	46.68	54.15	71.94	91.10	102.65	111.71	118.31
3.577	46.68	54.11	71.94	91.10	102.65	111.72	118.34
3.579	46.68	54.08	71.94	91.07	102.67	111.72	118.38
3.582	46.68	54.05	71.91	91.04	102.71	111.72	118.39
3.585	46.69	54.02	71.93	91.06	102.76	111.72	118.43
3.588	46.69	53.99	71.94	91.08	102.77	111.73	118.46
3.590	46.69	53.95	71.94	91.05	102.78	111.73	118.50
3.593	46.69	53.92	71.94	91.01	102.78	111.73	118.52
3.596	46.69	53.90	72.05	90.98	102.78	111.72	118.55
3.599	46.69	53.88	72.18	91.00	102.73	111.70	118.58
3.601	46.69	53.86	72.21	91.00	102.80	111.70	118.57
3.604	46.69	53.84	72.21	90.92	102.90	111.70	118.53
3.607	46.69	53.82	72.22	90.93	102.97	111.71	118.51
3.610	46.69	53.80	72.22	90.94	103.04	111.72	118.48
3.612	46.69	53.78	72.22	90.97	103.04	111.72	118.44
3.615	46.69	53.76	72.22	90.98	103.06	111.73	118.41
3.618	46.69	53.74	72.24	91.00	103.03	111.74	118.38
3.621	46.69	53.72	72.22	91.01	103.03	111.74	118.35
3.623	46.69	53.70	72.22	91.04	103.02	111.75	118.23
3.626	46.69	53.68	72.22	91.06	103.02	111.76	117.70
3.629	46.67	53.66	72.22	91.05	102.90	111.76	117.19
3.632	46.62	53.66	72.29	90.70	102.88	111.76	116.94
3.634	46.57	53.67	72.26	90.67	102.86	111.70	116.96
3.637	46.52	53.67	72.26	90.61	102.86	111.54	116.98
3.640	46.38	53.68	72.27	90.58	102.87	111.62	116.99
3.642	46.30	53.69	72.28	90.51	102.87	111.69	117.01
3.645	46.23	53.70	72.30	90.46	102.87	111.57	117.02
3.648	46.16	53.72	72.31	90.39	102.84	111.65	117.04
3.651	46.12	53.73	72.31	90.34	102.84	111.70	117.06
3.653	46.10	53.73	72.25	90.34	102.89	111.72	117.07
3.656	46.05	53.74	72.23	90.34	102.89	111.76	117.09
3.659	46.02	53.75	72.21	90.34	102.97	111.78	117.10
3.662	45.99	53.75	72.23	90.27	102.96	111.82	117.12
3.664	45.94	53.78	72.23	90.20	102.95	111.89	117.14
3.667	45.90	53.78	72.23	90.14	102.91	111.95	117.15
3.670	45.83	53.79	72.23	90.15	102.92	111.98	117.17
3.673	45.80	53.80	72.23	90.20	102.93	112.01	117.18
3.675	45.81	53.81	72.24	90.18	102.93	112.04	117.20
3.678	45.81	53.82	72.27	90.18	102.93	111.99	117.22
3.681	45.81	53.82	72.34	90.18	102.96	111.94	117.23
3.684	45.81	53.85	72.38	90.18	102.98	111.89	117.26
3.686	45.81	53.82	72.38	90.18	103.01	111.82	117.28
3.689	45.81	53.80	72.37	90.18	103.03	111.83	117.30
3.692	45.82	53.74	72.36	90.18	103.06	111.85	117.33
3.695	45.77	53.71	72.28	90.18	103.11	111.86	117.35
3.697	45.69	53.69	72.18	90.18	103.07	111.87	117.35
3.700	45.61	53.66	71.88	90.18	103.03	111.87	117.32
3.703	45.61	53.63	71.94	90.18	102.98	111.84	117.28
3.705	45.62	53.60	71.94	90.24	102.92	111.81	117.24
3.708	45.64	53.55	71.94	90.24	102.92	111.78	117.22
3.711	45.65	53.52	71.94	90.31	102.91	111.71	117.19
3.714	45.66	53.49	71.91	90.35	102.91	111.65	117.17
3.716	45.67	53.46	71.94	90.42	102.91	111.66	117.15
3.719	45.68	53.43	71.94	90.50	102.90	111.70	117.12
3.722	45.69	53.40	71.94	90.59	102.90	111.70	117.06
3.725	45.69	53.35	71.94	90.67	102.90	111.71	117.00
3.727	45.71	53.33	71.94	90.76	102.89	111.72	116.95
3.730	45.71	53.31	71.94	90.84	102.89	111.71	116.90
3.733	45.71	53.19	71.95	90.92	102.89	111.70	116.84
3.736	45.72	52.82	72.16	91.14	102.90	111.66	116.78
3.738	45.72	52.60	72.21	91.20	102.94	111.62	116.77
3.741	45.73	52.60	72.20	91.16	102.96	111.59	116.75
3.744	45.73	52.60	72.19	90.88	102.98	111.59	116.73
3.747	45.73	52.61	72.26	90.93	103.00	111.59	116.71
3.749	45.74	52.61	72.26	90.97	103.01	111.61	116.71
3.752	45.74	52.61	72.26	90.97	102.99	111.70	116.61
3.755	45.74	52.61	72.26	90.93	102.88	111.67	116.52
3.758	45.74	52.62	72.14	90.90	102.88	111.69	116.48
3.760	45.74	52.62	72.14	90.86	102.89	111.72	116.46
3.763	45.73	52.62	72.13	90.78	102.89	111.74	116.48
3.766	45.73	52.63	72.07	90.95	102.88	111.75	116.49
3.768	45.73	52.63	72.11	90.80	102.84	111.76	116.51
3.771	45.61	52.63	72.10	90.78	102.91	111.76	116.52
3.774	45.41	52.76	72.06	90.88	102.92	112.08	116.53
3.777	45.12	52.73	72.06	90.91	102.93	112.15	116.55
3.779	44.83	52.70	72.08	90.86	102.93	112.19	116.60
3.782	44.55	52.67	72.08	90.82	102.95	112.23	116.66
3.785	44.27	52.64	72.05	90.85	102.93	112.26	116.73
3.788	44.27	52.60	71.97	90.88	102.87	112.30	116.80
3.790	44.26	52.58	72.02	90.92	102.80	112.34	116.82
3.793	44.26	52.56	72.03	90.95	102.74	112.37	116.79
3.796	44.25	52.55	72.02	91.00	102.67	112.40	117.05
3.799	44.24	52.53	72.01	91.03	102.65	112.44	117.08
3.801	44.24	52.49	72.00	90.95	102.65	112.48	117.14
3.804	44.23	52.48	71.99	90.91	102.72	112.51	117.19
3.807	44.23	52.46	71.99	90.86	102.84	112.54	117.16
3.810	44.22	52.45	71.98	90.82	102.82	112.57	117.17
3.812	44.22	52.43	71.97	90.73	102.78	112.61	117.19
3.815	44.21	52.41	71.98	90.69	102.81	112.64	117.21
3.818	44.20	52.37	72.01	90.64	102.87	112.67	117.23
3.821	44.20	52.36	72.01	90.69	102.92	112.70	117.28
3.823	44.19	52.35	72.01	90.55	102.97	112.73	117.31
3.826	44.19	52.36	72.02	90.47	103.01	112.76	117.33
3.829	44.18	52.40	72.02	90.48	103.06	112.77	117.36
3.832	44.18	52.41	72.02	90.51	103.07	112.78	117.37
3.834	44.17	52.42	72.10	90.54	103.07	112.77	117.37
3.837	44.17	52.44	72.07	90.59	103.07	112.78	117.33
3.840	44.16	52.47	72.03	90.62	103.07	112.79	117.28
3.842	44.16	52.49	72.03	90.65	103.06	112.80	117.23
3.845	44.15	52.22	72.04	90.67	103.10	112.81	117.20
3.848	44.15	52.02	72.04	90.73	103.11	112.82	117.21
3.851	44.25	52.05	72.00	90.75	103.11	112.83	117.22
3.853	44.68	52.07	71.89	90.78	103.12	112.83	117.22
3.856	45.09	52.09	71.82	90.81	103.13	112.84	117.24
3.859	45.37	52.14	71.77	90.86	103.14	112.85	117.25
3.862	45.63	52.16	71.65	90.87	103.14	112.86	117.26
3.864	45.63	52.21	71.54	90.73	103.15	112.87	117.27
3.867	45.62	52.23	71.48	90.50	103.16	112.88	117.29
3.870	45.62	52.25	71.43	90.57	103.16	112.95	117.30
3.873	45.61	52.30	71.37	90.49	103.17	113.02	117.29
3.875	45.61	52.32	71.32	90.38	103.18	112.99	117.24
3.878	45.59	52.37	71.26	90.34	103.29	112.98	117.22
3.881	45.58	52.39	71.25	90.34	103.21	112.96	117.18
3.884	45.57	52.38	71.26	90.34	103.51	112.93	117.17
3.886	45.55	52.10	71.27	90.42	103.64	112.92	117.15
3.889	45.53	52.19	71.32	90.48	103.47	112.93	117.13
3.892	45.52	52.38	71.46	90.42	103.67	112.94	117.12
3.895	45.50	52.45	71.63	90.60	103.62	112.79	117.08
3.897	45.48	52.40	71.69	90.71	103.57	112.64	117.06
3.900	45.47	52.35	71.69	90.75	103.51	112.61	117.02
3.903	45.45	52.31	71.68	90.84	103.25	112.59	116.88
3.905	45.44	52.26	71.73	90.92	103.25	112.55	116.75
3.908	45.42	52.22	71.79	91.00	103.26	112.52	116.63
3.911	45.41	52.16	71.84	90.91	103.25	112.49	116.59
3.914	45.39	52.08	71.90	90.88	103.21	112.47	116.60
3.916	45.37	52.03	71.93	90.95	103.14	112.43	116.60
3.919	45.03	51.98	71.80	90.84	103.21	112.40	116.60
3.922	44.86	51.94	71.66	90.82	103.28	112.45	116.61
3.925	44.65	51.89	71.60	90.67	103.29	112.56	116.61
3.927	44.47	51.85	71.59	90.64	103.25	112.78	116.61
3.930	44.52	51.83	71.59	90.70	103.22	112.81	116.62
3.933	44.57	51.80	71.58	90.80	103.24	112.83	116.62
3.936	44.62	51.77	71.57	90.86	103.25	112.86	116.62
3.938	44.67	51.72	71.65	90.91	103.25	112.89	116.63
3.941	44.70	51.69	71.74	91.02	103.22	112.96	116.61
3.944	44.73	51.67	71.75	91.07	103.23	113.10	116.59
3.947	44.76	51.67	71.72	91.12	103.24	113.15	116.57
3.949	44.79	51.72	71.69	91.00	103.25	113.11	116.55
3.952	44.82	51.76	71.63	91.06	103.26	112.92	116.53
3.955	44.89	51.81	71.70	91.19	103.31	112.86	116.51
3.958	44.92	51.85	71.65	91.28	103.39	112.81	116.48
3.960	44.95	51.89	71.54	90.77	103.39	112.78	116.50
3.963	44.97	51.93	71.55	91.20	103.40	112.66	116.51
3.966	45.27	51.88	71.56	91.28	103.41	112.52	116.52
3.968	45.61	51.53	71.57	91.28	103.41	112.47	116.54
3.971	45.87	51.18	71.58	91.28	103.41	112.47	116.55
3.974	45.74	51.09	71.59	91.28	103.37	112.47	116.56
3.977	45.67	51.08	71.60	91.28	103.36	112.48	116.58
3.979	45.59	51.07	71.61	91.28	103.33	112.43	116.59
3.982	45.51	51.05	71.62	91.28	103.24	112.36	116.60
3.985	45.44	51.04	71.59	91.31	103.16	112.31	116.62
3.988	45.37	51.03	71.55	91.31	103.13	112.32	116.63
3.990	45.22	51.02	71.50	91.31	103.16	112.34	116.64
3.993	45.15	51.58	71.46	91.28	103.20	112.35	116.62
3.996	45.07	51.63	71.43	91.28	103.22	112.36	116.67
3.999	44.99	51.61	71.45	91.28	103.25	112.39	116.68
4.001	44.92	51.58	71.49	91.23	103.42	112.41	116.71
4.004	44.87	51.56	71.44	91.15	103.45	112.44	116.71
4.007	44.86	51.54	71.34	91.07	103.51	112.47	116.74
4.010	44.85	51.51	71.33	91.13	103.57	112.52	116.73
4.012	44.82	51.49	71.32	91.07	103.67	112.65	116.75
4.015	44.81	51.46	71.31	91.06	103.71	112.74	116.76
4.018	44.80	51.44	71.30	91.09	103.78	112.77	116.78
4.021	44.86	51.39	71.29	91.04	103.78	112.77	116.81
4.023	44.94	51.37	71.29	91.06	103.78	112.78	116.83
4.026	45.03	51.35	71.27	91.12	103.57	112.78	116.85
4.029	45.19	51.32	71.71	91.16	103.57	112.78	116.87
4.032	45.28	51.30	71.75	91.23	103.57	112.80	116.90
4.034	45.36	51.28	71.77	91.25	103.58	112.83	116.92
4.037	45.42	51.25	71.79	91.28	103.59	112.94	116.78
4.040	45.47	51.23	71.82	90.99	103.59	112.94	116.76
4.042	45.52	51.20	71.84	90.92	103.60	112.96	116.77
4.045	45.56	51.18	71.85	90.97	103.61	112.99	116.77
4.048	45.61	51.13	71.62	91.03	103.61	113.01	116.77
4.051	45.67	51.11	71.47	91.09	103.61	113.03	116.79
4.053	45.65	51.09	71.51	91.10	103.61	113.06	116.80
4.056	45.63	51.08	71.56	91.15	103.58	113.08	116.80
4.059	45.62	51.08	71.84	91.21	103.54	113.10	116.80
4.062	45.63	51.14	71.91	91.28	103.52	113.14	116.79
4.064	45.67	51.26	71.92	91.37	103.48	113.10	116.79
4.067	45.71	51.35	71.94	91.42	103.43	112.86	116.80
4.070	45.76	51.25	71.94	91.51	103.57	112.85	116.80
4.073	45.85	51.19	71.95	91.51	103.60	112.94	116.81
4.075	45.89	51.14	71.96	91.51	103.61	113.12	116.81
4.078	45.93	51.09	71.99	91.51	103.61	113.03	116.81
4.081	45.97	51.08	72.08	91.51	103.61	112.94	116.84
4.084	46.02	51.06	72.11	91.51	103.67	112.85	116.94
4.086	46.11	51.04	72.07	91.51	103.61	112.78	117.00
4.089	46.14	51.03	72.03	91.51	103.68	112.78	117.06
4.092	46.15	51.09	72.03	91.31	103.66	112.77	117.09
4.095	46.15	51.37	72.08	91.31	103.63	112.70	117.10
4.097	46.14	51.66	72.18	91.31	103.61	112.67	117.10
4.100	46.13	51.94	72.23	91.31	103.64	112.63	117.10
4.103	46.12	52.10	72.27	91.29	103.78	112.62	117.19
4.105	46.11	52.13	72.27	91.28	103.79	112.63	117.26
4.108	46.10	52.16	72.25	91.31	103.84	112.64	117.26
4.111	46.09	52.18	72.09	91.32	103.86	112.65	117.26
4.114	46.08	52.21	71.94	91.31	103.88	112.64	117.26
4.116	46.07	52.43	71.94	91.31	103.78	112.60	117.26
4.119	46.07	52.55	71.94	91.35	103.78	112.53	117.26
4.122	46.06	52.66	71.94	91.42	103.78	112.55	117.26
4.125	46.05	52.77	71.94	91.49	103.78	112.58	117.26
4.127	46.04	52.78	71.89	91.51	103.78	112.62	117.26
4.130	46.03	52.74	71.84	91.51	103.78	112.65	117.26
4.133	46.02	52.02	71.79	91.51	103.78	112.66	117.26
4.136	46.01	52.05	71.74	91.44	103.78	112.65	117.26
4.138	46.01	52.11	71.88	91.31	103.77	112.58	117.26
4.141	46.00	52.14	71.94	91.34	103.77	112.34	117.26
4.144	45.99	52.17	71.94	91.31	103.72	112.25	117.26
4.147	45.98	52.20	71.94	91.31	103.68	112.31	117.26
4.149	45.97	52.30	71.94	91.18	103.65	112.37	117.26
4.152	45.96	52.37	71.92	91.06	103.63	112.42	117.26
4.155	45.95	52.33	71.88	90.93	103.61	112.39	117.26
4.158	45.94	52.31	71.85	90.81	103.61	112.39	117.26
4.160	45.93	52.42	71.83	90.78	103.61	112.36	117.24
4.163	45.93	52.64	71.80	90.81	103.58	112.34	117.21
4.166	45.92	52.76	71.94	90.69	103.50	112.29	117.22
4.168	45.91	52.87	71.94	90.69	103.51	112.27	117.24
4.171	45.90	52.34	71.94	90.70	103.61	112.24	117.24
4.174	45.89	52.07	71.94	90.71	103.61	112.27	117.24
4.177	45.88	52.16	71.84	90.65	103.68	112.33	117.23
4.179	45.87	52.17	71.70	90.54	103.78	112.18	117.23
4.182	45.87	52.17	71.68	90.34	103.78	112.22	117.22
4.185	45.85	52.18	71.57	90.34	103.78	112.25	117.25
4.188	45.85	52.20	71.54	90.34	103.78	112.27	117.26
4.190	45.57	52.32	71.51	90.28	103.78	112.29	117.26
4.193	45.04	52.37	71.48	90.34	103.78	112.29	117.26
4.196	44.84	52.43	70.91	90.41	103.76	112.30	117.26
4.199	44.83	52.49	70.78	90.43	103.74	112.31	117.26
4.201	44.63	52.61	70.64	90.42	103.70	112.32	117.26
4.204	44.40	52.57	70.56	90.41	103.66	112.32	117.26
4.207	44.29	52.51	70.92	90.34	103.63	112.29	117.23
4.210	44.20	52.44	71.31	90.29	103.78	112.27	117.18
4.212	44.21	52.38	71.28	90.24	103.78	112.27	117.17
4.215	44.22	52.30	70.94	90.23	103.78	112.25	117.18
4.218	44.23	52.17	70.56	90.21	103.77	112.24	117.18
4.221	44.24	52.10	70.56	90.18	103.74	112.22	117.19
4.223	44.25	52.06	70.56	90.18	103.71	112.22	117.19
4.226	44.26	52.05	70.55	90.18	103.69	112.15	117.20
4.229	44.27	52.03	70.56	90.18	103.70	112.11	117.21
4.232	44.31	52.02	70.56	90.18	103.71	112.06	117.21
4.234	44.41	52.00	70.50	90.18	103.61	111.97	117.22
4.237	44.52	51.97	70.32	90.14	103.62	111.92	117.22
4.240	44.63	51.95	70.28	90.14	103.68	111.83	117.23
4.242	44.73	51.78	70.30	90.14	103.71	111.81	117.23
4.245	44.84	51.61	70.26	90.14	103.73	111.81	117.25
4.248	45.03	51.55	69.97	90.14	103.76	111.81	117.26
4.251	45.13	51.62	70.02	90.14	103.78	111.81	117.26
4.253	45.24	51.71	70.11	90.13	103.78	112.01	117.26
4.256	45.33	51.78	70.20	90.14	103.78	112.30	117.26
4.259	45.42	51.80	70.29	90.10	103.78	112.38	117.26
4.262	45.49	51.78	70.37	90.08	103.75	112.38	117.26
4.264	45.52	51.81	70.49	90.05	103.61	112.39	117.26
4.267	45.55	51.81	70.56	89.93	103.61	112.39	117.26
4.270	45.58	51.88	70.53	89.87	103.68	112.40	117.26
4.273	45.58	51.88	70.56	89.87	103.65	112.40	117.26
4.275	45.54	51.88	70.56	89.91	103.61	112.41	117.26
4.278	45.49	51.88	70.56	89.99	103.61	112.39	117.26
4.281	45.45	51.88	70.56	89.99	103.61	112.35	117.26
4.284	45.40	51.88	70.56	89.97	103.61	112.32	117.37
4.286	45.36	51.91	70.56	90.11	103.61	112.34	117.38
4.289	45.52	52.06	70.56	90.14	103.58	112.36	117.38
4.292	45.52	52.05	70.56	90.18	103.55	112.39	117.40
4.295	45.51	52.04	70.56	90.18	103.53	112.42	117.44
4.297	45.50	52.02	70.56	90.18	103.54	112.41	117.49
4.300	45.49	51.85	70.56	90.18	103.54	112.41	117.51
4.303	45.48	51.92	70.56	90.18	103.55	112.45	117.45
4.305	45.47	51.97	69.81	90.14	103.56	112.50	117.41
4.308	45.46	51.96	69.80	90.14	103.54	112.46	117.41
4.311	45.45	51.95	69.79	89.88	103.43	112.40	117.39
4.314	45.44	51.93	69.84	89.80	103.34	112.38	117.38
4.316	45.41	51.92	69.94	89.78	103.34	112.38	117.38
4.319	45.37	51.90	69.99	89.90	103.35	112.40	117.38
4.322	45.26	51.88	69.97	89.86	103.37	112.42	117.38
4.325	45.09	51.95	69.89	89.78	103.38	112.43	117.38
4.327	44.91	52.02	69.82	89.72	103.40	112.44	117.38
4.330	44.74	52.12	69.79	89.71	103.42	112.50	117.38
4.333	44.56	52.38	70.22	89.71	103.43	112.51	117.38
4.336	44.34	52.65	70.37	89.68	103.45	112.47	117.38
4.338	43.93	52.92	70.56	89.65	103.46	112.46	117.39
4.341	43.75	52.19	70.56	89.64	103.48	112.30	117.39
4.344	43.56	52.51	70.56	89.63	103.49	112.32	117.39
4.347	43.54	52.82	70.57	89.61	103.51	112.36	117.39
4.349	43.58	52.98	70.67	89.60	103.53	112.43	117.39
4.352	43.65	53.24	70.72	89.59	103.54	112.42	117.39
4.355	43.75	53.09	70.77	89.56	103.56	112.41	117.40
4.358	43.84	53.01	70.82	89.55	103.57	112.39	117.40
4.360	43.93	52.86	71.01	89.54	103.60	112.35	117.40
4.363	44.03	52.86	70.99	89.52	103.61	112.30	117.38
4.366	44.08	53.28	71.01	89.51	103.61	112.25	117.34
4.368	44.18	53.65	71.06	89.50	103.61	112.19	117.31
4.371	44.27	54.44	71.06	89.48	103.61	112.15	117.27
4.374	44.36	54.44	71.15	89.46	103.61	112.21	117.26
4.377	44.42	54.44	71.25	89.44	103.61	112.20	117.26
4.379	44.45	54.44	71.25	89.43	103.61	112.13	117.26
4.382	44.47	54.44	71.25	89.42	103.61	112.15	117.26
4.385	44.49	54.41	71.25	89.45	103.63	112.16	117.26
4.388	44.51	54.03	71.25	89.61	103.61	112.18	117.26
4.390	44.56	53.55	71.21	89.62	103.61	112.20	117.26
4.393	44.58	53.34	71.18	89.63	103.61	112.21	117.26
4.396	44.62	53.45	71.14	89.64	103.61	112.20	117.26
4.399	44.65	53.68	71.11	89.65	103.47	112.19	117.26
4.401	44.68	53.79	71.07	89.66	103.44	112.19	117.28
4.404	44.71	53.90	70.95	89.71	103.44	112.26	117.34
4.407	44.65	54.01	70.91	89.71	103.61	112.34	117.35
4.410	44.59	54.12	70.93	89.71	103.61	112.42	117.38
4.412	44.53	54.14	70.90	89.71	103.61	112.50	117.43
4.415	44.56	54.11	70.86	89.72	103.61	112.52	117.44
4.418	44.58	54.22	70.83	89.73	103.61	112.54	117.44
4.421	44.61	54.29	70.79	89.74	103.61	112.57	117.41
4.423	44.63	54.23	70.76	89.75	103.61	112.59	117.39
4.426	44.65	54.18	70.72	89.76	103.58	112.63	117.37
4.429	44.67	54.12	70.64	89.77	103.50	112.64	117.37
4.432	44.68	54.18	70.56	89.99	103.51	112.65	117.37
4.434	44.71	54.38	70.56	90.12	103.50	112.66	117.37
4.437	44.64	54.17	70.56	90.13	103.33	112.67	117.38
4.440	44.59	54.01	70.56	90.09	103.41	112.66	117.38
4.442	44.54	53.95	70.66	90.12	103.34	112.57	117.39
4.445	44.51	53.85	70.92	90.14	103.28	112.46	117.39
4.448	44.79	53.78	70.89	90.08	103.25	112.36	117.40
4.451	44.79	53.79	70.90	89.88	103.25	112.33	117.40
4.453	44.78	53.72	70.88	90.13	103.25	112.33	117.40
4.456	44.78	53.46	70.85	90.13	103.25	112.33	117.41
4.459	44.78	53.23	70.83	90.13	103.26	112.32	117.41
4.462	44.77	53.03	70.75	90.13	103.29	112.27	117.41
4.464	44.77	53.02	70.56	90.14	103.31	112.23	117.42
4.467	44.77	53.02	70.56	90.14	103.32	112.24	117.42
4.470	44.76	53.02	70.56	90.12	103.38	112.25	117.42
4.473	44.76	53.02	70.56	90.14	103.56	112.25	117.43
4.475	44.76	53.02	70.56	90.18	103.61	112.26	117.43
4.478	44.75	53.02	70.68	90.17	103.61	112.27	117.43
4.481	44.75	52.96	70.66	90.16	103.61	112.27	117.44
4.484	44.75	52.94	70.64	90.15	103.61	112.23	117.44
4.486	44.74	52.95	70.62	90.14	103.61	112.07	117.39
4.489	44.74	52.95	70.56	90.13	103.61	112.06	117.37
4.492	44.74	53.02	70.45	90.11	103.61	112.06	117.38
4.495	44.73	53.02	70.42	90.11	103.58	112.08	117.38
4.497	44.73	53.03	70.53	90.09	103.61	112.09	117.38
4.500	44.73	53.04	70.51	90.07	103.61	112.09	117.38
4.503	44.72	53.06	70.57	90.08	103.62	112.10	117.38
4.505	44.72	53.09	70.98	90.10	103.61	112.11	117.38
4.508	44.72	53.11	71.02	90.14	103.64	112.11	117.38
4.511	44.71	53.18	70.86	90.14	103.60	112.12	117.38
4.514	44.73	53.17	70.78	90.14	103.58	112.12	117.38
4.516	44.75	53.17	70.62	90.14	103.58	112.02	117.38
4.519	44.80	53.20	70.61	90.14	103.56	111.95	117.38
4.522	44.81	53.22	70.69	90.14	103.56	111.89	117.38
4.525	44.84	53.22	70.77	90.14	103.51	111.85	117.38
4.527	44.85	53.07	70.93	90.14	103.47	111.86	117.27
4.530	44.82	53.02	71.01	90.14	103.42	111.87	117.26
4.533	44.85	53.02	71.06	90.14	103.38	111.88	117.26
4.536	44.89	53.02	70.99	90.14	103.33	111.88	117.26
4.538	44.94	53.02	70.91	90.18	103.29	111.89	117.26
4.541	44.95	53.02	70.84	90.18	103.25	111.90	117.26
4.544	44.94	53.02	70.69	90.14	103.20	111.90	117.26
4.547	44.92	53.02	70.62	90.14	103.15	111.91	117.26
4.549	44.90	53.02	70.56	90.09	103.03	111.92	117.26
4.552	44.88	53.02	70.56	90.07	103.04	111.92	117.26
4.555	44.87	53.02	70.56	90.07	103.03	111.93	117.26
4.558	44.85	53.02	70.56	90.07	102.98	111.93	117.26
4.560	44.83	53.02	70.56	90.14	102.94	111.94	117.26
4.563	44.82	53.02	70.56	90.14	102.90	111.95	117.26
4.566	44.76	52.95	70.78	90.14	102.97	111.94	117.26
4.568	44.70	52.86	71.17	90.18	102.80	111.89	117.26
4.571	44.64	52.79	71.17	90.18	102.76	111.85	117.26
4.574	44.63	52.79	71.17	90.18	102.72	111.85	117.26
4.577	44.63	52.79	71.17	90.18	102.69	111.85	117.26
4.579	44.62	52.79	71.17	90.18	102.69	111.85	117.26
4.582	44.62	52.79	71.17	90.18	102.69	111.85	117.26
4.585	44.61	52.79	71.17	90.18	102.69	111.90	117.26
4.588	44.61	52.79	71.17	90.18	102.69	111.85	117.26
4.590	44.60	52.79	71.12	90.18	102.69	111.85	117.26
4.593	44.60	52.79	71.00	90.17	102.69	111.85	117.26
4.596	44.59	52.41	71.02	90.14	102.69	111.85	117.26
4.599	44.57	52.06	71.07	90.14	102.69	111.85	117.26
4.601	44.56	51.97	71.03	90.14	102.69	111.85	117.26
4.604	44.54	51.88	71.00	90.14	102.69	111.88	117.26
4.607	44.52	51.88	70.96	90.14	102.69	111.91	117.26
4.610	44.50	51.88	70.92	90.04	102.69	111.94	117.26
4.612	44.48	51.90	70.97	90.14	102.95	112.00	117.26
4.615	44.27	51.97	71.05	90.04	102.97	112.03	117.26
4.618	44.06	52.01	70.93	89.87	102.99	112.06	117.26
4.621	44.05	52.05	70.86	89.74	103.01	112.09	117.26
4.623	44.10	52.13	70.91	89.71	103.03	112.12	117.26
4.626	44.10	52.29	70.96	89.71	103.05	112.13	117.26
4.629	44.15	52.44	71.01	89.71	103.07	112.13	117.26
4.632	44.16	52.42	71.06	89.71	103.10	112.14	117.26
4.634	44.20	52.34	71.00	89.71	103.11	112.15	117.26
4.637	44.21	52.25	70.56	89.71	103.04	112.15	117.26
4.640	44.23	52.16	71.17	89.58	102.96	112.16	117.26
4.642	44.03	52.08	71.17	89.45	102.69	112.17	117.26
4.645	43.93	52.05	71.17	89.45	102.65	112.18	117.26
4.648	43.92	52.03	70.56	89.71	102.63	112.19	117.26
4.651	43.90	52.01	70.56	89.70	102.58	112.20	117.26
4.653	43.88	51.99	70.56	89.62	102.58	112.21	117.26
4.656	43.87	51.97	70.56	89.63	102.58	112.21	117.26
4.659	43.86	51.95	70.56	89.71	102.58	112.22	117.26
4.662	43.85	51.92	70.56	89.81	102.57	112.23	117.26
4.664	43.83	51.90	70.56	89.98	102.56	112.21	117.26
4.667	43.82	51.93	70.56	90.07	102.56	112.20	117.26
4.670	43.80	51.95	70.56	90.14	102.56	112.17	117.26
4.673	43.78	51.99	70.56	90.14	102.56	112.16	117.26
4.675	43.76	51.98	70.56	90.14	102.56	112.15	117.26
4.678	43.75	51.88	70.52	90.14	102.56	112.13	117.26
4.681	43.71	52.07	70.42	90.14	102.56	112.12	117.26
4.684	43.69	52.12	70.54	90.14	102.56	112.09	117.26
4.686	43.68	52.20	70.47	90.18	102.56	112.04	117.26
4.689	43.66	52.26	70.42	90.18	102.56	111.98	117.26
4.692	43.64	52.21	70.42	90.18	102.56	111.93	117.26
4.695	43.63	52.16	70.42	90.18	102.56	111.90	117.26
4.697	43.63	52.14	70.42	90.18	102.56	111.97	117.26
4.700	43.63	52.09	70.42	90.18	102.56	112.03	117.26
4.703	43.63	52.07	70.42	90.18	102.56	112.07	117.26
4.705	43.63	52.06	70.42	90.18	102.56	112.12	117.26
4.708	43.63	52.14	70.42	90.18	102.56	112.13	117.26
4.711	43.63	52.28	70.42	90.18	102.56	112.15	117.26
4.714	43.63	52.41	70.42	90.18	102.56	112.16	117.26
4.716	43.63	52.69	70.42	90.18	102.56	112.18	117.26
4.719	43.63	52.79	70.42	90.18	102.56	112.19	117.26
4.722	43.63	52.79	70.42	90.18	102.56	112.21	117.26
4.725	43.63	52.79	70.42	90.18	102.56	112.22	117.26
4.727	43.63	52.79	70.56	90.14	102.56	112.24	117.26
4.730	43.63	52.79	70.56	90.14	102.56	112.24	117.26
4.733	43.63	52.73	70.56	90.14	102.56	112.24	117.26
4.736	43.63	52.61	70.56	90.14	102.56	112.24	117.26
4.738	43.63	52.55	70.56	90.14	102.56	112.24	117.26
4.741	43.63	52.43	70.56	90.07	102.56	112.24	117.26
4.744	43.63	52.37	70.42	90.14	102.56	112.24	117.26
4.747	43.63	52.25	70.42	90.17	102.56	112.24	117.26
4.749	43.87	52.18	70.42	90.18	102.56	112.24	117.26
4.752	43.93	52.12	70.42	90.18	102.56	112.24	117.26
4.755	43.93	52.06	70.42	90.18	102.56	112.24	117.20
4.758	43.93	52.04	70.42	90.18	102.56	112.24	117.14
4.760	43.93	52.01	70.42	90.18	102.56	112.24	117.13
4.763	43.93	51.99	70.42	90.18	102.56	112.24	117.13
4.766	43.93	51.96	70.42	90.18	102.56	112.24	117.13
4.768	43.93	51.95	70.42	90.18	102.56	112.24	117.13
4.771	43.93	51.92	70.42	90.18	102.56	112.24	117.13
4.774	43.93	51.90	70.42	90.18	102.56	112.24	117.13
4.777	43.93	51.88	70.42	90.18	102.56	112.24	117.13
4.779	43.93	51.88	70.42	90.14	102.56	112.24	117.13
4.782	43.93	51.88	70.40	90.14	102.56	112.24	117.13
4.785	43.93	51.88	70.31	90.14	102.56	112.24	117.13
4.788	43.93	51.88	70.22	90.14	102.56	112.24	117.15
4.790	43.93	51.95	70.11	90.14	102.56	112.24	117.17
4.793	43.93	52.01	70.02	90.14	102.56	112.24	117.18
4.796	43.93	52.08	69.93	90.14	102.56	112.24	117.20
4.799	43.93	52.34	69.86	90.14	102.56	112.24	117.22
4.801	43.93	52.59	69.86	90.13	102.56	112.24	117.23
4.804	43.93	52.79	69.86	89.99	102.56	112.24	117.25
4.807	43.93	52.79	69.86	89.92	102.56	112.24	117.26
4.810	43.93	52.79	69.86	89.78	102.56	112.24	117.26
4.812	43.93	52.79	69.86	89.77	102.56	112.24	117.26
4.815	43.93	52.79	69.86	89.79	102.56	112.24	117.26
4.818	43.93	52.79	69.86	89.91	102.56	112.24	117.26
4.821	43.93	52.79	69.86	89.96	102.56	112.24	117.26
4.823	43.93	52.79	69.86	90.02	102.56	112.24	117.26
4.826	43.93	52.79	69.86	90.07	102.56	112.24	117.26
4.829	43.93	52.79	69.82	90.13	102.56	112.24	117.26
4.832	43.93	52.79	69.57	90.14	102.56	112.24	117.26
4.834	43.93	52.79	69.57	90.14	102.56	112.22	117.26
4.837	43.93	52.79	69.57	90.18	102.56	112.19	117.26
4.840	43.90	52.79	69.57	90.18	102.56	112.16	117.26
4.842	43.86	52.79	69.57	90.18	102.56	112.13	117.26
4.845	43.81	52.79	69.57	90.18	102.56	112.07	117.26
4.848	43.74	52.79	69.57	90.18	102.56	111.95	117.26
4.851	43.68	52.79	69.57	90.18	102.56	111.84	117.26
4.853	43.63	52.80	69.57	90.18	102.56	111.84	117.26
4.856	43.63	52.98	69.57	90.18	102.56	111.84	117.26
4.859	43.63	53.02	69.55	90.18	102.56	111.84	117.26
4.862	43.63	53.02	69.55	90.18	102.58	111.84	117.26
4.864	43.63	53.02	69.55	90.18	102.58	111.84	117.26
4.867	43.63	53.02	69.55	90.29	102.58	111.84	117.26
4.870	43.63	53.02	69.55	90.31	102.58	111.84	117.26
4.873	43.63	53.02	69.53	90.31	102.58	111.84	117.26
4.875	43.63	53.02	69.46	90.31	102.58	111.84	117.26
4.878	43.63	53.02	69.39	90.31	102.58	111.84	117.26
4.881	43.63	53.02	69.33	90.31	102.58	111.84	117.26
4.884	43.63	53.02	69.26	90.31	102.58	111.84	117.26
4.886	43.63	53.02	69.19	90.31	102.58	111.84	117.26
4.889	43.63	53.02	69.12	90.31	102.58	111.84	117.26
4.892	43.63	53.02	69.06	90.31	102.58	111.84	117.26
4.895	43.63	53.02	69.06	90.31	102.58	111.84	117.26
4.897	43.63	53.02	69.06	90.31	102.58	111.84	117.26
4.900	43.63	53.02	69.06	90.31	102.58	111.84	117.26
4.903	43.63	53.02	69.06	90.31	102.58	111.84	117.26
4.905	43.63	53.02	69.06	90.31	102.58	111.84	117.26
4.908	43.63	53.02	69.06	90.31	102.58	111.84	117.26
4.911	43.63	53.02	69.06	90.31	102.58	111.84	117.26
4.914	43.63	53.02	69.06	90.31	102.58	111.84	117.26
4.916	43.63	53.02	69.06	90.31	102.58	111.84	117.26
4.919	43.63	52.96	69.06	90.31	102.58	111.84	117.26
4.922	43.63	52.94	69.06	90.31	102.58	111.84	117.26
4.925	43.63	52.91	69.06	90.31	102.58	111.84	117.26
4.927	43.63	52.89	69.06	90.25	102.58	111.84	117.26
4.930	43.63	52.86	69.06	90.18	102.58	111.84	117.26
4.933	43.63	52.84	69.06	90.18	102.58	111.84	117.26
4.936	43.63	52.81	69.06	90.18	102.58	111.84	117.26
4.938	43.63	52.80	69.06	90.18	102.58	111.84	117.26
4.941	43.63	52.79	69.06	90.18	102.58	111.84	117.26
4.944	43.63	52.79	69.06	90.18	102.58	111.84	117.26
4.947	43.63	52.79	69.06	90.18	102.58	111.84	117.26
4.949	43.63	52.79	69.06	90.18	102.58	111.84	117.26
4.952	43.63	52.79	69.06	90.18	102.58	111.84	117.26
4.955	43.63	52.79	69.06	90.18	102.58	111.84	117.26
4.958	43.63	52.79	69.06	90.18	102.58	111.84	117.26
4.960	43.63	52.79	69.06	90.18	102.58	111.84	117.26
4.963	43.63	52.79	69.06	90.18	102.58	111.84	117.26
4.966	43.63	52.79	69.06	90.18	102.58	111.84	117.26
4.968	43.63	52.79	69.06	90.18	102.58	111.84	117.26
4.971	43.63	52.79	69.06	90.18	102.65	111.84	117.26
4.974	43.63	52.79	69.06	90.18	102.65	111.84	117.26
4.977	43.63	52.79	69.06	90.18	102.65	111.84	117.26
4.979	43.63	52.79	69.06	90.18	102.65	111.84	117.26
4.982	43.63	52.79	69.06	90.18	102.65	111.84	117.26
4.985	43.63	52.79	69.06	90.18	102.65	111.84	117.26
4.988	43.63	52.79	69.06	90.18	102.65	111.84	117.26
4.990	43.63	52.79	69.06	90.18	102.65	111.84	117.26
4.993	43.63	52.79	69.06	90.18	102.65	111.84	117.26
4.996	43.63	52.77	69.06	90.18	102.65	111.84	117.26
4.999	43.63	52.77	69.06	90.18	102.65	111.84	117.26