X	Percentil5	Percentil10	Percentil25	Percentil50	Percentil75	Percentil90	Percentil95
2019.501	50.97	11.22	16.91	14.13	9.43	10.65	7.36
2019.504	50.97	11.22	16.91	14.13	9.43	10.65	7.36
2019.507	50.97	11.22	16.91	14.13	9.43	10.65	7.36
2019.510	50.97	11.22	16.91	14.13	9.43	10.65	7.36
2019.512	50.97	11.22	16.91	14.13	9.43	10.65	7.36
2019.515	50.97	11.22	16.91	14.13	9.43	10.65	7.36
2019.518	50.97	11.22	16.91	14.13	9.43	10.65	7.36
2019.521	50.97	11.22	16.91	14.13	9.43	10.65	7.36
2019.523	50.97	11.22	16.91	14.13	9.43	10.65	7.36
2019.526	50.97	11.22	16.91	14.13	9.43	10.65	7.36
2019.529	50.97	11.22	16.91	14.13	9.43	10.65	7.36
2019.531	50.97	11.22	16.91	14.13	9.43	10.65	7.36
2019.534	50.97	11.22	16.91	14.13	9.43	10.65	7.36
2019.537	50.97	11.22	16.91	14.13	9.43	10.65	7.36
2019.540	50.97	11.22	16.91	14.13	9.43	10.65	7.36
2019.542	50.97	11.22	16.91	14.13	9.43	10.65	7.36
2019.545	50.97	11.22	16.91	14.13	9.43	10.65	7.36
2019.548	50.97	11.22	16.91	14.13	9.43	10.65	7.36
2019.551	50.97	11.22	16.91	14.13	9.43	10.65	7.36
2019.553	50.97	11.22	16.91	14.13	9.43	10.65	7.36
2019.556	50.97	11.22	16.91	14.13	9.43	10.65	7.36
2019.559	50.97	11.22	16.91	14.13	9.43	10.65	7.36
2019.562	50.97	11.22	16.91	14.13	9.43	10.65	7.36
2019.564	50.97	11.22	16.91	14.13	9.43	10.65	7.36
2019.567	50.97	11.22	16.91	14.13	9.43	10.65	7.36
2019.570	50.97	11.22	16.91	14.13	9.43	10.65	7.36
2019.572	50.97	11.22	16.91	14.13	9.43	10.65	7.36
2019.575	50.97	11.22	16.91	14.13	9.43	10.65	7.36
2019.578	50.97	11.22	16.91	14.13	9.43	10.65	7.36
2019.581	50.97	11.22	16.91	14.13	9.43	10.65	7.36
2019.583	50.97	11.22	16.91	14.13	9.43	10.65	7.36
2019.586	50.97	11.22	16.91	14.13	9.43	10.65	7.36
2019.589	50.97	11.22	16.91	14.13	9.43	10.65	7.36
2019.592	50.97	11.22	16.91	14.13	9.43	10.65	7.36
2019.594	50.97	11.22	16.91	14.13	9.43	10.65	7.36
2019.597	50.97	11.22	16.91	14.13	9.43	10.65	7.36
2019.600	50.97	11.22	16.91	14.13	9.43	10.65	7.36
2019.603	50.97	11.22	16.91	14.13	9.43	10.65	7.36
2019.605	50.97	11.22	16.91	14.13	9.43	10.65	7.36
2019.608	50.97	11.22	16.91	14.13	9.43	10.65	7.36
2019.611	50.97	11.22	16.91	14.13	9.43	10.65	7.36
2019.614	50.97	11.22	16.91	14.13	9.43	10.65	7.36
2019.616	50.97	11.22	16.91	14.13	9.43	10.65	7.36
2019.619	50.97	11.22	16.91	14.13	9.43	10.65	7.36
2019.622	50.97	11.22	16.91	14.13	9.43	10.65	7.36
2019.624	50.97	11.22	16.91	14.13	9.43	10.65	7.36
2019.627	50.97	11.22	16.91	14.13	9.43	10.65	7.36
2019.630	50.97	11.22	16.91	14.13	9.43	10.65	7.36
2019.633	50.97	11.22	16.91	14.13	9.43	10.65	7.36
2019.635	50.97	11.22	16.91	14.13	9.43	10.65	7.36
2019.638	50.97	11.22	16.91	14.13	9.43	10.65	7.36
2019.641	50.97	11.22	16.91	14.13	9.43	10.65	7.36
2019.644	50.97	11.22	16.91	14.13	9.43	10.65	7.36
2019.646	50.97	11.22	16.91	14.13	9.43	10.65	7.36
2019.649	50.97	11.22	16.91	14.13	9.43	10.65	7.36
2019.652	50.97	11.22	16.91	14.13	9.43	10.65	7.36
2019.655	50.97	11.21	16.91	14.13	9.43	10.65	7.36
2019.657	50.98	11.21	16.91	14.13	9.43	10.65	7.36
2019.660	50.98	11.21	16.91	14.13	9.43	10.65	7.36
2019.663	50.98	11.20	16.91	14.13	9.43	10.65	7.36
2019.665	50.99	11.20	16.91	14.13	9.43	10.65	7.36
2019.668	50.99	11.20	16.91	14.13	9.43	10.65	7.36
2019.671	50.99	11.19	16.91	14.13	9.43	10.65	7.36
2019.674	51.00	11.19	16.91	14.13	9.43	10.65	7.36
2019.676	51.00	11.19	16.91	14.13	9.43	10.65	7.36
2019.679	51.00	11.19	16.91	14.13	9.43	10.65	7.36
2019.682	51.01	11.18	16.91	14.13	9.43	10.65	7.36
2019.685	51.01	11.18	16.91	14.13	9.43	10.65	7.36
2019.687	51.01	11.18	16.91	14.13	9.43	10.65	7.36
2019.690	51.02	11.17	16.91	14.13	9.43	10.65	7.36
2019.693	51.02	11.17	16.91	14.13	9.43	10.65	7.36
2019.696	51.02	11.16	16.91	14.13	9.43	10.65	7.36
2019.698	51.02	11.16	16.91	14.13	9.43	10.65	7.36
2019.701	51.03	11.16	16.91	14.13	9.43	10.65	7.36
2019.704	51.03	11.16	16.91	14.13	9.43	10.65	7.36
2019.707	51.03	11.15	16.91	14.13	9.43	10.65	7.36
2019.709	51.04	11.15	16.91	14.13	9.43	10.65	7.36
2019.712	51.04	11.15	16.91	14.13	9.43	10.65	7.36
2019.715	51.04	11.14	17.04	14.00	9.43	10.65	7.36
2019.717	51.05	11.14	17.08	13.96	9.43	10.65	7.36
2019.720	51.05	11.14	17.08	13.96	9.43	10.65	7.36
2019.723	51.05	11.13	17.08	13.96	9.43	10.65	7.36
2019.726	51.06	11.13	17.08	13.96	9.43	10.65	7.36
2019.728	51.06	11.13	17.08	13.96	9.43	10.65	7.36
2019.731	51.06	11.12	17.08	13.96	9.43	10.65	7.36
2019.734	51.07	11.12	17.08	13.96	9.43	10.65	7.36
2019.737	51.07	11.12	17.08	13.96	9.43	10.65	7.36
2019.739	51.07	11.12	17.08	13.96	9.43	10.65	7.36
2019.742	51.08	11.11	17.08	13.96	9.43	10.65	7.36
2019.745	51.08	11.11	17.08	13.96	9.43	10.65	7.36
2019.748	51.08	11.11	17.09	13.95	9.43	10.65	7.36
2019.750	51.09	11.10	17.10	13.94	9.43	10.65	7.36
2019.753	51.09	11.10	17.11	13.93	9.43	10.65	7.36
2019.756	51.09	11.10	17.12	14.02	9.33	10.65	7.36
2019.758	51.09	11.09	17.13	14.06	9.27	10.65	7.36
2019.761	51.10	11.09	17.16	14.03	9.27	10.65	7.36
2019.764	51.10	11.09	17.19	14.00	9.27	10.65	7.36
2019.767	51.10	11.08	17.22	13.98	9.27	10.65	7.36
2019.769	51.11	11.08	17.24	13.95	9.27	10.65	7.36
2019.772	51.11	11.08	17.27	13.92	9.27	10.65	7.36
2019.775	51.11	11.07	17.30	13.89	9.27	10.65	7.36
2019.778	51.12	11.07	17.33	13.87	9.27	10.65	7.36
2019.780	51.12	11.07	17.36	13.84	9.27	10.65	7.36
2019.783	51.12	11.07	17.38	13.81	9.27	10.65	7.36
2019.786	51.13	11.06	17.39	13.81	9.27	10.65	7.36
2019.789	51.13	11.06	17.39	13.81	9.27	10.65	7.36
2019.791	51.13	11.06	17.39	13.81	9.27	10.65	7.36
2019.794	51.14	11.04	17.39	13.81	9.27	10.65	7.36
2019.797	51.15	11.04	17.39	13.81	9.27	10.65	7.36
2019.800	51.16	11.03	17.39	13.81	9.27	10.65	7.36
2019.802	51.17	11.02	17.39	13.81	9.27	10.65	7.36
2019.805	51.18	11.01	17.39	13.81	9.27	10.65	7.36
2019.808	51.19	11.00	17.39	13.81	9.27	10.65	7.36
2019.810	51.20	10.99	17.39	13.81	9.27	10.65	7.36
2019.813	51.21	10.98	17.39	13.81	9.27	10.65	7.36
2019.816	51.22	10.97	17.39	13.81	9.27	10.65	7.36
2019.819	51.22	10.96	17.39	13.81	9.27	10.65	7.36
2019.821	51.24	10.95	17.39	13.82	9.25	10.65	7.36
2019.824	51.25	10.94	17.39	14.00	9.08	10.65	7.36
2019.827	51.26	10.93	17.39	14.17	8.91	10.65	7.36
2019.830	51.27	10.92	17.39	14.23	8.85	10.65	7.36
2019.832	51.28	10.91	17.39	14.23	8.84	10.65	7.36
2019.835	51.29	10.90	17.39	14.24	8.84	10.65	7.36
2019.838	51.30	10.89	17.39	14.24	8.83	10.65	7.36
2019.841	51.31	10.88	17.39	14.25	8.83	10.65	7.36
2019.843	51.31	10.87	17.39	14.25	8.83	10.65	7.36
2019.846	51.32	10.86	17.39	14.26	8.82	10.65	7.36
2019.849	51.33	10.85	17.39	14.26	8.82	10.65	7.36
2019.851	51.34	10.84	17.39	14.26	8.81	10.65	7.36
2019.854	51.35	10.83	17.39	14.27	8.81	10.65	7.36
2019.857	51.36	10.83	17.39	14.27	8.80	10.65	7.36
2019.860	51.38	10.81	17.39	14.27	8.81	10.65	7.36
2019.862	51.39	10.80	17.39	14.25	8.83	10.65	7.36
2019.865	51.40	10.79	17.39	14.23	8.85	10.65	7.36
2019.868	51.40	10.78	17.39	14.22	8.86	10.65	7.36
2019.871	51.41	10.77	17.39	14.20	8.88	10.65	7.36
2019.873	51.42	10.77	17.39	14.19	8.89	10.65	7.36
2019.876	51.43	10.76	17.39	14.17	8.91	10.65	7.36
2019.879	51.44	11.36	16.77	14.15	8.92	10.65	7.36
2019.882	51.45	11.97	16.15	14.14	8.94	10.65	7.36
2019.884	51.46	13.19	14.92	14.12	8.95	10.65	7.36
2019.887	51.47	13.80	14.31	14.11	8.97	10.65	7.36
2019.890	51.48	14.41	13.69	14.09	8.98	10.65	7.36
2019.893	51.49	15.54	12.55	14.08	9.00	10.65	7.36
2019.895	51.50	15.60	12.48	14.06	9.02	10.65	7.36
2019.898	51.51	15.66	12.41	14.04	9.03	10.65	7.36
2019.901	51.52	15.69	12.36	14.03	9.05	10.65	7.36
2019.903	51.53	15.69	12.36	14.01	9.07	10.65	7.36
2019.906	51.54	15.68	12.36	14.00	9.08	10.65	7.36
2019.909	51.55	15.67	12.35	13.98	9.10	10.65	7.36
2019.912	51.56	15.67	12.35	13.97	9.11	10.65	7.36
2019.914	51.57	15.66	12.35	13.95	9.13	10.65	7.36
2019.917	51.58	15.65	12.34	13.93	9.14	10.65	7.36
2019.920	51.59	15.65	12.34	13.92	9.16	10.65	7.36
2019.923	51.60	15.64	12.34	13.90	9.17	10.65	7.36
2019.925	51.61	15.63	12.34	13.88	9.19	10.65	7.36
2019.928	51.62	15.63	12.33	13.87	9.21	10.65	7.36
2019.931	51.62	15.62	12.33	13.85	9.22	10.65	7.36
2019.934	51.63	15.61	12.33	13.84	9.24	10.65	7.36
2019.936	51.64	15.61	12.33	13.82	9.25	10.65	7.36
2019.939	51.66	15.59	12.32	13.81	9.27	10.65	7.36
2019.942	51.67	15.59	12.32	13.81	9.27	10.65	7.36
2019.944	51.68	15.58	12.32	13.81	9.27	10.65	7.36
2019.947	51.69	15.57	12.31	13.81	9.27	10.65	7.36
2019.950	51.70	15.57	12.31	13.81	9.27	10.65	7.36
2019.953	51.70	15.56	12.31	13.81	9.27	10.65	7.36
2019.955	51.71	15.55	12.31	13.81	9.27	10.65	7.36
2019.958	51.72	15.55	12.30	13.81	9.27	10.65	7.36
2019.961	51.73	15.54	12.30	13.81	9.27	10.65	7.36
2019.964	51.74	15.53	12.30	13.81	9.27	10.65	7.36
2019.966	51.75	15.53	12.30	13.81	9.27	10.65	7.36
2019.969	51.76	15.52	12.29	13.81	9.27	10.65	7.36
2019.972	51.77	15.51	12.29	13.81	9.27	10.65	7.36
2019.975	51.78	15.51	12.29	13.81	9.27	10.65	7.36
2019.977	51.79	15.50	12.29	13.81	9.27	10.65	7.36
2019.980	51.80	15.49	12.28	13.81	9.27	10.65	7.36
2019.983	51.81	15.48	12.28	13.81	9.27	10.65	7.36
2019.986	51.82	15.47	12.28	13.81	9.27	10.65	7.36
2019.988	51.83	15.47	12.28	13.81	9.27	10.65	7.36
2019.991	51.84	15.46	12.27	13.81	9.27	10.65	7.36
2019.994	51.85	15.45	12.27	13.81	9.27	10.65	7.36
2019.996	51.86	15.45	12.27	13.81	9.27	10.65	7.36
2019.999	51.87	15.44	12.26	13.81	9.27	10.65	7.36
2020.002	51.88	15.44	12.26	13.81	9.27	10.65	7.36
2020.005	51.89	15.43	12.26	13.81	9.27	10.65	7.36
2020.007	51.90	15.42	12.26	13.81	9.27	10.65	7.36
2020.010	51.91	15.42	12.25	13.81	9.27	10.65	7.36
2020.013	51.92	15.41	12.25	13.81	9.27	10.65	7.36
2020.016	51.92	15.40	12.25	13.81	9.27	10.65	7.36
2020.018	51.94	15.39	12.25	13.81	9.27	10.65	7.36
2020.021	51.95	15.38	12.24	13.81	9.27	10.65	7.36
2020.024	51.96	15.37	12.24	13.81	9.27	10.65	7.36
2020.027	51.97	15.37	12.24	13.81	9.27	10.65	7.36
2020.029	51.98	15.36	12.24	13.81	9.27	10.65	7.36
2020.032	51.99	15.36	12.23	13.81	9.27	10.65	7.36
2020.035	52.00	15.35	12.23	13.81	9.27	10.65	7.36
2020.037	52.01	15.34	12.23	13.81	9.27	10.65	7.36
2020.040	52.01	15.34	12.23	13.81	9.27	10.65	7.36
2020.043	52.02	15.33	12.22	13.81	9.27	10.65	7.36
2020.046	52.03	15.32	12.22	13.81	9.27	10.65	7.36
2020.048	52.04	15.31	12.22	13.81	9.27	10.65	7.36
2020.051	52.05	15.31	12.21	13.81	9.27	10.65	7.36
2020.054	52.06	15.30	12.21	13.81	9.27	10.65	7.36
2020.057	52.07	15.30	12.21	13.81	9.27	10.65	7.36
2020.059	52.09	15.28	12.22	13.80	9.27	10.65	7.36
2020.062	52.10	15.28	12.22	13.79	9.27	10.65	7.36
2020.065	52.10	15.27	12.25	13.76	9.27	10.65	7.36
2020.068	52.11	15.26	12.26	13.75	9.27	10.65	7.36
2020.070	52.12	15.26	12.26	13.74	9.27	10.65	7.36
2020.073	52.13	15.25	12.30	13.70	9.27	10.65	7.36
2020.076	52.14	15.24	12.33	13.67	9.27	10.65	7.36
2020.079	52.15	15.24	12.36	13.63	9.27	10.65	7.36
2020.081	52.16	15.23	12.41	13.58	9.27	10.65	7.36
2020.084	52.17	15.22	12.40	13.58	9.27	10.65	7.36
2020.087	52.18	15.22	12.40	13.58	9.27	10.65	7.36
2020.089	52.19	15.20	12.41	13.58	9.27	10.65	7.36
2020.092	52.20	15.18	12.42	13.58	9.27	10.65	7.36
2020.095	52.21	15.17	12.42	13.58	9.27	10.65	7.36
2020.098	52.22	15.15	12.43	13.58	9.27	10.65	7.36
2020.100	52.23	15.13	12.43	13.58	9.27	10.65	7.36
2020.103	52.24	15.11	12.44	13.58	9.27	10.65	7.36
2020.106	52.25	15.10	12.45	13.58	9.27	10.65	7.36
2020.109	52.26	15.09	12.45	13.58	9.27	10.65	7.36
2020.111	52.27	15.07	12.46	13.58	9.27	10.65	7.36
2020.114	52.28	15.06	12.46	13.58	9.27	10.65	7.36
2020.117	52.29	15.04	12.47	13.58	9.27	10.65	7.36
2020.120	52.30	15.07	12.43	13.58	9.27	10.65	7.36
2020.122	52.31	15.15	12.34	13.58	9.27	10.65	7.36
2020.125	52.31	15.19	12.29	13.58	9.27	10.65	7.36
2020.128	52.32	15.26	12.21	13.58	9.27	10.65	7.36
2020.130	52.33	15.30	12.17	13.58	9.27	10.65	7.36
2020.133	52.34	15.38	12.08	13.58	9.27	10.65	7.36
2020.136	52.35	15.46	11.99	13.58	9.27	10.65	7.36
2020.139	52.37	15.49	11.94	13.58	9.27	10.65	7.36
2020.141	52.38	15.56	11.86	13.58	9.27	10.65	7.36
2020.144	52.38	15.64	11.77	13.58	9.27	10.65	7.36
2020.147	52.40	15.68	11.72	13.58	9.27	10.65	7.36
2020.150	52.40	15.76	11.63	13.58	9.27	10.65	7.36
2020.152	52.41	15.79	11.60	13.58	9.27	10.65	7.36
2020.155	52.42	15.87	11.51	13.58	9.27	10.65	7.36
2020.158	52.43	15.95	11.41	13.58	9.27	10.65	7.36
2020.161	52.44	15.98	11.37	13.58	9.27	10.65	7.36
2020.163	52.45	16.06	11.28	13.58	9.27	10.65	7.36
2020.166	52.46	16.09	11.24	13.58	9.27	10.65	7.36
2020.169	52.47	16.17	11.15	13.58	9.27	10.65	7.36
2020.171	52.48	16.25	11.06	13.58	9.27	10.65	7.36
2020.174	52.49	16.29	11.02	13.58	9.27	10.65	7.36
2020.177	52.50	16.28	11.02	13.58	9.27	10.65	7.36
2020.180	52.51	16.23	11.06	13.58	9.27	10.65	7.36
2020.182	52.52	16.18	11.09	13.58	9.27	10.65	7.36
2020.185	52.53	16.14	11.12	13.58	9.27	10.65	7.36
2020.188	52.54	16.09	11.16	13.58	9.27	10.65	7.36
2020.191	52.55	16.01	11.24	13.58	9.27	10.65	7.36
2020.193	52.56	15.96	11.27	13.58	9.27	10.65	7.36
2020.196	52.57	15.92	11.31	13.58	9.27	10.65	7.36
2020.199	52.58	15.87	11.35	13.58	9.27	10.65	7.36
2020.202	52.59	15.78	11.43	13.58	9.27	10.65	7.36
2020.204	52.60	15.74	11.46	13.58	9.27	10.65	7.36
2020.207	52.61	15.70	11.50	13.58	9.27	10.65	7.36
2020.210	52.61	15.65	11.53	13.58	9.27	10.65	7.36
2020.213	52.62	15.60	11.57	13.58	9.27	10.65	7.36
2020.215	52.63	15.51	11.65	13.58	9.27	10.65	7.36
2020.218	52.65	15.46	11.68	13.58	9.27	10.65	7.36
2020.221	52.66	15.42	11.72	13.58	9.27	10.65	7.36
2020.223	52.67	15.37	11.76	13.58	9.27	10.65	7.36
2020.226	52.68	15.29	11.83	13.58	9.27	10.65	7.36
2020.229	52.68	15.24	11.87	13.58	9.27	10.65	7.36
2020.232	52.70	15.20	11.90	13.58	9.27	10.65	7.36
2020.234	52.70	15.15	11.94	13.58	9.27	10.65	7.36
2020.237	52.71	15.11	11.98	13.58	9.27	10.65	7.36
2020.240	52.72	15.02	12.05	13.58	9.27	10.65	7.36
2020.243	52.73	14.98	12.09	13.58	9.27	10.65	7.36
2020.245	52.74	14.93	12.13	13.58	9.27	10.65	7.36
2020.248	52.75	14.89	12.16	13.58	9.27	10.65	7.36
2020.251	52.76	14.79	12.24	13.58	9.27	10.65	7.36
2020.254	52.77	14.75	12.28	13.58	9.27	10.65	7.36
2020.256	52.78	14.71	12.31	13.58	9.27	10.65	7.36
2020.259	52.79	14.65	12.35	13.58	9.27	10.65	7.36
2020.262	52.80	14.61	12.38	13.58	9.27	10.65	7.36
2020.264	52.81	14.53	12.46	13.58	9.27	10.65	7.36
2020.267	52.82	14.48	12.50	13.58	9.27	10.65	7.36
2020.270	52.83	14.45	12.51	13.58	9.27	10.65	7.36
2020.273	52.84	14.49	12.47	13.58	9.27	10.65	7.36
2020.275	52.85	14.52	12.42	13.58	9.27	10.65	7.36
2020.278	52.86	14.56	12.37	13.58	9.27	10.65	7.36
2020.281	52.87	14.60	12.33	13.58	9.27	10.65	7.36
2020.284	52.88	14.64	12.28	13.58	9.27	10.65	7.36
2020.286	52.89	14.67	12.24	13.58	9.27	10.65	7.36
2020.289	52.89	14.71	12.19	13.58	9.27	10.65	7.36
2020.292	52.91	14.75	12.14	13.59	9.26	10.65	7.36
2020.295	52.91	14.78	12.10	13.62	9.24	10.65	7.36
2020.297	52.93	14.85	12.01	13.64	9.22	10.65	7.36
2020.300	52.94	14.89	11.97	13.66	9.19	10.65	7.36
2020.303	52.95	14.93	11.92	13.71	9.15	10.65	7.36
2020.306	52.96	14.96	11.87	13.73	9.12	10.65	7.36
2020.308	52.97	15.00	11.83	13.75	9.10	10.65	7.36
2020.311	52.98	15.02	11.79	13.78	9.08	10.65	7.36
2020.314	52.98	15.06	11.75	13.82	9.03	10.65	7.36
2020.316	52.99	15.09	11.71	13.85	9.01	10.65	7.36
2020.319	53.00	15.12	11.67	13.87	8.99	10.65	7.36
2020.322	53.01	15.19	11.60	13.91	8.94	10.65	7.36
2020.325	53.02	15.22	11.55	13.94	8.92	10.65	7.36
2020.327	53.03	15.25	11.51	13.96	8.90	10.65	7.36
2020.330	53.04	15.28	11.47	13.98	8.87	10.65	7.36
2020.333	53.05	15.31	11.43	14.03	8.83	10.65	7.36
2020.336	53.05	15.35	11.40	14.04	8.80	10.65	7.36
2020.338	53.05	15.39	11.37	14.06	8.78	10.65	7.36
2020.341	53.06	15.43	11.33	14.10	8.74	10.65	7.36
2020.344	53.06	15.46	11.30	14.12	8.71	10.65	7.36
2020.347	53.06	15.50	11.26	14.13	8.70	10.65	7.36
2020.349	53.07	15.58	11.19	14.10	8.71	10.65	7.36
2020.352	53.07	15.61	11.16	14.08	8.73	10.65	7.36
2020.355	53.07	15.65	11.13	14.05	8.75	10.65	7.36
2020.357	53.08	15.69	11.11	14.01	8.77	10.65	7.36
2020.360	53.08	15.72	11.08	13.98	8.79	10.65	7.36
2020.363	53.08	15.76	11.07	13.94	8.80	10.65	7.36
2020.366	53.09	15.80	11.04	13.89	8.84	10.65	7.36
2020.368	53.09	15.84	11.01	13.86	8.86	10.65	7.36
2020.371	53.09	15.87	11.00	13.82	8.87	10.65	7.36
2020.374	53.09	15.95	10.93	13.79	8.89	10.65	7.36
2020.377	53.10	15.98	10.90	13.75	8.91	10.65	7.36
2020.379	53.10	16.02	10.89	13.71	8.93	10.65	7.36
2020.382	53.10	16.06	10.86	13.68	8.95	10.65	7.36
2020.385	53.11	16.10	10.85	13.64	8.96	10.65	7.36
2020.388	53.11	16.13	10.82	13.59	9.00	10.65	7.36
2020.390	53.12	16.17	10.79	13.56	9.02	10.65	7.36
2020.393	53.12	16.21	10.77	13.52	9.03	10.65	7.36
2020.396	53.12	16.25	10.75	13.49	9.05	10.65	7.36
2020.399	53.12	16.28	10.73	13.44	9.07	10.65	7.36
2020.401	53.13	16.36	10.67	13.41	9.09	10.65	7.36
2020.404	53.13	16.40	10.64	13.38	9.11	10.65	7.36
2020.407	53.13	16.43	10.62	13.34	9.12	10.65	7.36
2020.409	53.14	16.47	10.59	13.29	9.16	10.65	7.36
2020.412	53.14	16.51	10.57	13.26	9.18	10.65	7.36
2020.415	53.14	16.54	10.55	13.22	9.19	10.65	7.36
2020.418	53.15	16.58	10.52	13.19	9.21	10.65	7.36
2020.420	53.15	16.62	10.50	13.15	9.23	10.65	7.36
2020.423	53.15	16.86	10.28	13.12	9.25	10.65	7.36
2020.426	53.16	16.98	10.17	13.09	9.27	10.65	7.36
2020.429	53.16	17.09	10.07	13.05	9.29	10.63	7.36
2020.431	53.16	17.21	9.97	13.04	9.30	10.62	7.36
2020.434	53.17	17.32	9.86	13.03	9.31	10.61	7.36
2020.437	53.21	17.52	9.65	13.00	9.33	10.59	7.36
2020.440	53.23	17.62	9.54	12.99	9.34	10.58	7.36
2020.442	53.24	17.72	9.45	12.97	9.35	10.57	7.36
2020.445	53.26	17.82	9.34	12.94	9.38	10.55	7.36
2020.448	53.28	18.05	9.11	12.91	9.41	10.54	7.36
2020.450	53.32	18.13	9.02	12.87	9.45	10.53	7.36
2020.453	53.33	18.23	8.91	12.84	9.48	10.51	7.36
2020.456	53.35	18.33	8.82	12.79	9.51	10.50	7.36
2020.459	53.37	18.44	8.71	12.76	9.54	10.48	7.36
2020.461	53.39	18.66	8.48	12.73	9.57	10.47	7.36
2020.464	53.42	18.74	8.39	12.69	9.60	10.46	7.36
2020.467	53.44	18.84	8.28	12.66	9.64	10.44	7.36
2020.470	53.46	18.95	8.17	12.63	9.67	10.43	7.36
2020.472	53.47	19.17	7.96	12.58	9.70	10.42	7.36
2020.475	53.49	19.27	7.85	12.55	9.74	10.40	7.36
2020.478	53.53	19.35	7.76	12.51	9.77	10.39	7.36
2020.481	53.54	19.45	7.65	12.48	9.80	10.38	7.36
2020.483	53.56	19.56	7.55	12.45	9.83	10.36	7.36
2020.486	53.58	19.78	7.33	12.40	9.86	10.35	7.36
2020.489	53.60	19.88	7.23	12.39	9.88	10.33	7.36
2020.492	53.63	19.96	7.13	12.36	9.89	10.32	7.36
2020.494	53.65	20.07	7.02	12.35	9.90	10.31	7.36
2020.497	53.67	20.29	6.80	12.34	9.92	10.29	7.36
2020.500	53.68	20.30	6.79	12.31	9.93	10.28	7.36
2020.502	53.70	20.29	6.79	12.30	9.94	10.27	7.36
2020.505	53.74	20.27	6.79	12.29	9.96	10.25	7.36
2020.508	53.75	20.27	6.83	12.25	9.96	10.24	7.36
2020.511	53.77	20.28	6.85	12.21	9.97	10.23	7.36
2020.513	53.79	20.27	6.88	12.18	9.97	10.21	7.36
2020.516	53.81	20.26	6.93	12.14	9.97	10.20	7.36
2020.519	53.84	20.22	6.98	12.10	9.98	10.19	7.36
2020.522	53.86	20.20	7.02	12.07	9.98	10.17	7.36
2020.524	53.88	20.18	7.07	12.03	9.99	10.16	7.36
2020.527	53.90	20.16	7.11	12.01	9.98	10.15	7.36
2020.530	53.92	20.13	7.16	11.97	9.98	10.13	7.36
2020.533	53.96	20.09	7.21	11.93	9.99	10.12	7.36
2020.535	53.98	20.06	7.26	11.90	9.99	10.11	7.36
2020.538	54.01	20.04	7.31	11.86	9.99	10.09	7.36
2020.541	54.03	20.02	7.34	11.84	10.00	10.08	7.36
2020.543	54.07	19.97	7.40	11.79	10.00	10.07	7.36
2020.546	54.09	19.95	7.50	11.71	10.01	10.05	7.36
2020.549	54.11	19.93	7.56	11.67	10.00	10.04	7.36
2020.552	54.14	19.90	7.59	11.65	10.00	10.02	7.36
2020.554	54.16	19.88	7.60	11.65	10.01	10.01	7.36
2020.557	54.20	19.84	7.61	11.65	10.01	10.00	7.36
2020.560	54.22	19.81	7.61	11.66	10.01	9.98	7.36
2020.563	54.24	19.79	7.62	11.66	10.02	9.97	7.36
2020.565	54.26	19.76	7.63	11.67	10.02	9.96	7.36
2020.568	54.29	19.74	7.64	11.68	10.01	9.94	7.36
2020.571	54.33	19.70	7.66	11.69	10.00	9.93	7.36
2020.574	54.35	19.67	7.67	11.70	9.98	9.91	7.36
2020.576	54.37	19.65	7.69	11.72	9.97	9.90	7.36
2020.579	54.39	19.63	7.72	11.72	9.96	9.89	7.36
2020.582	54.41	19.60	7.73	11.74	9.94	9.87	7.36
2020.585	54.46	19.56	7.76	11.73	9.94	9.86	7.36
2020.587	54.48	19.54	7.77	11.73	9.94	9.85	7.36
2020.590	54.50	19.51	7.78	11.74	9.93	9.83	7.36
2020.593	54.50	19.51	7.81	11.73	9.93	9.82	7.36
2020.595	54.51	19.50	7.83	11.73	9.92	9.81	7.36
2020.598	54.52	19.49	7.84	11.73	9.91	9.81	7.36
2020.601	54.52	19.48	7.87	11.72	9.91	9.80	7.36
2020.604	54.53	19.47	7.88	11.71	9.90	9.80	7.36
2020.606	54.53	19.47	7.91	11.70	9.90	9.79	7.36
2020.609	54.54	19.46	7.92	11.71	9.88	9.79	7.36
2020.612	54.55	19.45	7.94	11.70	9.88	9.79	7.36
2020.615	54.55	19.44	7.97	11.68	9.88	9.78	7.36
2020.617	54.57	19.43	7.98	11.66	9.89	9.78	7.36
2020.620	54.57	19.42	8.01	11.64	9.90	9.77	7.36
2020.623	54.58	19.41	8.02	11.62	9.90	9.77	7.36
2020.626	54.58	19.40	8.02	11.62	9.91	9.76	7.36
2020.628	54.59	19.40	8.02	11.61	9.92	9.76	7.36
2020.631	54.60	19.39	8.06	11.57	9.93	9.75	7.36
2020.634	54.60	19.38	8.12	11.50	9.94	9.75	7.36
2020.636	54.61	19.37	8.19	11.44	9.95	9.74	7.36
2020.639	54.61	19.36	8.25	11.38	9.96	9.74	7.36
2020.642	54.62	19.36	8.27	11.35	9.97	9.73	7.36
2020.645	54.63	19.35	8.29	11.33	9.98	9.73	7.36
2020.647	54.63	19.34	8.30	11.31	9.98	9.73	7.36
2020.650	54.64	19.32	8.34	11.29	9.99	9.72	7.36
2020.653	54.64	19.30	8.36	11.27	10.01	9.71	7.36
2020.656	54.66	19.26	8.41	11.25	10.02	9.70	7.36
2020.658	54.66	19.24	8.45	11.22	10.04	9.69	7.36
2020.661	54.67	19.22	8.47	11.20	10.05	9.68	7.36
2020.664	54.68	19.20	8.51	11.17	10.06	9.67	7.36
2020.667	54.68	19.18	8.54	11.16	10.08	9.67	7.36
2020.669	54.69	19.16	8.57	11.14	10.09	9.66	7.36
2020.672	54.69	19.13	8.62	11.15	10.06	9.65	7.36
2020.675	54.70	19.10	8.65	11.16	10.05	9.64	7.36
2020.678	54.71	19.08	8.69	11.15	10.02	9.64	7.36
2020.680	54.71	19.06	8.70	11.19	9.98	9.65	7.36
2020.683	54.72	19.05	8.71	11.22	9.96	9.65	7.36
2020.686	54.72	19.12	8.61	11.26	9.94	9.65	7.36
2020.688	54.73	19.15	8.57	11.31	9.89	9.65	7.36
2020.691	54.74	19.18	8.52	11.34	9.87	9.65	7.36
2020.694	54.74	19.21	8.47	11.37	9.85	9.65	7.36
2020.697	54.75	19.22	8.44	11.42	9.81	9.65	7.36
2020.699	54.76	19.22	8.42	11.46	9.79	9.65	7.36
2020.702	54.77	19.22	8.41	11.49	9.77	9.65	7.36
2020.705	54.77	19.21	8.40	11.54	9.72	9.65	7.36
2020.708	54.78	19.21	8.38	11.58	9.70	9.65	7.36
2020.710	54.79	19.21	8.36	11.61	9.67	9.65	7.36
2020.713	54.79	19.21	8.34	11.65	9.65	9.66	7.36
2020.716	54.80	19.21	8.33	11.70	9.60	9.66	7.36
2020.719	54.80	19.22	8.31	11.74	9.57	9.66	7.36
2020.721	54.81	19.23	8.28	11.78	9.56	9.65	7.36
2020.724	54.82	19.24	8.25	11.83	9.54	9.62	7.36
2020.727	54.82	19.24	8.23	11.86	9.56	9.58	7.36
2020.729	54.83	19.25	8.21	11.90	9.56	9.55	7.36
2020.732	54.83	19.26	8.19	11.96	9.56	9.50	7.36
2020.735	54.85	19.26	8.15	12.00	9.58	9.46	7.36
2020.738	54.85	19.27	8.13	12.03	9.58	9.43	7.36
2020.740	54.86	19.28	8.11	12.07	9.60	9.38	7.36
2020.743	54.87	19.29	8.08	12.08	9.63	9.36	7.36
2020.746	54.87	19.29	8.06	12.09	9.67	9.31	7.36
2020.749	54.88	19.30	8.03	12.11	9.72	9.26	7.36
2020.751	54.88	19.31	8.01	12.12	9.74	9.24	7.36
2020.754	54.89	19.32	7.98	12.13	9.76	9.22	7.36
2020.757	54.90	19.32	7.96	12.15	9.76	9.21	7.36
2020.760	54.90	19.33	7.94	12.16	9.77	9.20	7.36
2020.762	54.91	19.34	7.92	12.18	9.78	9.19	7.36
2020.765	54.91	19.34	7.89	12.20	9.78	9.18	7.36
2020.768	54.92	19.34	7.88	12.21	9.79	9.17	7.36
2020.771	54.93	19.35	7.85	12.22	9.80	9.15	7.36
2020.773	54.93	19.35	7.84	12.23	9.80	9.15	7.36
2020.776	54.94	19.34	7.83	12.24	9.81	9.13	7.36
2020.779	54.95	19.35	7.82	12.25	9.81	9.13	7.36
2020.781	54.96	19.35	7.80	12.25	9.82	9.11	7.36
2020.784	54.96	19.35	7.79	12.26	9.83	9.10	7.36
2020.787	54.97	19.36	7.78	12.27	9.83	9.09	7.36
2020.790	54.98	19.36	7.76	12.27	9.84	9.08	7.36
2020.792	54.98	19.36	7.75	12.28	9.85	9.07	7.36
2020.795	54.99	19.37	7.74	12.29	9.86	9.06	7.36
2020.798	54.99	19.37	7.72	12.29	9.94	8.97	7.36
2020.801	55.00	19.37	7.71	12.31	9.98	8.93	7.36
2020.803	55.01	19.38	7.70	12.31	10.03	8.88	7.36
2020.806	55.01	19.38	7.68	12.32	10.07	8.83	7.36
2020.809	55.02	19.39	7.67	12.33	10.15	8.75	7.36
2020.812	55.02	19.39	7.66	12.33	10.19	8.70	7.36
2020.814	55.03	19.39	7.65	12.34	10.23	8.66	7.36
2020.817	55.04	19.39	7.63	12.35	10.31	8.57	7.36
2020.820	55.05	19.39	7.62	12.35	10.36	8.52	7.36
2020.822	55.06	19.39	7.61	12.36	10.40	8.48	7.36
2020.825	55.06	19.40	7.60	12.37	10.44	8.43	7.36
2020.828	55.07	19.40	7.58	12.38	10.52	8.35	7.36
2020.831	55.07	19.40	7.57	12.50	10.45	8.30	7.36
2020.833	55.08	19.41	7.56	12.57	10.43	8.25	7.36
2020.836	55.09	19.41	7.54	12.65	10.43	8.17	7.36
2020.839	55.09	19.41	7.53	12.72	10.41	8.12	7.36
2020.842	55.10	19.42	7.51	12.86	10.33	8.07	7.36
2020.844	55.10	19.42	7.50	12.94	10.30	8.03	7.36
2020.847	55.11	19.42	7.49	13.01	10.30	7.96	7.36
2020.850	55.12	19.43	7.48	13.09	10.27	7.92	7.36
2020.853	55.12	19.43	7.47	13.16	10.23	7.89	7.36
2020.855	55.13	19.43	7.45	13.30	10.17	7.82	7.36
2020.858	55.14	19.43	7.44	13.37	10.13	7.78	7.36
2020.861	55.15	19.43	7.43	13.44	10.10	7.75	7.36
2020.864	55.15	19.44	7.42	13.51	10.06	7.71	7.36
2020.866	55.16	19.44	7.40	13.66	9.99	7.64	7.36
2020.869	55.17	19.44	7.37	13.69	10.02	7.61	7.36
2020.872	55.17	19.45	7.34	13.72	10.05	7.57	7.36
2020.874	55.18	19.45	7.32	13.73	10.08	7.53	7.36
2020.877	55.18	19.45	7.30	13.75	10.15	7.47	7.36
2020.880	55.19	19.46	7.27	13.77	10.18	7.43	7.36
2020.883	55.20	19.46	7.24	13.83	10.17	7.39	7.36
2020.885	55.20	19.46	7.22	13.92	10.15	7.35	7.36
2020.888	55.21	19.47	7.19	13.97	10.13	7.33	7.36
2020.891	55.23	19.46	7.17	14.06	10.07	7.32	7.36
2020.894	55.25	19.45	7.14	14.11	10.05	7.30	7.36
2020.896	55.28	19.42	7.12	14.19	10.01	7.27	7.36
2020.899	55.30	19.41	7.09	14.28	9.95	7.26	7.36
2020.902	55.32	19.40	7.06	14.33	9.93	7.24	7.36
2020.905	55.34	19.39	7.02	14.44	9.89	7.22	7.36
2020.907	55.37	19.37	7.00	14.52	9.83	7.20	7.36
2020.910	55.38	19.37	6.97	14.55	9.83	7.19	7.36
2020.913	55.41	19.35	6.95	14.56	9.85	7.17	7.36
2020.915	55.43	19.34	6.92	14.58	9.88	7.14	7.36
2020.918	55.45	19.33	6.89	14.59	9.90	7.13	7.36
2020.921	55.48	19.31	6.87	14.60	9.92	7.11	7.36
2020.924	55.50	19.30	6.86	14.60	9.93	7.11	7.36
2020.926	55.52	19.28	6.85	14.61	9.93	7.10	7.36
2020.929	55.54	19.28	6.83	14.61	9.94	7.10	7.36
2020.932	55.57	19.26	6.81	14.61	9.94	7.10	7.36
2020.935	55.59	19.25	6.80	14.62	9.95	7.09	7.36
2020.937	55.62	19.23	6.78	14.62	9.96	7.09	7.16
2020.940	55.63	19.23	6.77	14.62	9.96	7.09	6.70
2020.943	55.66	19.21	6.75	14.63	9.97	7.08	6.42
2020.946	55.69	19.19	6.70	14.66	9.98	7.08	5.86
2020.948	55.70	19.18	6.66	14.69	9.98	7.07	5.58
2020.951	55.73	19.17	6.62	14.72	9.99	7.07	5.30
2020.954	55.75	19.16	6.59	14.74	10.00	7.07	4.75
2020.957	55.77	19.14	6.55	14.77	10.00	7.06	4.47
2020.959	55.79	19.14	6.51	14.79	10.01	7.06	4.28
2020.962	55.82	19.12	6.47	14.82	10.02	7.05	4.28
2020.965	55.83	19.11	6.43	14.84	10.02	7.05	4.28
2020.967	55.86	19.10	6.40	14.87	10.03	7.05	4.28
2020.970	55.88	19.09	6.35	14.90	10.03	7.04	4.28
2020.973	55.90	19.07	6.31	14.93	10.04	7.04	4.28
2020.976	55.93	19.05	6.27	14.96	10.05	7.04	4.28
2020.978	55.95	19.04	6.24	14.98	10.05	7.03	4.28
2020.981	55.98	19.02	6.20	15.01	10.06	7.03	4.28
2020.984	55.99	19.02	6.16	15.03	10.06	7.03	4.28
2020.987	56.02	19.00	6.12	15.06	10.07	7.02	4.28
2020.989	56.04	18.99	6.08	15.09	10.08	7.02	4.28
2020.992	56.06	18.98	6.04	15.12	10.08	7.01	4.28
2020.995	56.08	18.97	6.00	15.14	10.09	7.01	4.28
2020.998	56.11	18.95	5.96	15.18	10.09	7.01	4.29
2021.000	56.13	18.94	5.92	15.20	10.10	7.00	4.35
2021.003	56.15	18.93	5.88	15.22	10.13	6.98	4.47
2021.006	56.18	18.91	5.85	15.24	10.17	6.94	4.53
2021.008	56.19	18.91	5.82	15.26	10.21	6.90	4.59
2021.011	56.22	18.89	5.78	15.29	10.25	6.86	4.72
2021.014	56.24	18.88	5.75	15.31	10.29	6.82	4.78
2021.017	56.27	18.86	5.72	15.33	10.33	6.78	4.90
2021.019	56.29	18.85	5.69	15.35	10.36	6.74	4.96
2021.022	56.31	18.84	5.66	15.37	10.40	6.71	5.08
2021.025	56.34	18.82	5.64	15.39	10.44	6.67	5.14
2021.028	56.36	18.87	5.55	15.42	10.48	6.63	5.20
2021.030	56.35	18.94	5.47	15.43	10.52	6.59	5.32
2021.033	56.35	18.94	5.46	15.45	10.54	6.56	5.38
2021.036	56.34	18.95	5.43	15.47	10.55	6.55	5.53
2021.039	56.34	18.95	5.41	15.49	10.55	6.55	5.65
2021.041	56.33	18.97	5.39	15.51	10.54	6.55	5.89
2021.044	56.33	18.98	5.36	15.53	10.54	6.55	6.01
2021.047	56.32	18.99	5.35	15.54	10.54	6.55	6.13
2021.050	56.32	19.00	5.78	15.10	10.54	6.55	6.37
2021.052	56.31	19.02	5.92	14.95	10.54	6.55	6.49
2021.055	56.31	19.02	5.40	15.47	10.54	6.55	6.73
2021.058	56.31	19.04	5.24	15.62	10.54	6.55	6.83
2021.060	56.30	19.05	5.23	15.63	10.54	6.55	7.03
2021.063	56.30	19.06	5.20	15.65	10.53	6.55	7.13
2021.066	56.29	19.08	5.17	15.67	10.54	6.55	7.22
2021.069	56.29	19.08	5.15	15.68	10.53	6.55	7.36
2021.071	56.28	19.10	5.13	15.71	10.53	6.55	7.36
2021.074	56.28	19.10	5.11	15.72	10.53	6.55	7.36
2021.077	56.27	19.12	5.09	15.73	10.53	6.55	7.36
2021.080	56.26	19.10	5.09	15.76	10.53	6.55	7.36
2021.082	56.26	19.01	5.18	15.76	10.53	6.55	7.36
2021.085	56.25	19.02	5.16	15.78	10.53	6.55	7.36
2021.088	56.25	19.03	5.16	15.78	10.53	6.55	7.36
2021.091	56.25	19.04	5.15	15.78	10.52	6.55	7.36
2021.093	56.24	19.05	5.16	15.77	10.52	6.55	7.36
2021.096	56.24	19.05	5.17	15.76	10.52	6.55	7.36
2021.099	56.24	19.06	5.19	15.74	10.52	6.55	7.36
2021.101	56.23	19.07	5.20	15.72	10.52	6.55	7.36
2021.104	56.23	19.07	5.20	15.72	10.52	6.55	7.36
2021.107	56.22	19.09	5.22	15.70	10.52	6.55	7.36
2021.110	56.22	19.10	5.23	15.68	10.52	6.55	7.36
2021.112	56.22	19.10	5.24	15.67	10.51	6.55	7.36
2021.115	56.21	19.11	5.26	15.66	10.51	6.55	7.36
2021.118	56.21	19.11	5.28	15.63	10.51	6.55	7.36
2021.121	56.20	19.12	5.28	15.63	10.51	6.55	7.36
2021.123	56.20	19.13	5.30	15.61	10.51	6.55	7.36
2021.126	56.19	19.13	5.32	15.59	10.50	6.55	7.36
2021.129	56.19	19.14	5.34	15.58	10.49	6.56	7.36
2021.132	56.18	19.15	5.35	15.57	10.49	6.57	7.36
2021.134	56.19	19.12	5.39	15.55	10.46	6.59	7.36
2021.137	56.22	19.07	5.42	15.53	10.43	6.62	7.36
2021.140	56.25	19.03	5.45	15.52	10.41	6.64	7.36
2021.143	56.27	18.99	5.48	15.51	10.38	6.66	7.36
2021.145	56.30	18.94	5.52	15.49	10.37	6.68	7.36
2021.148	56.33	18.90	5.54	15.48	10.33	6.71	7.36
2021.151	56.36	18.84	5.59	15.46	10.31	6.74	7.36
2021.153	56.38	18.79	5.63	15.44	10.29	6.75	7.36
2021.156	56.41	18.75	5.65	15.44	10.26	6.78	7.36
2021.159	56.24	18.90	5.69	15.42	10.26	6.78	7.36
2021.162	55.89	19.24	5.73	15.40	10.26	6.78	7.37
2021.164	55.54	19.57	5.75	15.40	10.26	6.78	7.37
2021.167	55.38	19.72	5.79	15.37	10.26	6.77	7.37
2021.170	55.09	19.99	5.83	15.36	10.26	6.77	7.37
2021.173	54.94	20.12	5.86	15.34	10.27	6.76	7.37
2021.175	54.96	20.09	5.89	15.33	10.27	6.76	7.37
2021.178	54.98	20.04	5.94	15.31	10.27	6.76	7.37
2021.181	54.99	20.01	5.97	15.29	10.27	6.75	7.37
2021.184	55.01	19.97	6.00	15.29	10.28	6.75	7.37
2021.186	55.05	19.91	6.03	15.27	10.28	6.75	7.37
2021.189	55.19	19.76	6.07	15.25	10.28	6.74	7.37
2021.192	55.33	19.60	6.09	15.25	10.28	6.74	7.37
2021.194	55.47	19.44	6.13	15.23	10.29	6.73	7.37
2021.197	55.61	19.29	6.17	15.21	10.29	6.73	7.37
2021.200	55.69	19.19	6.19	15.20	10.29	6.73	7.37
2021.203	55.83	19.02	6.24	15.18	10.29	6.72	7.37
2021.205	55.97	18.86	6.28	15.16	10.30	6.72	7.37
2021.208	56.13	18.68	6.32	15.14	10.30	6.71	7.37
2021.211	56.29	18.51	6.35	15.13	10.30	6.71	7.37
2021.214	56.45	18.33	6.39	15.11	10.30	6.71	7.37
2021.216	56.61	18.15	6.43	15.09	10.30	6.70	7.37
2021.219	56.70	18.05	6.45	15.09	10.31	6.70	7.37
2021.222	56.86	17.87	6.44	15.12	10.31	6.70	7.37
2021.225	57.02	17.69	6.43	15.14	10.31	6.69	7.37
2021.227	57.14	17.56	6.42	15.17	10.32	6.69	7.37
2021.230	57.17	17.50	6.40	15.23	10.32	6.69	7.37
2021.233	57.20	17.45	6.39	15.25	10.32	6.68	7.37
2021.235	57.23	17.41	6.37	15.28	10.32	6.68	7.37
2021.238	57.25	17.36	6.36	15.31	10.32	6.67	7.37
2021.241	57.28	17.32	6.35	15.34	10.33	6.67	7.37
2021.244	57.31	17.28	6.34	15.37	10.33	6.67	7.37
2021.246	57.34	17.23	6.33	15.39	10.33	6.66	7.37
2021.249	57.37	17.19	6.30	15.45	10.33	6.66	7.37
2021.252	57.39	17.14	6.29	15.48	10.33	6.66	7.37
2021.255	57.43	17.08	6.29	15.50	10.34	6.65	7.37
2021.257	57.45	17.03	6.28	15.53	10.34	6.65	7.37
2021.260	57.48	16.99	6.27	15.56	10.34	6.64	7.37
2021.263	57.51	16.94	6.26	15.59	10.35	6.64	7.37
2021.266	57.54	16.90	6.25	15.62	10.35	6.64	7.37
2021.268	57.57	16.86	6.24	15.65	10.35	6.63	7.37
2021.271	57.59	16.81	6.20	15.70	10.35	6.63	7.37
2021.274	57.62	16.77	6.19	15.73	10.36	6.62	7.37
2021.277	57.65	16.72	6.18	15.76	10.36	6.62	7.37
2021.279	57.68	16.68	6.17	15.78	10.36	6.62	7.37
2021.282	57.70	16.62	6.18	15.81	10.36	6.61	7.37
2021.285	57.73	16.58	6.17	15.84	10.36	6.61	7.37
2021.287	57.76	16.53	6.16	15.87	10.37	6.61	7.37
2021.290	57.79	16.49	6.15	15.90	10.37	6.60	7.37
2021.293	57.82	16.44	6.11	15.95	10.37	6.60	7.37
2021.296	57.85	16.39	6.10	15.98	10.37	6.60	7.37
2021.298	57.88	16.35	6.09	16.01	10.38	6.59	7.37
2021.301	57.90	16.30	6.08	16.04	10.38	6.59	7.37
2021.304	57.93	16.26	6.07	16.06	10.37	6.60	7.37
2021.307	57.96	16.20	6.08	16.09	10.35	6.61	7.37
2021.309	57.99	16.16	6.07	16.12	10.33	6.63	7.37
2021.312	58.01	16.11	6.06	16.15	10.30	6.65	7.37
2021.315	58.04	16.07	6.02	16.21	10.28	6.67	7.37
2021.318	58.07	16.02	6.01	16.24	10.26	6.69	7.37
2021.320	58.10	15.98	6.00	16.27	10.24	6.71	7.37
2021.323	58.13	15.94	5.99	16.30	10.21	6.73	7.37
2021.326	58.15	15.89	5.98	16.33	10.19	6.75	7.37
2021.328	58.18	15.85	5.97	16.36	10.18	6.75	7.37
2021.331	58.21	15.80	5.96	16.40	10.18	6.75	7.37
2021.334	58.24	15.73	5.97	16.43	10.17	6.75	7.37
2021.337	58.27	15.69	5.93	16.48	10.17	6.75	7.37
2021.339	58.30	15.64	5.92	16.51	10.16	6.75	7.37
2021.342	58.33	15.59	5.92	16.54	10.16	6.75	7.37
2021.345	58.37	15.54	6.12	16.35	10.17	6.75	7.37
2021.348	58.40	15.49	6.37	16.11	10.18	6.75	7.37
2021.350	58.43	15.44	6.62	15.86	10.20	6.75	7.37
2021.353	58.46	15.39	6.87	15.62	10.21	6.75	7.37
2021.356	58.49	15.34	7.19	15.29	10.23	6.75	7.37
2021.359	58.52	15.27	7.41	15.08	10.25	6.75	7.37
2021.361	58.55	15.22	7.43	15.07	10.26	6.75	7.37
2021.364	58.59	15.17	7.45	15.05	10.28	6.75	7.37
2021.367	58.62	15.12	7.47	15.03	10.31	6.75	7.37
2021.370	58.65	15.07	7.49	15.02	10.32	6.75	7.37
2021.372	58.68	15.02	7.51	14.99	10.34	6.75	7.37
2021.375	58.72	14.98	7.52	14.98	10.35	6.75	7.37
2021.378	58.75	14.94	7.52	14.96	10.37	6.75	7.37
2021.380	58.78	14.90	7.53	14.94	10.39	6.75	7.37
2021.383	58.81	14.86	7.54	14.93	10.40	6.75	7.37
2021.386	58.84	14.81	7.56	14.91	10.42	6.75	7.37
2021.389	58.87	14.77	7.56	14.90	10.43	6.75	7.37
2021.391	58.90	14.73	7.57	14.88	10.46	6.75	7.37
2021.394	58.94	14.69	7.58	14.86	10.48	6.75	7.37
2021.397	58.97	14.65	7.59	14.85	10.49	6.75	7.37
2021.400	59.00	14.61	7.60	14.82	10.51	6.75	7.37
2021.402	59.03	14.58	7.60	14.81	10.52	6.75	7.37
2021.405	59.06	14.54	7.61	14.79	10.54	6.75	7.37
2021.408	59.09	14.50	7.62	14.77	10.56	6.75	7.37
2021.411	59.12	14.45	7.64	14.76	10.57	6.75	7.37
2021.413	59.16	14.61	7.44	14.74	10.59	6.75	7.37
2021.416	59.19	14.80	7.22	14.72	10.62	6.75	7.37
2021.419	59.22	15.00	6.99	14.71	10.63	6.75	7.37
2021.421	59.25	15.19	6.76	14.68	10.65	6.75	7.37
2021.424	59.29	15.38	6.54	14.67	10.66	6.75	7.37
2021.427	59.32	15.47	6.43	14.65	10.68	6.75	7.37
2021.430	59.35	15.66	6.20	14.64	10.70	6.75	7.37
2021.432	59.38	15.65	6.18	14.63	10.70	6.75	7.37
2021.435	59.41	15.64	6.16	14.63	10.70	6.75	7.37
2021.438	59.44	15.61	6.16	14.63	10.70	6.75	7.37
2021.441	59.47	15.57	6.17	14.63	10.71	6.75	7.37
2021.443	59.50	15.52	6.19	14.62	10.71	6.75	7.37
2021.446	59.54	15.48	6.20	14.62	10.71	6.75	7.37
2021.449	59.57	15.43	6.22	14.62	10.71	6.75	7.37
2021.452	59.60	15.39	6.23	14.62	10.72	6.75	7.37
2021.454	59.64	15.33	6.24	14.63	10.71	6.75	7.37
2021.457	59.67	15.29	6.25	14.64	10.69	6.75	7.37
2021.460	59.70	15.25	6.26	14.66	10.67	6.75	7.37
2021.463	59.73	15.20	6.28	14.67	10.66	6.75	7.37
2021.465	59.76	15.16	6.29	14.69	10.64	6.75	7.37
2021.468	59.79	15.11	6.31	14.70	10.64	6.75	7.37
2021.471	59.82	15.07	6.32	14.72	10.62	6.75	7.37
2021.473	59.85	15.02	6.34	14.73	10.60	6.75	7.37
2021.476	59.89	14.98	6.35	14.74	10.59	6.75	7.37
2021.479	59.92	14.93	6.37	14.76	10.57	6.75	7.37
2021.482	59.95	14.89	6.38	14.77	10.56	6.75	7.37
2021.484	59.98	14.84	6.38	14.79	10.55	6.75	7.37
2021.487	60.01	14.79	6.42	14.77	10.54	6.75	7.37
2021.490	60.04	14.75	6.50	14.73	10.52	6.75	7.37
2021.493	60.08	14.70	6.58	14.68	10.50	6.75	7.37
2021.495	60.11	14.66	6.65	14.63	10.49	6.75	7.37
2021.498	60.14	14.61	6.70	14.62	10.47	6.75	7.37
2021.501	60.17	14.57	6.77	14.56	10.46	6.75	7.37
2021.504	60.20	14.53	6.85	14.52	10.45	6.75	7.32
2021.506	60.24	14.48	6.93	14.47	10.43	6.75	7.28
2021.509	60.27	14.44	7.03	14.39	10.42	6.75	7.20
2021.512	60.30	14.38	7.04	14.42	10.40	6.75	7.17
2021.514	60.33	14.34	7.03	14.43	10.41	6.75	7.13
2021.517	60.36	14.29	7.04	14.43	10.42	6.75	7.05
2021.520	60.39	14.25	7.04	14.43	10.43	6.75	7.01
2021.523	60.42	14.20	7.04	14.44	10.44	6.75	6.94
2021.525	60.46	14.16	7.04	14.43	10.45	6.75	6.90
2021.528	60.49	14.12	7.05	14.42	10.46	6.75	6.82
2021.531	60.52	14.07	7.06	14.42	10.47	6.74	6.78
2021.534	60.55	14.03	7.07	14.41	10.48	6.74	6.75
2021.536	60.59	13.98	7.08	14.40	10.49	6.74	6.66
2021.539	60.62	13.94	7.09	14.40	10.50	6.74	6.61
2021.542	60.65	13.88	7.10	14.39	10.51	6.74	6.51
2021.545	60.68	13.84	7.11	14.39	10.52	6.74	6.47
2021.547	60.71	13.79	7.12	14.38	10.54	6.74	6.37
2021.550	60.74	13.75	7.12	14.37	10.55	6.74	6.33
2021.553	60.77	13.71	7.13	14.37	10.56	6.74	6.28
2021.556	60.81	13.66	7.14	14.36	10.57	6.74	6.19
2021.558	60.84	13.62	7.15	14.36	10.58	6.74	6.14
2021.561	60.87	13.57	7.16	14.35	10.59	6.74	6.05
2021.564	60.90	13.53	7.17	14.36	10.59	6.74	6.00
2021.566	60.93	13.48	7.18	14.37	10.58	6.74	5.91
2021.569	60.96	13.44	7.19	14.38	10.57	6.74	5.86
2021.572	61.00	13.39	7.19	14.40	10.56	6.74	5.81
2021.575	61.03	13.34	7.21	14.41	10.55	6.74	5.72
2021.577	61.06	13.30	7.21	14.43	10.54	6.74	5.67
2021.580	61.09	13.25	7.22	14.45	10.52	6.74	5.58
2021.583	61.12	13.21	7.23	14.47	10.51	6.74	5.53
2021.586	61.16	13.16	7.25	14.48	10.50	6.74	5.44
2021.588	61.19	13.12	7.25	14.50	10.49	6.74	5.39
2021.591	61.22	13.07	7.26	14.51	10.48	6.74	5.35
2021.594	61.25	13.03	7.27	14.54	10.46	6.74	5.25
2021.597	61.28	12.99	7.27	14.55	10.45	6.74	5.21
2021.599	61.31	12.94	7.29	14.55	10.45	6.74	5.11
2021.602	61.34	12.90	7.29	14.55	10.46	6.74	5.07
2021.605	61.37	12.85	7.31	14.55	10.46	6.74	4.97
2021.607	61.41	12.81	7.31	14.55	10.47	6.74	4.93
2021.610	61.44	12.76	7.33	14.54	10.48	6.74	4.88
2021.613	61.47	12.71	7.62	14.25	10.48	6.74	4.79
2021.616	61.51	12.66	8.60	13.29	10.49	6.74	4.74
2021.618	61.54	12.62	8.61	13.28	10.49	6.74	4.65
2021.621	61.57	12.58	8.62	13.28	10.50	6.74	4.60
2021.624	61.60	12.53	8.63	13.27	10.51	6.74	4.51
2021.627	61.63	12.49	8.64	13.26	10.51	6.74	4.46
2021.629	61.66	12.44	8.66	13.26	10.52	6.74	4.41
2021.632	61.69	12.40	8.65	13.28	10.52	6.74	4.32
2021.635	61.72	12.35	8.63	13.31	10.53	6.74	4.28
2021.638	61.76	12.31	8.61	13.33	10.54	6.74	4.28
2021.640	61.79	12.27	8.59	13.35	10.54	6.74	4.28
2021.643	61.82	12.22	8.55	13.41	10.55	6.74	4.28
2021.646	61.85	12.18	8.53	13.43	10.55	6.74	4.28
2021.649	61.88	12.13	8.52	13.46	10.56	6.74	4.28
2021.651	61.92	12.07	8.50	13.48	10.57	6.74	4.28
2021.654	61.95	12.01	8.50	13.51	10.57	6.74	4.28
2021.657	61.98	11.96	8.49	13.53	10.58	6.74	4.28
2021.659	62.01	11.90	8.46	13.59	10.58	6.74	4.28
2021.662	62.04	11.84	8.45	13.61	10.59	6.74	4.29
2021.665	62.07	11.78	8.45	13.64	10.60	6.74	4.29
2021.668	62.11	11.72	8.45	13.66	10.60	6.74	4.29
2021.670	62.14	11.67	8.44	13.69	10.61	6.74	4.29
2021.673	62.17	11.61	8.44	13.71	10.62	6.74	4.29
2021.676	62.20	11.59	8.37	13.83	10.55	6.74	4.29
2021.679	62.23	11.58	8.32	13.99	10.43	6.74	4.29
2021.681	62.26	11.61	8.23	14.14	10.30	6.74	4.29
2021.684	62.29	11.60	8.17	14.30	10.18	6.74	4.29
2021.687	62.33	11.59	8.12	14.46	10.05	6.74	4.29
2021.690	62.36	11.59	8.03	14.53	10.04	6.74	4.29
2021.692	62.39	11.57	7.98	14.57	10.03	6.74	4.29
2021.695	62.42	11.59	7.90	14.61	10.02	6.74	4.29
2021.698	62.46	11.46	7.97	14.64	10.02	6.74	4.29
2021.700	62.49	11.33	8.03	14.65	10.04	6.74	4.29
2021.703	62.52	11.21	8.10	14.67	10.05	6.74	4.29
2021.706	62.55	11.08	8.13	14.71	10.07	6.74	4.29
2021.709	62.58	10.96	8.19	14.73	10.08	6.74	4.29
2021.711	62.61	10.91	8.18	14.75	10.10	6.74	4.29
2021.714	62.64	10.87	8.15	14.76	10.11	6.74	4.29
2021.717	62.68	10.83	8.16	14.76	10.13	6.74	4.29
2021.720	62.71	10.79	8.15	14.75	10.14	6.74	4.29
2021.722	62.74	10.75	8.14	14.76	10.16	6.74	4.29
2021.725	62.77	10.71	8.14	14.75	10.17	6.74	4.29
2021.728	62.78	10.68	8.14	14.75	10.19	6.74	4.29
2021.731	62.79	10.66	8.14	14.74	10.20	6.74	4.29
2021.733	62.81	10.64	8.13	14.74	10.22	6.74	4.29
2021.736	62.81	10.62	8.13	14.74	10.23	6.74	4.29
2021.739	62.82	10.61	8.12	14.74	10.25	6.74	4.29
2021.742	62.83	10.59	8.13	14.73	10.26	6.74	4.29
2021.744	62.84	10.57	8.12	14.73	10.28	6.74	4.29
2021.747	62.85	10.55	8.13	14.72	10.29	6.74	4.29
2021.750	62.86	10.54	8.12	14.72	10.31	6.74	4.30
2021.752	62.87	10.52	8.10	14.73	10.32	6.74	4.34
2021.755	62.87	10.50	8.11	14.72	10.34	6.74	4.36
2021.758	62.88	10.49	8.11	14.71	10.35	6.74	4.39
2021.761	62.89	10.46	8.11	14.71	10.37	6.74	4.43
2021.763	62.90	10.45	8.10	14.71	10.38	6.74	4.45
2021.766	62.91	10.43	8.10	14.71	10.40	6.74	4.49
2021.769	62.92	10.41	8.09	14.70	10.41	6.74	4.51
2021.772	62.93	10.38	8.10	14.70	10.43	6.74	4.55
2021.774	62.94	10.37	8.09	14.70	10.44	6.74	4.57
2021.777	62.95	10.36	8.08	14.69	10.46	6.74	4.59
2021.780	62.96	10.34	8.09	14.69	10.47	6.74	4.63
2021.783	62.97	10.32	8.08	14.69	10.49	6.74	4.65
2021.785	62.97	10.30	8.08	14.69	10.51	6.74	4.69
2021.788	62.98	10.28	8.08	14.68	10.55	6.71	4.71
2021.791	62.99	10.26	8.08	14.68	10.59	6.68	4.75
2021.793	63.00	10.25	8.07	14.67	10.63	6.66	4.77
2021.796	63.01	10.22	8.08	14.67	10.69	6.62	4.80
2021.799	63.02	10.21	8.06	14.67	10.73	6.59	4.84
2021.802	63.03	10.20	8.06	14.67	10.77	6.57	4.86
2021.804	63.03	10.18	8.06	14.66	10.80	6.55	4.90
2021.807	63.04	10.16	8.06	14.66	10.82	6.54	4.92
2021.810	63.05	10.14	8.06	14.65	10.84	6.53	4.96
2021.813	63.06	10.12	8.05	14.66	10.87	6.53	4.98
2021.815	63.07	10.10	8.05	14.65	10.89	6.53	5.00
2021.818	63.08	10.08	8.04	14.65	10.90	6.53	5.04
2021.821	63.09	10.07	8.05	14.63	10.91	6.52	5.06
2021.824	63.10	10.04	8.07	14.62	10.93	6.52	5.10
2021.826	63.11	10.03	8.07	14.60	10.95	6.52	5.12
2021.829	63.12	10.00	8.09	14.59	10.96	6.52	5.16
2021.832	63.12	9.98	8.10	14.57	10.97	6.52	5.19
2021.835	63.13	9.95	8.12	14.56	10.99	6.52	5.21
2021.837	63.14	9.94	8.13	14.55	11.00	6.52	5.25
2021.840	63.15	9.91	8.15	14.53	11.02	6.52	5.27
2021.843	63.16	9.89	8.16	14.51	11.03	6.52	5.31
2021.845	63.17	9.87	8.17	14.50	11.05	6.52	5.33
2021.848	63.18	9.85	8.19	14.49	11.06	6.52	5.37
2021.851	63.19	9.82	8.20	14.47	11.08	6.52	5.39
2021.854	63.20	9.80	8.22	14.45	11.09	6.52	5.41
2021.856	63.21	9.78	8.23	14.44	11.11	6.52	5.45
2021.859	63.22	9.75	8.24	14.42	11.12	6.52	5.47
2021.862	63.22	9.73	8.25	14.41	11.14	6.52	5.51
2021.865	63.23	9.70	8.27	14.39	11.16	6.52	5.53
2021.867	63.24	9.69	8.28	14.38	11.17	6.52	5.57
2021.870	63.25	9.67	8.29	14.36	11.18	6.52	5.60
2021.873	63.26	9.64	8.31	14.35	11.20	6.52	5.62
2021.876	63.27	9.62	8.32	14.34	11.20	6.52	5.66
2021.878	63.28	9.60	8.34	14.35	11.20	6.52	5.68
2021.881	63.28	9.58	8.35	14.36	11.19	6.52	5.72
2021.884	63.29	9.55	8.37	14.37	11.18	6.52	5.74
2021.886	63.30	9.53	8.38	14.37	11.17	6.52	5.78
2021.889	63.31	9.51	8.39	14.38	11.17	6.52	5.80
2021.892	63.30	9.50	8.41	14.39	11.16	6.52	5.82
2021.895	63.32	9.47	8.42	14.40	11.15	6.52	5.86
2021.897	63.34	9.43	8.44	14.40	10.93	6.74	5.88
2021.900	63.35	9.41	8.45	14.41	10.92	6.74	5.92
2021.903	63.36	9.38	8.47	14.42	10.92	6.74	5.94
2021.906	63.37	9.36	8.48	14.43	10.90	6.75	5.98
2021.908	63.37	9.33	8.51	14.43	10.87	6.77	6.01
2021.911	63.38	9.31	8.52	14.44	10.84	6.79	6.03
2021.914	63.39	9.29	8.53	14.45	10.78	6.85	6.07
2021.917	63.40	9.26	8.55	14.46	10.69	6.93	6.09
2021.919	63.41	9.24	8.56	14.46	10.62	6.99	6.13
2021.922	63.42	9.21	8.58	14.47	10.54	7.06	6.15
2021.925	63.43	9.19	8.59	14.48	10.46	7.14	6.19
2021.928	63.43	9.16	8.61	14.49	10.38	7.20	6.21
2021.930	63.45	9.14	8.62	14.49	10.30	7.28	6.23
2021.933	63.46	9.12	8.63	14.50	10.22	7.35	6.27
2021.936	63.47	9.09	8.66	14.50	10.14	7.43	6.29
2021.938	63.47	9.07	8.67	14.52	10.06	7.49	6.33
2021.941	63.48	9.04	8.69	14.52	9.99	7.56	6.35
2021.944	63.49	9.02	8.70	14.53	9.91	7.64	6.40
2021.947	63.50	8.99	8.72	14.54	9.83	7.70	6.42
2021.949	63.51	8.97	8.73	14.54	9.74	7.78	6.44
2021.952	63.52	8.94	8.76	14.55	9.67	7.85	6.48
2021.955	63.53	8.92	8.77	14.55	9.60	7.91	6.50
2021.958	63.53	8.90	8.78	14.56	9.51	7.99	6.54
2021.960	63.54	8.87	8.80	14.57	9.44	8.06	6.56
2021.963	63.55	8.85	8.81	14.57	9.35	8.14	6.60
2021.966	63.56	8.82	8.84	14.58	9.28	8.20	6.62
2021.969	63.57	8.81	8.85	14.59	9.20	8.27	6.64
2021.971	63.58	8.77	8.87	14.59	9.12	8.35	6.68
2021.974	63.59	8.75	8.88	14.60	9.04	8.42	6.70
2021.977	63.60	8.72	8.90	14.60	8.96	8.49	6.74
2021.979	63.61	8.70	8.91	14.62	8.88	8.56	6.76
2021.982	63.62	8.68	8.93	14.62	8.80	8.64	6.79
2021.985	63.62	8.65	8.95	14.63	8.72	8.70	6.81
2021.988	63.63	8.63	8.96	14.63	8.65	8.77	6.83
2021.990	63.64	8.61	8.98	14.64	8.56	8.85	6.86
2021.993	63.65	8.58	8.99	14.65	8.49	8.92	6.88
2021.996	63.66	8.56	9.01	14.65	8.41	8.99	6.91
2021.999	63.67	8.54	9.03	14.66	8.33	9.06	6.93
2022.001	63.68	8.52	9.04	14.67	8.25	9.13	6.96
2022.004	63.68	8.49	9.06	14.67	8.17	9.20	6.98
2022.007	63.69	8.47	9.07	14.68	8.10	9.27	6.99
2022.010	63.70	8.44	9.09	14.68	8.01	9.35	7.03
2022.012	63.71	8.41	9.10	14.69	7.94	9.42	7.04
2022.015	63.72	8.38	9.13	14.70	7.86	9.48	7.08
2022.018	63.73	8.37	9.14	14.70	7.78	9.56	7.10
2022.021	63.74	8.34	9.16	14.71	7.71	9.63	7.11
2022.023	63.75	8.32	9.17	14.72	7.62	9.70	7.15
2022.026	63.76	8.30	9.18	14.73	7.62	9.69	7.16
2022.029	63.77	8.27	9.21	14.73	7.62	9.69	7.20
2022.031	63.76	8.26	9.22	14.74	7.62	9.68	7.21
2022.034	63.78	8.22	9.24	14.75	7.62	9.67	7.25
2022.037	63.79	8.20	9.25	14.75	7.62	9.66	7.26
2022.040	63.80	8.17	9.27	14.76	7.63	9.65	7.28
2022.042	63.81	8.15	9.29	14.76	7.63	9.64	7.31
2022.045	63.82	8.12	9.31	14.77	7.63	9.64	7.31
2022.048	63.83	8.10	9.32	14.78	7.63	9.63	7.33
2022.051	63.84	8.08	9.33	14.78	7.63	9.62	7.34
2022.053	63.85	8.05	9.35	14.79	7.63	9.61	7.35
2022.056	63.86	8.03	9.36	14.80	7.63	9.60	7.36
2022.059	63.87	8.00	9.39	14.81	7.63	9.59	7.37
2022.062	63.87	7.98	9.40	14.81	7.63	9.59	7.38
2022.064	63.88	7.95	9.42	14.82	7.63	9.58	7.39
2022.067	63.89	7.93	9.43	14.83	7.64	9.57	7.40
2022.070	63.90	7.91	9.44	14.83	7.64	9.56	7.41
2022.072	63.91	7.88	9.46	14.84	7.64	9.55	7.43
2022.075	63.92	7.86	9.48	14.85	7.64	9.54	7.43
2022.078	63.93	7.83	9.50	14.85	7.64	9.53	7.44
2022.081	63.93	7.81	9.51	14.86	7.64	9.52	7.44
2022.083	63.94	7.78	9.53	14.86	7.64	9.52	7.44
2022.086	63.95	7.76	9.55	14.87	7.64	9.51	7.44
2022.089	63.96	7.73	9.57	14.88	7.64	9.50	7.45
2022.092	63.97	7.70	9.59	14.88	7.64	9.49	7.45
2022.094	63.98	7.67	9.61	14.89	7.65	9.48	7.45
2022.097	63.99	7.64	9.63	14.90	7.65	9.47	7.45
2022.100	64.00	7.62	9.64	14.90	7.65	9.46	7.45
2022.103	64.01	7.59	9.67	14.91	7.65	9.46	7.46
2022.105	64.02	7.56	9.68	14.92	7.65	9.45	7.46
2022.108	64.02	7.53	9.71	14.93	7.65	9.44	7.46
2022.111	64.03	7.51	9.73	14.93	7.65	9.43	7.46
2022.114	64.04	7.48	9.74	14.94	7.65	9.43	7.46
2022.116	64.05	7.45	9.76	14.94	7.64	9.43	7.47
2022.119	64.06	7.43	9.78	14.95	7.63	9.43	7.47
2022.122	64.07	7.39	9.81	14.96	7.63	9.43	7.47
2022.124	64.08	7.37	9.82	14.96	7.62	9.43	7.47
2022.127	64.08	7.34	9.85	14.97	7.62	9.43	7.47
2022.130	64.10	7.31	9.86	14.98	7.60	9.43	7.48
2022.133	64.11	7.28	9.88	14.98	7.60	9.43	7.48
2022.135	64.12	7.26	9.90	14.99	7.59	9.42	7.48
2022.138	64.12	7.23	9.92	14.99	7.59	9.42	7.48
2022.141	64.13	7.20	9.94	15.00	7.57	9.42	7.48
2022.144	64.14	7.18	9.96	15.01	7.57	9.42	7.49
2022.146	64.15	7.15	9.98	15.02	7.56	9.42	7.49
2022.149	64.16	7.12	10.00	15.02	7.56	9.42	7.49
2022.152	64.17	7.09	10.02	15.03	7.54	9.43	7.49
2022.155	64.18	7.07	10.04	15.04	7.54	9.43	7.49
2022.157	64.18	7.03	10.06	15.04	7.53	9.43	7.49
2022.160	64.19	7.01	10.08	15.05	7.53	9.43	7.49
2022.163	64.20	6.99	10.09	15.06	7.51	9.43	7.49
2022.165	64.21	6.96	10.12	15.06	7.51	9.43	7.49
2022.168	64.22	6.93	10.13	15.07	7.50	9.43	7.49
2022.171	64.23	6.89	10.16	15.07	7.50	9.43	7.49
2022.174	64.24	6.87	10.17	15.08	7.48	9.44	7.50
2022.176	64.25	6.84	10.20	15.09	7.48	9.44	7.50
2022.179	64.26	6.82	10.21	15.09	7.47	9.44	7.50
2022.182	64.27	6.79	10.23	15.10	7.46	9.44	7.50
2022.185	64.28	6.76	10.25	15.11	7.45	9.44	7.50
2022.187	64.29	6.73	10.27	15.12	7.45	9.44	7.50
2022.190	64.30	6.70	10.29	15.12	7.44	9.45	7.50
2022.193	64.30	6.68	10.31	15.13	7.43	9.45	7.50
2022.196	64.31	6.65	10.33	15.09	7.47	9.45	7.50
2022.198	64.32	6.63	10.34	15.05	7.51	9.45	7.50
2022.201	64.28	6.63	10.32	15.05	7.56	9.45	7.50
2022.204	64.25	6.65	10.29	15.05	7.61	9.45	7.50
2022.207	64.22	6.67	10.26	15.05	7.65	9.45	7.50
2022.209	64.15	6.71	10.24	15.04	7.70	9.46	7.50
2022.212	64.12	6.73	10.21	15.04	7.75	9.46	7.50
2022.215	64.09	6.74	10.20	15.03	7.80	9.46	7.50
2022.217	64.06	6.76	10.17	15.03	7.84	9.46	7.50
2022.220	64.03	6.76	10.10	15.07	7.89	9.46	7.50
2022.223	63.99	6.79	10.06	15.06	7.94	9.46	7.50
2022.226	63.96	6.86	9.98	15.06	7.98	9.46	7.50
2022.228	63.93	6.92	9.91	15.06	8.04	9.47	7.50
2022.231	63.90	6.98	9.84	15.05	8.08	9.47	7.50
2022.234	63.87	7.05	9.76	15.05	8.12	9.47	7.50
2022.237	63.84	7.11	9.69	15.05	8.18	9.47	7.50
2022.239	63.80	7.17	9.61	15.05	8.22	9.47	7.50
2022.242	63.77	7.24	9.49	15.08	8.27	9.47	7.51
2022.245	63.74	7.33	9.38	15.09	8.30	9.48	7.51
2022.248	63.71	7.40	9.31	15.14	8.30	9.48	7.51
2022.250	63.64	7.50	9.23	15.18	8.30	9.48	7.51
2022.253	63.61	7.56	9.16	15.23	8.30	9.48	7.51
2022.256	63.58	7.63	9.08	15.27	8.30	9.48	7.51
2022.258	63.55	7.69	9.00	15.31	8.30	9.48	7.51
2022.261	63.51	7.75	8.93	15.36	8.30	9.49	7.50
2022.264	63.48	7.81	8.82	15.44	8.30	9.49	7.50
2022.267	63.45	7.88	8.75	15.48	8.30	9.49	7.50
2022.269	63.42	7.94	8.68	15.52	8.30	9.50	7.50
2022.272	63.39	8.00	8.61	15.55	8.30	9.50	7.50
2022.275	63.35	8.07	8.54	15.59	8.30	9.51	7.50
2022.278	63.32	8.13	8.50	15.60	8.30	9.51	7.50
2022.280	63.29	8.19	8.47	15.60	8.30	9.51	7.49
2022.283	63.26	8.26	8.45	15.59	8.30	9.52	7.49
2022.286	63.23	8.32	8.44	15.56	8.30	9.52	7.49
2022.289	63.16	8.46	8.39	15.55	8.30	9.52	7.49
2022.291	63.13	8.42	8.47	15.54	8.30	9.53	7.49
2022.294	63.10	8.42	8.52	15.53	8.30	9.53	7.48
2022.297	63.06	8.42	8.58	15.50	8.30	9.53	7.48
2022.299	63.03	8.42	8.62	15.49	8.30	9.54	7.48
2022.302	63.00	8.41	8.68	15.47	8.30	9.54	7.48
2022.305	62.97	8.40	8.73	15.46	8.30	9.54	7.48
2022.308	62.94	8.34	8.83	15.45	8.30	9.55	7.48
2022.310	62.91	8.33	8.90	15.42	8.30	9.55	7.48
2022.313	62.87	8.32	8.95	15.41	8.29	9.55	7.47
2022.316	62.84	8.31	9.01	15.39	8.29	9.59	7.45
2022.319	62.81	8.30	9.07	15.38	8.29	9.63	7.40
2022.321	62.78	8.28	9.13	15.37	8.30	9.65	7.38
2022.324	62.75	8.24	9.24	15.34	8.31	9.63	7.38
2022.327	62.71	8.22	9.29	15.33	8.32	9.62	7.39
2022.330	62.65	8.25	9.35	15.32	8.34	9.61	7.39
2022.332	62.61	8.24	9.41	15.30	8.36	9.59	7.39
2022.335	62.58	8.22	9.46	15.29	8.37	9.58	7.39
2022.338	62.55	8.17	9.57	15.26	8.38	9.56	7.39
2022.341	62.52	8.16	9.63	15.25	8.40	9.55	7.40
2022.343	62.49	8.10	9.73	15.24	8.41	9.53	7.40
2022.346	62.46	8.08	9.80	15.22	8.43	9.52	7.40
2022.349	62.42	8.06	9.87	15.21	8.44	9.51	7.40
2022.351	62.39	8.01	9.97	15.19	8.45	9.49	7.40
2022.354	62.36	8.07	9.96	15.17	8.47	9.47	7.41
2022.357	62.33	8.07	10.00	15.16	8.48	9.46	7.41
2022.360	62.30	8.07	10.05	15.15	8.50	9.45	7.41
2022.362	62.27	8.07	10.09	15.13	8.51	9.43	7.41
2022.365	62.23	8.07	10.15	15.11	8.52	9.42	7.41
2022.368	62.20	8.07	10.20	15.09	8.54	9.40	7.41
2022.371	62.13	8.07	10.28	15.08	8.56	9.38	7.42
2022.373	62.10	8.07	10.33	15.07	8.57	9.37	7.42
2022.376	62.07	8.07	10.37	15.05	8.59	9.36	7.42
2022.379	62.04	8.07	10.43	15.03	8.60	9.34	7.42
2022.382	62.01	8.07	10.48	15.01	8.61	9.33	7.42
2022.384	61.97	8.03	10.56	15.00	8.63	9.31	7.43
2022.387	61.94	8.03	10.61	14.99	8.65	9.30	7.43
2022.390	61.91	8.02	10.66	14.97	8.66	9.28	7.43
2022.392	61.88	8.02	10.72	14.95	8.67	9.27	7.43
2022.395	61.85	8.03	10.76	14.93	8.69	9.25	7.43
2022.398	61.82	8.02	10.80	14.92	8.70	9.24	7.44
2022.401	61.78	7.99	10.89	14.91	8.72	9.22	7.44
2022.403	61.75	7.99	10.93	14.89	8.73	9.21	7.44
2022.406	61.72	7.98	10.99	14.87	8.75	9.20	7.44
2022.409	61.65	8.03	11.03	14.85	8.76	9.18	7.45
2022.412	61.62	8.05	11.05	14.84	8.77	9.16	7.45
2022.414	61.59	8.07	11.08	14.83	8.79	9.14	7.46
2022.417	61.56	8.09	11.07	14.84	8.81	9.11	7.47
2022.420	61.53	8.11	11.03	14.89	8.82	9.09	7.48
2022.423	61.49	8.14	11.00	14.93	8.84	9.07	7.49
2022.425	61.46	8.15	11.01	14.94	8.85	9.04	7.50
2022.428	61.43	8.18	10.98	14.97	8.86	9.03	7.51
2022.431	61.40	8.21	10.98	14.98	8.88	9.00	7.52
2022.434	61.37	8.22	10.96	15.02	8.90	8.98	7.53
2022.436	61.34	8.25	10.94	15.04	8.91	8.96	7.54
2022.439	61.30	8.26	10.95	15.05	8.92	8.94	7.54
2022.442	61.27	8.29	10.92	15.09	8.94	8.91	7.55
2022.444	61.24	8.31	10.92	15.10	8.95	8.90	7.56
2022.447	61.21	8.33	10.93	15.09	8.97	8.87	7.56
2022.450	61.14	8.39	11.04	15.00	8.99	8.86	7.56
2022.453	61.11	8.41	11.13	14.91	9.00	8.85	7.57
2022.455	61.08	8.44	11.29	14.76	9.01	8.83	7.58
2022.458	61.04	8.45	11.40	14.66	9.02	8.82	7.58
2022.461	61.01	8.48	11.56	14.51	9.04	8.80	7.58
2022.464	60.98	8.50	11.66	14.42	9.06	8.78	7.58
2022.466	60.95	8.52	11.75	14.34	9.07	8.77	7.59
2022.469	60.92	8.54	11.90	14.21	9.09	8.75	7.59
2022.472	60.89	8.57	11.94	14.17	9.10	8.73	7.59
2022.475	60.85	8.58	11.99	14.14	9.11	8.72	7.60
2022.477	60.82	8.61	12.02	14.11	9.13	8.71	7.60
2022.480	60.79	8.64	12.07	14.07	9.15	8.69	7.60
2022.483	60.76	8.65	12.11	14.04	9.16	8.68	7.60
2022.485	60.73	8.68	12.16	14.00	9.17	8.66	7.61
2022.488	60.66	8.73	12.20	13.97	9.19	8.64	7.61
2022.491	60.63	8.76	12.24	13.94	9.20	8.63	7.61
2022.494	60.60	8.77	12.28	13.92	9.22	8.61	7.62
2022.496	60.56	8.80	12.32	13.89	9.24	8.59	7.62
2022.499	60.51	8.85	12.37	13.84	9.25	8.58	7.62
2022.502	60.45	8.90	12.48	13.75	9.26	8.56	7.62
2022.505	60.40	8.94	12.53	13.70	9.28	8.55	7.63
2022.507	60.33	8.99	12.53	13.71	9.29	8.54	7.63
2022.510	60.28	9.03	12.51	13.74	9.31	8.52	7.63
2022.513	60.23	9.07	12.52	13.74	9.32	8.50	7.63
2022.516	60.17	9.12	12.53	13.74	9.34	8.49	7.64
2022.518	60.12	9.16	12.55	13.74	9.35	8.47	7.64
2022.521	60.12	9.15	12.56	13.73	9.36	8.46	7.64
2022.524	60.10	9.16	12.57	13.73	9.39	8.43	7.64
2022.527	60.10	9.16	12.59	13.72	9.41	8.41	7.65
2022.529	60.08	9.17	12.59	13.73	9.44	8.38	7.65
2022.532	60.07	9.16	12.60	13.74	9.49	8.33	7.65
2022.535	60.07	9.15	12.60	13.74	9.51	8.31	7.66
2022.537	60.05	9.16	12.60	13.75	9.53	8.28	7.66
2022.540	60.05	9.15	12.60	13.76	9.56	8.26	7.66
2022.543	60.03	9.16	12.61	13.77	9.58	8.23	7.66
2022.546	60.03	9.16	12.61	13.78	9.61	8.21	7.67
2022.548	60.02	9.16	12.60	13.78	9.63	8.18	7.67
2022.551	60.00	9.16	12.61	13.79	9.68	8.13	7.67
2022.554	60.00	9.16	12.61	13.80	9.71	8.11	7.67
2022.557	59.99	9.15	12.62	13.81	9.73	8.08	7.68
2022.559	59.98	9.16	12.61	13.82	9.75	8.06	7.68
2022.562	59.97	9.15	12.62	13.84	9.76	8.03	7.68
2022.565	59.95	9.16	12.62	13.86	9.77	8.01	7.69
2022.568	59.95	9.16	12.62	13.89	9.80	7.96	7.69
2022.570	59.95	9.15	12.63	13.92	9.80	7.93	7.69
2022.573	59.92	9.16	12.62	13.94	9.81	7.91	7.69
2022.576	59.92	9.15	12.63	13.97	9.82	7.88	7.70
2022.578	59.91	9.16	12.63	14.00	9.82	7.86	7.70
2022.581	59.90	9.15	12.63	14.03	9.82	7.83	7.70
2022.584	59.90	9.15	12.63	14.05	9.83	7.81	7.70
2022.587	59.88	9.15	12.64	14.08	9.86	7.76	7.71
2022.589	59.87	9.15	12.65	14.10	9.86	7.73	7.71
2022.592	59.87	9.14	12.69	14.09	9.87	7.71	7.71
2022.595	59.85	9.14	12.72	14.10	9.87	7.68	7.72
2022.598	59.84	9.14	12.75	14.11	9.87	7.66	7.72
2022.600	59.83	9.13	12.79	14.10	9.88	7.63	7.72
2022.603	59.83	9.13	12.82	14.10	9.91	7.58	7.72
2022.606	59.82	9.11	12.85	14.11	9.91	7.56	7.73
2022.609	59.90	9.02	12.89	14.10	9.92	7.53	7.73
2022.611	59.96	8.96	12.91	14.10	9.93	7.51	7.73
2022.614	60.02	8.88	12.94	14.11	9.93	7.48	7.73
2022.617	60.06	8.82	12.98	14.11	9.93	7.46	7.74
2022.620	60.12	8.74	12.95	14.18	9.96	7.41	7.74
2022.622	60.17	8.68	12.91	14.24	9.97	7.38	7.74
2022.625	60.23	8.61	12.94	14.25	9.97	7.36	7.75
2022.628	60.29	8.54	12.97	14.26	9.97	7.33	7.75
2022.630	60.34	8.47	13.00	14.25	9.99	7.31	7.75
2022.633	60.40	8.40	13.02	14.27	9.99	7.28	7.75
2022.636	60.44	8.34	13.05	14.27	10.00	7.26	7.76
2022.639	60.50	8.26	13.08	14.27	10.03	7.21	7.76
2022.641	60.56	8.20	13.11	14.24	10.06	7.18	7.76
2022.644	60.61	8.13	13.14	14.25	10.07	7.16	7.76
2022.647	60.67	8.06	13.16	14.24	10.09	7.13	7.77
2022.650	60.80	7.91	13.20	14.21	10.12	7.11	7.77
2022.652	60.85	7.91	13.17	14.19	10.16	7.08	7.77
2022.655	60.91	8.52	12.51	14.15	10.22	7.03	7.77
2022.658	60.95	9.15	11.85	14.14	10.25	7.01	7.78
2022.661	61.01	9.76	11.19	14.10	10.30	6.98	7.78
2022.663	61.07	11.05	9.88	14.05	10.34	6.96	7.78
2022.666	61.12	11.68	9.25	14.00	10.37	6.93	7.79
2022.669	61.18	12.29	8.60	13.95	10.41	6.91	7.79
2022.671	61.23	12.57	8.33	13.90	10.44	6.88	7.79
2022.674	61.29	12.58	8.30	13.83	10.49	6.85	7.79
2022.677	61.35	12.60	8.27	13.77	10.51	6.84	7.80
2022.680	61.39	12.57	8.30	13.72	10.53	6.83	7.80
2022.682	61.45	12.50	8.33	13.68	10.55	6.83	7.80
2022.685	61.51	12.44	8.38	13.65	10.54	6.82	7.80
2022.688	61.63	12.31	8.44	13.61	10.54	6.81	7.81
2022.691	61.69	12.24	8.49	13.58	10.53	6.80	7.81
2022.693	61.74	12.19	8.50	13.59	10.52	6.80	7.81
2022.696	61.80	12.13	8.50	13.61	10.51	6.79	7.82
2022.699	61.86	12.06	8.49	13.63	10.50	6.79	7.82
2022.702	61.90	12.01	8.50	13.65	10.48	6.79	7.82
2022.704	61.96	11.94	8.49	13.68	10.46	6.79	7.82
2022.707	62.01	11.89	8.49	13.70	10.46	6.79	7.83
2022.710	62.07	11.82	8.49	13.72	10.44	6.79	7.83
2022.713	62.13	11.76	8.48	13.75	10.43	6.79	7.83
2022.715	62.18	11.70	8.49	13.76	10.42	6.79	7.83
2022.718	62.24	11.64	8.48	13.79	10.40	6.79	7.84
2022.721	62.30	11.57	8.48	13.81	10.39	6.79	7.84
2022.723	62.34	11.52	8.47	13.83	10.38	6.79	7.84
2022.726	62.40	11.45	8.47	13.85	10.36	6.79	7.85
2022.729	62.52	11.32	8.47	13.88	10.35	6.78	7.85
2022.732	62.58	11.26	8.47	13.89	10.34	6.78	7.85
2022.734	62.64	11.19	8.47	13.92	10.32	6.78	7.85
2022.737	62.69	11.14	8.46	13.94	10.31	6.78	7.86
2022.740	62.75	11.07	8.46	13.96	10.30	6.78	7.86
2022.743	62.81	11.01	8.46	13.99	10.29	6.78	7.86
2022.745	62.86	10.95	8.46	14.01	10.27	6.78	7.86
2022.748	62.92	10.89	8.46	14.03	10.25	6.78	7.87
2022.751	62.96	10.84	8.45	14.05	10.25	6.78	7.87
2022.754	63.02	10.77	8.45	14.07	10.23	6.78	7.87
2022.756	63.08	10.70	8.44	14.10	10.22	6.78	7.87
2022.759	63.13	10.65	8.44	14.11	10.21	6.78	7.88
2022.762	63.19	10.58	8.45	14.13	10.19	6.78	7.88
2022.764	63.23	10.53	8.44	14.16	10.18	6.78	7.88
2022.767	63.32	10.44	8.44	14.18	10.17	6.78	7.88
2022.770	63.29	10.47	8.43	14.20	10.15	6.78	7.88
2022.773	63.24	10.51	8.43	14.23	10.14	6.78	7.89
2022.775	63.21	10.53	8.43	14.24	10.13	6.78	7.89
2022.778	63.17	10.56	8.43	14.27	10.11	6.78	7.89
2022.781	63.13	10.60	8.43	14.29	10.10	6.78	7.89
2022.784	63.09	10.63	8.42	14.32	10.08	6.78	7.89
2022.786	63.05	10.67	8.42	14.33	10.07	6.78	7.90
2022.789	63.01	10.70	8.41	14.36	10.06	6.78	7.90
2022.792	62.98	10.72	8.42	14.38	10.04	6.78	7.90
2022.795	62.93	10.75	8.43	14.40	10.04	6.78	7.90
2022.797	62.90	10.75	8.45	14.42	10.02	6.78	7.90
2022.800	62.85	10.74	8.50	14.45	10.01	6.78	7.90
2022.803	62.82	10.74	8.52	14.47	10.03	6.75	7.91
2022.806	62.79	10.71	8.58	14.49	10.03	6.73	7.91
2022.808	62.72	10.70	8.64	14.51	10.03	6.72	7.91
2022.811	62.69	10.70	8.67	14.53	10.03	6.70	7.91
2022.814	62.65	10.66	8.73	14.55	10.03	6.69	7.91
2022.816	62.61	10.55	8.88	14.58	10.03	6.67	7.92
2022.819	62.57	10.49	8.97	14.59	10.05	6.64	7.94
2022.822	62.53	10.45	9.06	14.60	10.05	6.63	7.96
2022.825	62.49	10.39	9.15	14.62	10.05	6.61	7.98
2022.827	62.46	10.33	9.24	14.64	10.05	6.60	8.00
2022.830	62.41	10.29	9.33	14.65	10.05	6.59	8.02
2022.833	62.38	10.14	9.50	14.67	10.05	6.58	8.04
2022.836	62.35	10.08	9.59	14.67	10.05	6.57	8.06
2022.838	62.30	10.04	9.68	14.67	10.06	6.57	8.08
2022.841	62.27	9.98	9.77	14.67	10.07	6.56	8.10
2022.844	62.22	9.93	9.86	14.67	10.08	6.56	8.13
2022.847	62.17	9.89	9.95	14.66	10.10	6.54	8.16
2022.849	62.14	9.75	10.13	14.66	10.14	6.51	8.18
2022.852	62.09	9.70	10.22	14.66	10.16	6.49	8.20
2022.855	62.06	9.65	10.31	14.66	10.18	6.47	8.22
2022.857	62.01	9.60	10.40	14.66	10.18	6.47	8.24
2022.860	61.98	9.54	10.49	14.65	10.11	6.55	8.26
2022.863	61.94	9.40	10.66	14.65	10.11	6.56	8.28
2022.866	61.90	9.35	10.75	14.65	10.12	6.55	8.30
2022.868	61.86	9.29	10.84	14.64	10.13	6.55	8.32
2022.871	61.83	9.23	10.93	14.64	10.14	6.54	8.34
2022.874	61.78	9.19	11.02	14.63	10.15	6.54	8.36
2022.877	61.75	9.13	11.11	14.63	10.17	6.53	8.39
2022.879	61.70	9.00	11.29	14.63	10.18	6.53	8.41
2022.882	61.67	8.94	11.38	14.62	10.19	6.53	8.43
2022.885	61.64	8.88	11.47	14.62	10.20	6.57	8.41
2022.888	61.57	8.86	11.55	14.61	10.21	6.58	8.41
2022.890	61.54	8.80	11.74	14.52	10.22	6.59	8.41
2022.893	61.49	8.75	11.93	14.41	10.23	6.74	8.28
2022.896	61.46	8.63	12.04	14.45	10.24	6.91	8.12
2022.899	61.42	8.65	12.05	14.44	10.26	7.08	7.97
2022.901	61.38	8.69	12.07	14.43	10.27	7.42	7.65
2022.904	61.34	8.71	12.09	14.42	10.28	7.59	7.49
2022.907	61.31	8.73	12.11	14.40	10.29	7.76	7.34
2022.909	61.26	8.76	12.14	14.38	10.30	7.93	7.20
2022.912	61.23	8.78	12.16	14.37	10.32	8.10	7.04
2022.915	61.18	8.81	12.18	14.35	10.32	8.27	6.89
2022.918	61.15	8.83	12.21	14.33	10.34	8.44	6.74
2022.920	61.12	8.86	12.22	14.32	10.34	8.78	6.41
2022.923	61.07	8.89	12.24	14.31	10.36	8.95	6.26
2022.926	61.04	8.91	12.27	14.29	10.37	9.12	6.11
2022.929	60.97	8.96	12.31	14.26	10.38	9.29	5.95
2022.931	60.94	8.98	12.34	14.24	10.39	9.46	5.80
2022.934	60.91	9.00	12.37	14.21	10.39	9.63	5.65
2022.937	60.86	9.04	12.41	14.17	10.40	9.98	5.32
2022.940	60.83	9.06	12.44	14.15	10.41	10.13	5.19
2022.942	60.79	9.07	12.48	14.12	10.41	10.11	5.25
2022.945	60.75	9.11	12.51	14.10	10.42	10.08	5.29
2022.948	60.71	9.13	12.55	14.06	10.43	10.06	5.33
2022.950	60.67	9.16	12.58	14.03	10.43	10.04	5.38
2022.953	60.63	9.19	12.61	14.00	10.45	10.01	5.39
2022.956	60.60	9.20	12.66	13.94	10.48	9.99	5.39
2022.959	60.55	9.24	12.69	13.90	10.50	9.97	5.40
2022.961	60.52	9.25	12.73	13.85	10.52	9.94	5.41
2022.964	60.49	9.27	12.77	13.80	10.55	9.92	5.42
2022.967	60.42	9.33	12.81	13.73	10.60	9.90	5.43
2022.970	60.39	9.35	12.84	13.68	10.62	9.87	5.43
2022.972	60.34	9.38	12.87	13.64	10.65	9.85	5.44
2022.975	60.31	9.40	12.92	13.59	10.67	9.83	5.44
2022.978	60.27	9.42	12.95	13.54	10.69	9.81	5.44
2022.981	60.23	9.46	12.98	13.47	10.74	9.78	5.45
2022.983	60.19	9.48	13.01	13.43	10.77	9.76	5.46
2022.986	60.15	9.51	13.06	13.38	10.79	9.74	5.47
2022.989	60.11	9.53	13.09	13.33	10.82	9.71	5.47
2022.992	60.08	9.55	13.12	13.29	10.84	9.69	5.71
2022.994	60.03	9.58	13.15	13.25	10.87	9.66	5.84
2022.997	60.00	9.60	13.19	13.22	10.87	9.64	5.97
2023.000	59.97	9.63	13.22	13.21	10.86	9.62	6.10
2023.002	59.92	9.65	13.26	13.19	10.84	9.60	6.23
2023.005	59.89	9.68	13.31	13.06	10.93	9.59	6.25
2023.008	59.82	9.73	13.34	12.97	11.00	9.57	6.11
2023.011	59.79	9.74	13.38	12.87	11.06	9.55	6.05
2023.013	59.76	9.71	13.47	12.72	11.19	9.54	6.00
2023.016	59.71	9.70	13.56	12.67	11.20	9.52	5.94
2023.019	59.68	9.70	13.61	12.63	11.21	9.51	5.88
2023.022	59.63	9.69	13.71	12.55	11.25	9.49	5.83
2023.024	59.60	9.69	13.78	12.49	11.26	9.47	5.69
2023.027	59.56	9.66	13.89	12.42	11.27	9.46	5.63
2023.030	59.52	9.65	13.98	12.37	11.29	9.44	5.59
2023.033	59.48	9.65	14.05	12.32	11.30	9.43	5.59
2023.035	59.45	9.62	14.14	12.25	11.32	9.41	5.60
2023.038	59.40	9.64	14.20	12.23	11.31	9.39	5.60
2023.041	59.37	9.61	14.29	12.22	11.29	9.38	5.60
2023.043	59.32	9.62	14.35	12.23	11.24	9.36	5.61
2023.046	59.27	9.62	14.42	12.26	11.20	9.34	5.62
2023.049	59.24	9.59	14.48	12.29	11.16	9.33	5.63
2023.052	59.19	9.63	14.48	12.32	11.12	9.31	5.64
2023.054	59.16	9.67	14.48	12.35	11.08	9.29	5.64
2023.057	59.12	9.71	14.48	12.37	11.05	9.28	5.65
2023.060	59.08	9.76	14.47	12.40	11.01	9.27	5.66
2023.063	59.04	9.80	14.46	12.45	10.94	9.26	5.67
2023.065	59.00	9.86	14.46	12.48	10.89	9.26	5.67
2023.068	58.96	9.90	14.45	12.50	10.84	9.26	5.68
2023.071	58.93	9.94	14.45	12.52	10.81	9.25	5.69
2023.074	58.88	9.99	14.44	12.54	10.77	9.25	5.69
2023.076	58.85	10.03	14.44	12.55	10.73	9.25	5.70
2023.079	58.80	10.08	14.44	12.56	10.69	9.25	5.71
2023.082	58.77	10.12	14.44	12.59	10.63	9.25	5.71
2023.085	58.74	10.16	14.45	12.58	10.61	9.23	5.72
2023.087	58.67	10.23	14.45	12.59	10.59	9.22	5.72
2023.090	58.64	10.27	14.45	12.60	10.58	9.19	5.73
2023.093	58.61	10.31	14.47	12.60	10.56	9.17	5.74
2023.095	58.56	10.37	14.47	12.60	10.55	9.15	5.75
2023.098	58.53	10.41	14.47	12.61	10.53	9.12	5.77
2023.101	58.48	10.46	14.47	12.62	10.52	9.10	5.79
2023.104	58.45	10.50	14.48	12.64	10.48	9.08	5.82
2023.106	58.41	10.54	14.48	12.64	10.46	9.05	5.85
2023.109	58.37	10.59	14.49	12.62	10.48	9.03	5.87
2023.112	58.35	10.62	14.50	12.59	10.49	8.95	5.95
2023.115	58.33	10.64	14.50	12.55	10.52	8.68	6.22
2023.117	58.31	10.67	14.50	12.51	10.55	8.55	6.35
2023.120	58.29	10.69	14.48	12.49	10.59	8.42	6.49
2023.123	58.27	10.72	14.41	12.50	10.64	8.28	6.63
2023.126	58.23	10.77	14.38	12.52	10.65	8.15	6.76
2023.128	58.21	10.79	14.34	12.57	10.63	8.01	6.90
2023.131	58.19	10.82	14.27	12.65	10.62	7.74	7.17
2023.134	58.17	10.84	14.23	12.69	10.61	7.61	7.31
2023.136	58.15	10.87	14.20	12.73	10.59	7.48	7.44
2023.139	58.13	10.90	14.18	12.75	10.58	7.34	7.58
2023.142	58.11	10.92	14.16	12.80	10.55	7.21	7.72
2023.145	58.09	10.95	14.15	12.79	10.56	7.07	7.85
2023.147	58.07	10.97	14.14	12.79	10.57	6.86	8.07
2023.150	58.05	11.00	14.13	12.78	10.57	6.84	8.08
2023.153	58.03	11.03	14.12	12.78	10.58	6.83	8.10
2023.156	58.01	11.05	14.11	12.74	10.62	6.81	8.12
2023.158	58.00	11.07	14.11	12.69	10.67	6.80	8.13
2023.161	57.98	11.08	14.11	12.74	10.63	6.79	8.15
2023.164	57.96	11.10	14.12	12.77	10.60	6.78	8.16
2023.167	57.92	11.13	14.12	12.77	10.61	6.78	8.16
2023.169	57.90	11.14	14.12	12.76	10.62	6.78	8.16
2023.172	57.88	11.15	14.13	12.76	10.63	6.78	8.17
2023.175	57.86	11.17	14.13	12.75	10.63	6.78	8.17
2023.178	57.84	11.18	14.14	12.75	10.64	6.78	8.17
2023.180	57.82	11.19	14.14	12.74	10.65	6.78	8.17
2023.183	57.80	11.21	14.14	12.73	10.67	6.78	8.17
2023.186	57.78	11.22	14.14	12.72	10.67	6.78	8.17
2023.188	57.76	11.23	14.15	12.72	10.68	6.79	8.17
2023.191	57.74	11.24	14.16	12.71	10.69	6.79	8.17
2023.194	57.72	11.25	14.16	12.70	10.71	6.79	8.17
2023.197	57.70	11.27	14.16	12.69	10.72	6.79	8.17
2023.199	57.68	11.28	14.16	12.69	10.73	6.79	8.17
2023.202	57.66	11.29	14.17	12.68	10.74	6.80	8.17
2023.205	57.62	11.32	14.18	12.67	10.75	6.80	8.17
2023.208	57.61	11.34	14.19	12.66	10.76	6.80	8.17
2023.210	57.59	11.35	14.19	12.65	10.77	6.80	8.17
2023.213	57.57	11.36	14.20	12.64	10.78	6.81	8.17
2023.216	57.55	11.38	14.20	12.63	10.79	6.81	8.17
2023.219	57.53	11.48	14.11	12.62	10.80	6.81	8.17
2023.221	57.51	11.57	14.04	12.61	10.81	6.81	8.17
2023.224	57.49	11.72	13.91	12.60	10.82	6.82	8.16
2023.227	57.47	11.80	13.85	12.59	10.83	6.82	8.16
2023.229	57.45	11.85	13.82	12.58	10.84	6.82	8.16
2023.232	57.43	11.89	13.80	12.57	10.85	6.82	8.16
2023.235	57.41	11.92	13.78	12.56	10.36	7.33	8.16
2023.238	57.39	11.96	13.76	12.55	9.96	7.74	8.16
2023.240	57.37	12.00	13.74	12.55	9.96	7.75	8.16
2023.243	57.35	12.04	13.72	12.53	9.97	7.76	8.16
2023.246	57.31	12.09	13.71	12.52	9.98	7.76	8.16
2023.249	57.29	12.13	13.68	12.51	9.98	7.77	8.16
2023.251	57.27	12.18	13.66	12.51	9.99	7.78	8.16
2023.254	57.25	12.21	13.64	12.50	9.99	7.79	8.16
2023.257	57.23	12.25	13.62	12.48	10.00	7.79	8.16
2023.260	57.23	12.27	13.61	12.05	10.39	7.84	8.16
2023.262	57.23	12.30	13.58	11.97	10.43	7.88	8.16
2023.265	57.23	12.31	13.57	11.96	10.40	7.93	8.16
2023.268	57.23	12.32	13.55	11.95	10.36	7.97	8.16
2023.271	57.23	12.32	13.55	11.95	10.29	8.06	8.16
2023.273	57.23	12.32	13.56	11.94	10.25	8.10	8.16
2023.276	57.23	12.32	13.56	11.94	10.21	8.14	8.16
2023.279	57.23	12.32	13.56	11.94	10.12	8.24	8.16
2023.281	57.23	12.32	13.56	11.93	10.02	8.36	8.16
2023.284	57.23	12.32	13.55	11.92	9.91	8.48	8.16
2023.287	57.23	12.32	13.55	11.92	9.81	8.60	8.15
2023.290	57.23	12.32	13.55	11.91	9.58	8.85	8.13
2023.292	57.23	12.32	13.55	11.90	9.48	8.98	8.11
2023.295	57.23	12.32	13.55	11.90	9.37	9.12	8.09
2023.298	57.23	12.32	13.55	11.90	9.26	9.25	8.07
2023.301	57.23	12.31	13.55	11.91	9.14	9.39	8.05
2023.303	57.23	12.31	13.55	11.93	9.01	9.52	8.03
2023.306	57.23	12.31	13.55	11.95	8.95	9.58	8.01
2023.309	57.23	12.31	13.55	11.97	9.02	9.51	7.99
2023.312	57.23	12.31	13.55	12.00	9.11	9.41	7.97
2023.314	57.23	12.31	13.55	12.02	9.18	9.34	7.95
2023.317	57.23	12.27	13.58	12.04	9.26	9.26	7.94
2023.320	57.23	12.21	13.65	12.06	9.36	9.16	7.92
2023.322	57.23	12.15	13.71	12.09	9.42	9.09	7.90
2023.325	57.23	12.02	13.83	12.12	9.49	9.02	7.88
2023.328	57.23	11.96	13.89	12.14	9.59	8.90	7.88
2023.331	57.23	11.90	13.96	12.16	9.67	8.78	7.91
2023.333	57.23	11.83	14.02	12.32	9.63	8.64	7.93
2023.336	57.23	11.77	14.08	12.39	9.64	8.53	7.96
2023.339	57.23	11.71	14.14	12.45	9.60	8.48	7.98
2023.342	57.23	11.65	14.20	12.44	9.66	8.42	8.01
2023.344	57.23	11.58	14.26	12.41	9.71	8.37	8.03
2023.347	57.23	11.52	14.33	12.39	9.77	8.32	8.06
2023.350	57.23	11.46	14.39	12.34	9.85	8.26	8.09
2023.353	57.23	11.34	14.50	12.31	9.90	8.22	8.11
2023.355	57.23	11.34	14.51	12.29	9.97	8.15	8.14
2023.358	57.23	11.32	14.52	12.26	10.02	8.10	8.16
2023.361	57.23	11.32	14.52	12.23	10.08	8.05	8.18
2023.364	57.23	11.31	14.53	12.22	10.11	8.01	8.21
2023.366	57.23	11.30	14.53	12.21	10.11	8.01	8.22
2023.369	57.23	11.30	14.54	12.21	10.11	8.02	8.22
2023.372	57.23	11.29	14.54	12.21	10.11	8.02	8.22
2023.374	57.23	11.28	14.55	12.21	10.11	8.02	8.23
2023.377	57.23	11.27	14.50	12.27	10.11	8.02	8.23
2023.380	57.23	11.27	14.44	12.32	10.11	8.03	8.24
2023.383	57.23	11.26	14.42	12.35	10.10	8.03	8.24
2023.385	57.23	11.26	14.36	12.40	10.11	8.03	8.25
2023.388	57.23	11.24	14.35	12.42	10.10	8.03	8.25
2023.391	57.23	11.24	14.35	12.43	10.11	8.03	8.26
2023.394	57.23	11.23	14.35	12.43	10.10	8.04	8.26
2023.396	57.23	11.23	14.35	12.43	10.10	7.76	8.55
2023.399	57.23	11.22	14.36	12.44	10.09	7.69	8.62
2023.402	57.23	11.22	14.36	12.45	10.07	7.67	8.65
2023.405	57.23	11.20	14.37	12.46	10.07	7.65	8.68
2023.407	57.23	11.20	14.37	12.47	10.06	7.63	8.70
2023.410	57.23	11.19	14.37	12.49	10.03	7.61	8.73
2023.413	57.23	11.18	14.38	12.56	9.96	7.59	8.75
2023.415	57.23	11.18	14.38	12.60	9.91	7.57	8.78
2023.418	57.23	11.17	14.38	12.64	9.87	7.56	8.80
2023.421	57.23	11.16	14.39	12.72	9.80	7.54	8.82
2023.424	57.23	11.15	14.39	12.67	9.84	7.52	8.85
2023.426	57.23	11.15	14.40	12.65	9.87	7.50	8.88
2023.429	57.23	11.14	14.40	12.62	9.89	7.49	8.90
2023.432	57.23	11.14	14.40	12.59	9.92	7.47	8.93
2023.435	57.23	11.12	14.41	12.50	9.91	7.55	8.95
2023.437	57.23	11.12	14.41	12.44	9.84	7.66	8.98
2023.440	57.23	11.11	14.42	12.41	9.74	7.76	9.00
2023.443	57.23	11.11	14.42	12.40	9.49	8.01	9.03
2023.446	57.23	11.10	14.42	12.39	9.13	8.36	9.05
2023.448	57.23	11.10	14.42	12.39	8.75	8.71	9.08
2023.451	57.23	11.08	14.43	12.40	8.37	9.06	9.10
2023.454	57.23	11.08	14.44	12.41	8.29	9.11	9.13
2023.456	57.23	11.07	14.44	12.41	8.29	9.09	9.16
2023.459	57.23	11.06	14.45	12.40	8.29	9.08	9.17
2023.462	57.23	11.06	14.45	12.40	8.29	9.08	9.17
2023.465	57.23	11.05	14.46	12.40	8.30	9.08	9.18
2023.467	57.23	11.04	14.47	12.40	8.30	9.08	9.18
2023.470	57.23	11.03	14.47	12.39	8.30	9.08	9.19
2023.473	57.23	11.03	14.48	12.39	8.30	9.08	9.19
2023.476	57.23	11.02	14.48	12.39	8.31	9.08	9.20
2023.478	57.23	11.02	14.49	12.38	8.31	9.08	9.20
2023.481	57.23	11.00	14.50	12.38	8.31	9.08	9.21
2023.484	57.23	11.00	14.50	12.38	8.31	9.07	9.21
2023.487	57.23	10.99	14.51	12.38	8.31	9.07	9.22
2023.489	57.23	10.99	14.51	12.37	8.32	9.07	9.22
2023.492	57.23	10.98	14.52	12.37	8.39	9.00	9.22
2023.495	57.23	10.97	14.52	12.37	8.42	8.97	9.23
2023.498	57.23	10.96	14.53	12.36	8.46	8.94	9.23
2023.500	57.23	10.96	14.55	12.35	8.49	8.90	9.24
2023.503	57.23	10.95	14.58	12.32	8.52	8.87	9.24
2023.506	57.23	10.94	14.61	12.29	8.56	8.84	9.25
2023.508	57.23	10.94	14.65	12.26	8.59	8.80	9.25
2023.511	57.23	10.93	14.69	12.22	8.63	8.77	9.26
2023.514	57.23	10.92	14.72	12.20	8.70	8.70	9.26
2023.517	57.23	10.91	14.69	12.22	8.74	8.67	9.26
2023.519	57.23	10.91	14.63	12.29	8.77	8.63	9.27
2023.522	57.23	10.90	14.61	12.31	8.81	8.60	9.27
2023.525	57.23	10.90	14.60	12.32	8.84	8.57	9.28
2023.528	57.23	10.88	14.60	12.33	8.88	8.53	9.28
2023.530	57.23	10.88	14.60	12.33	8.92	8.50	9.28
2023.533	57.23	10.87	14.61	12.32	8.95	8.47	9.28
2023.536	57.23	10.87	14.61	12.32	9.02	8.40	9.29
2023.539	57.23	10.86	14.62	12.32	9.06	8.37	9.29
2023.541	57.23	10.85	14.62	12.32	9.09	8.34	9.29
2023.544	57.23	10.84	14.64	12.31	9.13	8.31	9.29
2023.547	57.23	10.84	14.64	12.31	9.17	8.27	9.29
2023.549	57.23	10.83	14.69	12.26	9.20	8.24	9.29
2023.552	57.23	10.87	14.71	12.21	9.23	8.21	9.30
2023.555	57.23	10.97	14.71	12.13	9.24	8.18	9.30
2023.558	57.23	11.19	14.60	12.04	9.29	8.11	9.30
2023.560	57.23	11.29	14.51	12.05	9.30	8.08	9.30
2023.563	57.23	11.40	14.40	12.07	9.31	8.05	9.30
2023.566	57.23	11.61	14.19	12.09	9.32	8.02	9.31
2023.569	57.23	11.72	14.08	12.11	9.33	7.98	9.31
2023.571	57.23	11.93	13.87	12.10	9.38	7.95	9.31
2023.574	57.23	12.04	13.76	12.05	9.45	7.92	9.31
2023.577	57.23	12.25	13.55	12.01	9.53	7.89	9.31
2023.580	57.23	12.36	13.44	11.97	9.63	7.82	9.32
2023.582	57.23	12.57	13.23	11.93	9.71	7.79	9.32
2023.585	57.23	12.68	13.12	11.92	9.73	7.77	9.32
2023.588	57.23	12.79	13.02	11.92	9.74	7.76	9.32
2023.591	57.23	13.00	12.80	11.92	9.76	7.75	9.32
2023.593	57.23	13.10	12.70	11.91	9.77	7.74	9.33
2023.596	57.23	13.13	12.68	11.91	9.79	7.73	9.33
2023.599	57.23	13.14	12.67	11.90	9.80	7.72	9.33
2023.601	57.23	13.16	12.64	11.90	9.83	7.70	9.33
2023.604	57.23	13.17	12.63	11.90	9.84	7.68	9.33
2023.607	57.23	13.19	12.62	11.89	9.85	7.68	9.33
2023.610	57.23	13.21	12.60	11.89	9.85	7.69	9.34
2023.612	57.23	13.22	12.58	11.89	9.85	7.69	9.34
2023.615	57.23	13.24	12.56	11.88	9.85	7.69	9.34
2023.618	57.23	13.26	12.55	11.83	9.90	7.70	9.34
2023.621	57.23	13.28	12.53	11.83	9.89	7.70	9.34
2023.623	57.23	13.29	12.51	11.87	9.85	7.71	9.35
2023.626	57.23	13.31	12.51	11.85	9.85	7.71	9.35
2023.629	57.23	13.33	12.52	11.82	9.85	7.71	9.35
2023.632	57.23	13.34	12.53	11.79	9.85	7.72	9.35
2023.634	57.23	13.36	12.53	11.76	9.85	7.72	9.35
2023.637	57.23	13.37	12.57	11.71	9.85	7.72	9.35
2023.640	57.23	13.40	12.60	11.65	9.85	7.73	9.35
2023.642	57.23	13.41	12.55	11.69	9.85	7.73	9.35
2023.645	57.23	13.43	12.48	11.73	9.85	7.74	9.35
2023.648	57.23	13.44	12.44	11.76	9.85	7.74	9.35
2023.651	57.23	13.44	12.42	11.77	9.85	7.74	9.35
2023.653	57.23	13.44	12.42	11.78	9.85	7.75	9.35
2023.656	57.23	13.43	12.41	11.78	9.85	7.75	9.35
2023.659	57.23	13.43	12.39	11.81	9.85	7.75	9.35
2023.662	57.23	13.42	12.38	11.81	9.85	7.76	9.35
2023.664	57.23	13.42	12.39	11.81	9.85	7.76	9.35
2023.667	57.23	13.41	12.39	11.80	9.85	7.77	9.35
2023.670	57.23	13.41	12.40	11.80	9.85	7.77	9.35
2023.673	57.23	13.40	12.40	11.80	9.85	7.77	9.35
2023.675	57.23	13.40	12.41	11.79	9.85	7.78	9.35
2023.678	57.23	13.39	12.41	11.79	9.85	7.79	9.35
2023.681	57.23	13.39	12.42	11.78	9.84	7.80	9.35
2023.684	57.23	13.38	12.42	11.78	9.84	7.81	9.35
2023.686	57.23	13.38	12.43	11.78	9.82	7.83	9.35
2023.689	57.23	13.37	12.43	11.77	9.81	7.84	9.35
2023.692	57.23	13.37	12.44	11.77	9.81	7.85	9.35
2023.694	57.23	13.36	12.45	11.76	9.80	7.86	9.35
2023.697	57.23	13.36	12.45	11.76	9.80	7.87	9.35
2023.700	57.08	13.50	12.45	11.76	9.79	7.88	9.35
2023.703	56.91	13.66	12.46	11.75	9.78	7.89	9.35
2023.705	56.75	13.82	12.46	11.75	9.78	7.90	9.35
2023.708	56.58	13.98	12.47	11.74	9.76	7.92	9.35
2023.711	56.42	14.14	12.47	11.74	9.76	7.93	9.35
2023.714	56.09	14.46	12.48	11.74	9.75	7.94	9.35
2023.716	55.92	14.62	12.48	11.73	9.74	7.95	9.35
2023.719	55.76	14.79	12.49	11.74	9.72	7.96	9.35
2023.722	55.59	14.95	12.49	11.77	9.69	7.97	9.35
2023.725	55.43	15.10	12.50	11.82	9.62	7.99	9.34
2023.727	55.10	15.43	12.50	11.85	9.58	8.01	9.32
2023.730	54.93	15.59	12.51	11.91	9.51	8.04	9.31
2023.733	54.77	15.75	12.51	11.93	9.47	8.06	9.30
2023.735	54.60	15.91	12.52	11.99	9.41	8.09	9.29
2023.738	54.46	16.05	12.52	11.92	9.46	8.16	9.22
2023.741	54.32	16.18	12.53	11.84	9.53	8.28	9.11
2023.744	54.05	16.44	12.54	11.77	9.59	8.29	9.12
2023.746	53.92	16.58	12.54	11.69	9.66	8.29	9.12
2023.749	53.91	16.58	12.54	11.68	9.66	8.29	9.13
2023.752	53.92	16.57	12.55	11.68	9.65	8.30	9.14
2023.755	53.93	16.54	12.56	11.67	9.64	8.30	9.15
2023.757	53.95	16.53	12.56	11.67	9.63	8.30	9.16
2023.760	53.96	16.51	12.56	11.67	9.62	8.30	9.17
2023.763	53.98	16.48	12.57	11.67	9.61	8.31	9.18
2023.766	54.00	16.46	12.57	11.67	9.60	8.31	9.19
2023.768	54.01	16.44	12.58	11.67	9.59	8.31	9.20
2023.771	54.02	16.43	12.58	11.67	9.58	8.29	9.22
2023.774	54.04	16.40	12.59	11.67	9.56	8.25	9.28
2023.777	54.05	16.39	12.61	11.65	9.55	8.25	9.29
2023.779	54.06	16.37	12.65	11.62	9.54	8.26	9.30
2023.782	54.08	16.35	12.69	11.59	9.53	8.26	9.31
2023.785	54.09	16.33	12.76	11.52	9.52	8.26	9.31
2023.787	54.10	16.32	12.96	11.33	9.51	8.26	9.32
2023.790	54.12	16.30	13.06	11.23	9.50	8.27	9.33
2023.793	54.13	16.28	13.16	11.13	9.49	8.27	9.34
2023.796	54.14	16.26	13.27	11.04	9.47	8.27	9.25
2023.798	54.16	16.24	13.46	10.84	9.46	8.27	9.08
2023.801	54.17	16.22	13.57	10.74	9.45	8.27	8.91
2023.804	54.19	16.19	13.67	10.65	9.44	8.27	8.80
2023.807	54.21	16.17	13.77	10.55	9.43	8.27	8.62
2023.809	54.22	16.16	13.97	10.36	9.42	8.28	8.51
2023.812	54.23	16.14	14.08	10.26	9.41	8.28	8.34
2023.815	54.25	16.12	14.18	10.16	9.40	8.28	8.23
2023.818	54.26	16.10	14.37	9.97	9.38	8.29	8.06
2023.820	54.27	16.09	14.48	9.87	9.37	8.29	7.95
2023.823	54.29	16.06	14.58	9.77	9.36	8.29	7.78
2023.826	54.30	16.05	14.68	9.68	9.35	8.29	7.59
2023.828	54.31	16.03	14.88	9.48	9.34	8.29	7.46
2023.831	54.33	16.01	14.99	9.38	9.34	8.28	7.24
2023.834	54.34	15.99	15.09	9.27	9.36	8.27	7.11
2023.837	54.35	15.96	15.20	9.17	9.38	8.25	6.90
2023.839	54.37	15.91	15.43	8.96	9.39	8.24	6.75
2023.842	54.39	15.81	15.60	8.84	9.41	8.24	6.53
2023.845	54.40	15.77	15.73	8.74	9.43	8.23	6.39
2023.848	54.42	15.72	15.87	8.63	9.45	8.22	6.17
2023.850	54.43	15.63	15.99	8.56	9.47	8.22	6.02
2023.853	54.44	15.58	16.03	8.54	9.49	8.21	5.80
2023.856	54.46	15.54	16.06	8.53	9.50	8.21	5.58
2023.859	54.47	15.49	16.10	8.52	9.53	8.20	5.43
2023.861	54.48	15.40	16.17	8.50	9.55	8.19	5.21
2023.864	54.50	15.36	16.21	8.50	9.56	8.19	5.06
2023.867	54.51	15.31	16.24	8.48	9.58	8.18	4.84
2023.870	54.52	15.22	16.31	8.47	9.60	8.18	4.70
2023.872	54.54	15.17	16.35	8.45	9.62	8.17	4.48
2023.875	54.55	15.13	16.38	8.45	9.63	8.16	4.33
2023.878	54.56	15.08	16.42	8.43	9.65	8.16	4.11
2023.880	54.58	14.99	16.48	8.42	9.68	8.15	3.89
2023.883	54.61	14.92	16.41	8.52	9.69	8.15	3.78
2023.886	54.63	14.87	16.32	8.63	9.71	8.14	3.78
2023.889	54.64	14.78	16.27	8.74	9.73	7.93	3.98
2023.891	54.66	14.73	16.20	8.84	9.74	7.71	4.20
2023.894	54.67	14.68	16.11	8.94	9.76	7.68	4.23
2023.897	54.69	14.63	16.04	9.04	9.78	7.63	4.27
2023.900	54.71	14.54	15.99	9.17	9.78	7.60	4.30
2023.902	54.72	14.49	15.92	9.28	9.78	7.55	4.34
2023.905	54.74	14.44	15.84	9.40	9.78	7.52	4.36
2023.908	54.76	14.39	15.76	9.52	9.78	7.48	4.40
2023.911	54.77	14.30	15.71	9.64	9.79	7.47	4.41
2023.913	54.79	14.25	15.64	9.76	9.78	7.46	4.41
2023.916	54.80	14.20	15.56	9.88	9.78	7.46	4.41
2023.919	54.82	14.11	15.51	10.00	9.79	7.45	4.41
2023.921	54.84	14.06	15.43	10.12	9.79	7.44	4.41
2023.924	54.87	13.99	15.35	10.24	9.79	7.44	4.41
2023.927	54.88	13.94	15.28	10.35	9.79	7.43	4.41
2023.930	54.90	13.85	15.23	10.48	9.79	7.43	4.41
2023.932	54.92	13.80	15.16	10.59	9.79	7.42	4.41
2023.935	54.93	13.80	15.02	10.72	9.80	7.41	4.41
2023.938	54.95	13.83	14.87	10.83	9.80	7.41	4.41
2023.941	54.96	13.85	14.71	10.95	9.80	7.40	4.41
2023.943	54.98	13.88	14.56	11.07	9.80	7.40	4.41
2023.946	55.00	13.90	14.40	11.19	9.80	7.39	4.41
2023.949	55.01	13.97	14.19	11.33	9.78	7.39	4.41
2023.952	55.03	14.00	14.09	11.43	9.68	7.46	4.41
2023.954	55.04	14.02	14.00	11.50	9.66	7.45	4.41
2023.957	55.06	14.05	13.93	11.58	9.62	7.44	4.41
2023.960	55.08	14.07	13.88	11.61	9.59	7.44	4.41
2023.963	55.11	14.08	13.84	11.65	9.57	7.43	4.41
2023.965	55.12	14.11	13.80	11.67	9.55	7.43	4.41
2023.968	55.14	14.13	13.76	11.66	9.57	7.42	4.41
2023.971	55.16	14.16	13.72	11.69	9.54	7.42	4.41
2023.973	55.17	14.22	13.64	11.72	9.51	7.41	4.41
2023.976	55.19	14.25	13.59	11.76	9.48	7.40	4.41
2023.979	55.20	14.27	13.55	11.87	9.38	7.40	4.41
2023.982	55.22	14.30	13.51	11.93	9.32	7.39	4.41
2023.984	55.24	14.33	13.47	12.00	9.26	7.39	4.41
2023.987	55.25	14.35	13.43	12.04	9.22	7.38	4.41
2023.990	55.27	14.38	13.39	12.06	9.21	7.37	4.41
2023.993	55.28	14.40	13.35	12.06	9.22	7.37	4.41
2023.995	55.30	14.43	13.30	12.06	9.22	7.36	4.41
2023.998	55.32	14.45	13.26	12.06	9.23	7.36	4.41
2024.001	55.33	14.52	13.18	12.06	9.23	7.35	4.41
2024.004	55.36	14.53	13.14	12.06	9.24	7.35	4.41
2024.006	55.38	14.55	13.10	12.06	9.24	7.34	4.41
2024.009	55.40	14.58	13.06	12.06	9.25	7.34	4.41
2024.012	55.41	14.61	13.01	12.06	9.26	7.33	4.41
2024.014	55.43	14.63	12.97	12.06	9.26	7.32	4.41
2024.017	55.44	14.66	12.93	12.06	9.27	7.32	4.41
2024.020	55.46	14.68	12.89	12.06	9.27	7.31	4.41
2024.023	55.48	14.71	12.85	12.06	9.28	7.31	4.41
2024.025	55.49	14.77	12.77	12.06	9.28	7.30	4.41
2024.028	55.51	14.80	12.72	12.06	9.28	7.30	4.41
2024.031	55.52	14.81	12.70	12.06	9.28	7.30	4.41
2024.034	55.54	14.80	12.70	12.06	9.29	7.30	4.41
2024.036	55.56	14.78	12.69	12.06	9.29	7.30	4.41
2024.039	55.57	14.77	12.69	12.06	9.29	7.29	4.41
2024.042	55.61	14.74	12.68	12.06	9.29	7.29	4.41
2024.045	55.62	14.73	12.68	12.06	9.29	7.29	4.41
2024.047	55.64	14.72	12.67	12.06	9.30	7.29	4.41
2024.050	55.65	14.72	12.66	12.06	9.30	7.29	4.41
2024.053	55.78	14.60	12.66	12.06	9.30	7.28	4.41
2024.056	55.90	14.48	12.65	12.06	9.30	7.28	4.41
2024.058	56.02	14.36	12.65	12.06	9.30	7.28	4.41
2024.061	56.14	14.24	12.65	12.06	9.31	7.28	4.41
2024.064	56.27	14.12	12.64	12.06	9.31	7.28	4.41
2024.066	56.39	14.01	12.64	12.06	9.31	7.27	4.41
2024.069	56.62	13.78	12.63	12.06	9.31	7.27	4.41
2024.072	56.74	13.66	12.63	12.06	9.31	7.27	4.41
2024.075	56.88	13.53	12.63	12.06	9.32	7.27	4.41
2024.077	57.02	13.40	12.62	12.06	9.32	7.27	4.41
2024.080	57.16	13.26	12.62	12.05	9.32	7.26	4.41
2024.083	57.45	12.98	12.77	11.91	9.31	7.26	4.41
2024.086	57.59	12.84	13.37	11.30	9.31	7.26	4.41
2024.088	57.74	12.70	13.98	10.70	9.31	7.26	4.41
2024.091	57.88	12.56	14.58	10.09	9.30	7.26	4.41
2024.094	58.02	12.42	14.56	10.11	9.30	7.25	4.41
2024.097	58.17	12.28	14.48	10.19	9.30	7.25	4.41
2024.099	58.37	12.08	14.41	10.26	9.30	7.25	4.41
2024.102	58.39	12.08	14.35	10.31	9.33	7.22	4.41
2024.105	58.40	12.07	14.27	10.38	9.38	7.17	4.41
2024.107	58.41	12.06	14.20	10.45	9.41	7.14	4.41
2024.110	58.42	12.05	14.12	10.53	9.47	7.08	4.41
2024.113	58.44	12.05	14.05	10.59	9.50	7.06	4.41
2024.116	58.45	12.04	13.97	10.67	9.52	7.03	4.41
2024.118	58.46	12.03	13.90	10.74	9.53	7.03	4.41
2024.121	58.49	12.01	13.82	10.81	9.53	7.02	4.41
2024.124	58.50	12.00	13.75	11.10	9.32	7.02	4.41
2024.127	58.52	11.99	13.69	11.53	8.94	7.01	4.41
2024.129	58.53	11.99	13.61	11.60	8.95	7.00	4.41
2024.132	58.54	11.98	13.53	11.67	8.95	7.00	4.41
2024.135	58.56	11.97	13.46	11.74	8.96	7.00	4.41
2024.138	58.57	11.96	13.37	11.82	8.96	7.00	4.41
2024.140	58.58	11.96	13.29	11.89	8.96	6.99	4.41
2024.143	58.60	11.93	13.23	11.97	8.96	6.99	4.41
2024.146	58.61	11.91	13.17	12.04	8.96	6.99	4.41
2024.149	58.62	11.88	13.11	12.12	8.97	6.99	4.41
2024.151	58.63	11.85	13.06	12.18	8.97	6.99	4.41
2024.154	58.65	11.82	13.00	12.25	8.97	6.98	4.41
2024.157	58.73	11.73	12.94	12.33	8.97	6.98	4.40
2024.159	58.81	11.63	12.88	12.40	8.97	6.98	4.37
2024.162	58.99	11.44	12.82	12.48	8.98	6.98	4.35
2024.165	59.07	11.34	12.76	12.55	8.98	6.98	4.32
2024.168	59.16	11.23	12.75	12.58	8.98	6.97	4.30
2024.170	59.24	11.13	12.74	12.60	8.98	6.97	4.27
2024.173	59.33	11.03	12.73	12.63	8.98	6.97	4.25
2024.176	59.42	10.95	12.71	12.65	8.99	6.97	4.22
2024.179	59.52	10.84	12.70	12.66	8.99	6.97	4.20
2024.181	59.63	10.73	12.70	12.66	8.99	6.96	4.17
2024.184	59.74	10.63	12.70	12.66	8.99	6.96	4.15
2024.187	59.84	10.52	12.70	12.66	8.99	6.96	4.12
2024.190	59.95	10.42	12.70	12.66	9.00	6.96	4.10
2024.192	60.05	10.31	12.70	12.66	9.00	6.96	4.07
2024.195	60.16	10.21	12.70	12.66	9.00	6.95	4.05
2024.198	60.26	10.10	12.70	12.66	9.00	6.95	4.02
2024.200	60.37	9.99	12.70	12.66	9.00	6.95	4.00
2024.203	60.58	9.78	12.70	12.66	9.01	6.95	3.97
2024.206	60.69	9.68	12.70	12.66	9.01	6.95	3.84
2024.209	60.79	9.57	12.70	12.66	9.01	6.94	3.78
2024.211	60.90	9.47	12.70	12.66	9.01	6.94	3.65
2024.214	61.00	9.36	12.70	12.66	9.01	6.94	3.59
2024.217	61.11	9.25	12.70	12.66	9.01	6.94	3.52
2024.220	61.22	9.15	12.70	12.66	9.02	6.94	3.39
2024.222	61.31	9.06	12.70	12.66	9.02	6.94	3.33
2024.225	61.32	9.04	12.70	12.66	9.02	6.93	3.20
2024.228	61.34	9.03	12.70	12.66	9.02	6.93	3.14
2024.231	61.35	9.02	12.70	12.66	9.02	6.93	3.01
2024.233	61.36	9.00	12.70	12.66	9.03	6.93	2.94
2024.236	61.38	8.99	12.70	12.66	9.03	6.93	2.88
2024.239	61.39	8.98	12.70	12.66	9.03	6.92	2.75
2024.242	61.41	8.95	12.70	12.66	9.03	6.92	2.68
2024.244	61.43	8.94	12.70	12.66	9.03	6.92	2.56
2024.247	61.44	8.92	12.70	12.66	9.04	6.92	2.49
2024.250	61.45	8.91	12.70	12.66	9.04	6.92	2.36
2024.252	61.47	8.90	12.70	12.66	9.04	6.91	2.30
2024.255	61.48	8.89	12.70	12.66	9.04	6.91	2.23
2024.258	61.49	8.87	12.70	12.66	9.04	6.91	2.11
2024.261	61.51	8.86	12.70	12.66	9.05	6.91	2.04
2024.263	61.52	8.85	12.70	12.66	9.05	6.91	1.91
2024.266	61.53	8.83	12.70	12.66	9.05	6.91	1.85
2024.269	61.55	8.82	12.70	12.66	9.05	6.90	1.72
2024.272	61.56	8.81	12.70	12.66	9.05	6.90	1.66
2024.274	61.57	8.79	12.70	12.66	9.06	6.90	1.59
2024.277	61.58	8.78	12.70	12.66	9.06	6.90	1.46
2024.280	61.60	8.77	12.70	12.66	9.06	6.90	1.40
2024.283	61.62	8.74	12.70	12.66	9.06	6.89	1.27
2024.285	61.64	8.73	12.70	12.66	9.06	6.89	1.20
2024.288	61.65	8.72	12.70	12.66	9.06	6.89	1.05
2024.291	61.66	8.70	12.70	12.66	9.07	6.89	1.00
2024.293	61.68	8.69	12.70	12.66	9.07	6.89	1.00
2024.296	61.69	8.68	12.70	12.66	9.07	6.88	1.00
2024.299	61.69	8.67	12.70	12.66	9.07	6.88	1.00
2024.302	61.69	8.67	12.70	12.66	9.07	6.63	1.25
2024.304	61.69	8.67	12.70	12.66	9.08	6.50	1.38
2024.307	61.69	8.67	12.70	12.66	9.08	6.24	1.63
2024.310	61.69	8.67	12.70	12.66	9.08	6.11	1.76
2024.313	61.69	8.67	12.70	12.66	9.08	5.98	1.89
2024.315	61.69	8.67	12.70	12.66	9.08	5.72	2.15
2024.318	61.69	8.67	12.70	12.66	9.09	5.59	2.28
2024.321	61.69	8.67	12.70	12.66	9.09	5.33	2.54
2024.324	61.69	8.67	12.70	12.66	9.09	5.20	2.66
2024.326	61.69	8.67	12.70	12.66	9.09	4.94	2.92
2024.329	61.69	8.67	12.70	12.66	9.09	4.87	2.98
2024.332	61.69	8.67	12.70	12.66	9.09	4.86	3.00
2024.335	61.69	8.67	12.70	12.66	9.10	4.85	3.01
2024.337	61.69	8.67	12.70	12.66	9.10	4.84	3.01
2024.340	61.69	8.67	12.70	12.66	9.10	4.84	3.01
2024.343	61.69	8.67	12.70	12.66	9.10	4.84	3.01
2024.345	61.69	8.67	12.70	12.66	9.10	4.84	3.01
2024.348	61.69	8.67	12.70	12.66	9.11	4.84	3.01
2024.351	61.69	8.67	12.70	12.66	9.11	4.83	3.01
2024.354	61.69	8.67	12.70	12.66	9.11	4.84	3.00
2024.356	61.69	8.67	12.70	12.66	9.11	4.84	3.00
2024.359	61.69	8.67	12.70	12.66	9.11	4.84	2.99
2024.362	61.69	8.67	12.70	12.66	9.12	4.85	2.99
2024.365	61.69	8.67	12.70	12.66	9.12	4.85	2.98
2024.367	61.69	8.67	12.70	12.66	9.12	4.86	2.97
2024.370	61.69	8.67	12.70	12.66	9.12	4.89	2.94
2024.373	61.69	8.67	12.70	12.66	9.12	4.95	2.87
2024.376	61.69	8.67	12.70	12.66	9.12	4.98	2.84
2024.378	61.69	8.67	12.70	12.66	9.12	5.05	2.78
2024.381	61.69	8.67	12.70	12.66	9.12	5.08	2.75
2024.384	61.69	8.67	12.70	12.66	9.12	5.15	2.68
2024.386	61.69	8.67	12.70	12.66	9.12	5.18	2.65
2024.389	61.69	8.67	12.70	12.66	9.12	5.18	2.65
2024.392	61.69	8.67	12.70	12.66	9.12	5.18	2.65
2024.395	61.69	8.67	12.70	12.66	9.12	5.18	2.65
2024.397	61.69	8.67	12.70	12.66	9.12	5.18	2.65
2024.400	61.69	8.67	12.70	12.66	9.12	5.18	2.65
2024.403	61.69	8.67	12.78	12.58	9.12	5.18	2.65
2024.406	61.69	8.67	13.13	12.23	9.12	5.18	2.65
2024.408	61.69	8.67	13.51	11.84	9.12	5.18	2.65
2024.411	61.69	8.67	13.51	11.84	9.12	5.18	2.65
2024.414	61.69	8.67	13.51	11.84	9.12	5.18	2.65
2024.417	61.69	8.67	13.51	11.84	9.12	5.18	2.65
2024.419	61.69	8.67	13.51	11.84	9.12	5.18	2.65
2024.422	61.69	8.67	13.51	11.84	9.12	5.18	2.65
2024.425	61.69	8.67	13.51	11.84	9.12	5.18	2.65
2024.428	61.69	8.67	13.51	11.84	9.12	5.18	2.65
2024.430	61.69	8.67	13.51	11.84	9.12	5.18	2.65
2024.433	61.69	8.67	13.51	11.84	9.12	5.18	2.65
2024.436	61.69	8.67	13.51	11.84	9.12	5.18	2.65
2024.438	61.69	8.67	13.51	11.84	9.12	5.18	2.65
2024.441	61.69	8.67	13.51	11.84	9.12	5.18	2.65
2024.444	61.69	8.67	13.51	11.84	9.12	5.18	2.65
2024.447	61.69	8.67	13.51	11.84	9.12	5.18	2.65
2024.449	61.69	8.67	13.51	11.84	9.12	5.18	2.65
2024.452	61.69	8.67	13.51	11.84	9.12	5.18	2.65
2024.455	61.69	8.67	13.51	11.84	9.12	5.18	2.65
2024.458	61.69	8.65	13.54	11.84	9.12	5.18	2.65
2024.460	61.69	8.62	13.56	11.84	9.12	5.18	2.65
2024.463	61.69	8.62	13.56	11.84	9.12	5.18	2.65
2024.466	61.69	8.62	13.56	11.84	9.12	5.18	2.65
2024.469	61.69	8.62	13.56	11.84	9.12	5.18	2.65
2024.471	61.69	8.62	13.56	11.84	9.12	5.18	2.65
2024.474	61.69	8.62	13.56	11.84	9.12	5.18	2.65
2024.477	61.69	8.62	13.56	11.84	9.12	5.18	2.65
2024.479	61.69	8.62	13.56	11.84	9.12	5.18	2.65
2024.482	61.69	8.62	13.56	11.84	9.12	5.18	2.65
2024.485	61.69	8.62	13.56	11.84	9.12	5.18	2.65
2024.488	61.69	8.62	13.56	11.84	9.12	5.18	2.65
2024.490	61.69	8.62	13.56	11.84	9.12	5.18	2.65