X	Percentil5	Percentil10	Percentil25	Percentil50	Percentil75	Percentil90	Percentil95
2019.501	34.07	7.45	13.34	13.13	15.49	14.19	6.75
2019.504	34.07	7.45	13.34	13.13	15.49	14.19	6.75
2019.507	34.07	7.45	13.34	13.13	15.49	14.19	6.75
2019.510	34.07	7.45	13.34	13.13	15.49	14.19	6.75
2019.512	34.07	7.45	13.34	13.13	15.49	14.19	6.75
2019.515	34.07	7.45	13.34	13.13	15.49	14.19	6.75
2019.518	34.07	7.45	13.34	13.13	15.49	14.19	6.75
2019.521	34.07	7.45	13.34	13.13	15.49	14.19	6.75
2019.523	34.07	7.45	13.34	13.13	15.49	14.19	6.75
2019.526	34.07	7.45	13.34	13.13	15.49	14.19	6.75
2019.529	34.07	7.45	13.34	13.13	15.49	14.19	6.75
2019.531	34.07	7.45	13.34	13.13	15.49	14.19	6.75
2019.534	34.07	7.45	13.34	13.13	15.49	14.19	6.75
2019.537	34.07	7.45	13.34	13.13	15.49	14.19	6.75
2019.540	34.07	7.45	13.34	13.13	15.49	14.19	6.75
2019.542	34.07	7.45	13.34	13.08	15.53	14.19	6.75
2019.545	34.07	7.45	13.33	13.09	15.53	14.19	6.75
2019.548	34.07	7.45	13.32	13.10	15.53	14.19	6.75
2019.551	34.07	7.46	13.31	13.11	15.53	14.19	6.75
2019.553	34.06	7.46	13.30	13.12	15.53	14.19	6.75
2019.556	34.06	7.46	13.29	13.13	15.53	14.19	6.75
2019.559	34.06	7.47	13.29	13.14	15.53	14.19	6.75
2019.562	34.05	7.47	13.27	13.15	15.53	14.19	6.75
2019.564	34.05	7.47	12.97	13.45	15.53	14.19	6.75
2019.567	34.05	7.48	12.97	13.45	15.53	14.19	6.75
2019.570	34.05	7.48	12.97	13.45	15.53	14.19	6.75
2019.572	34.04	7.48	12.97	13.45	15.53	14.19	6.75
2019.575	34.04	7.48	12.97	13.45	15.53	14.19	6.75
2019.578	34.04	7.49	12.97	13.45	15.53	14.19	6.75
2019.581	34.03	7.49	12.97	13.45	15.53	14.19	6.75
2019.583	34.03	7.49	12.97	13.45	15.44	14.29	6.75
2019.586	34.03	7.50	12.97	13.45	15.33	14.40	6.75
2019.589	34.03	7.50	12.96	13.46	15.27	14.46	6.75
2019.592	34.03	7.50	12.96	13.47	15.23	14.50	6.75
2019.594	34.03	7.50	12.95	13.47	15.21	14.52	6.75
2019.597	34.03	7.50	12.98	13.44	15.21	14.52	6.75
2019.600	34.03	7.50	13.00	13.42	15.21	14.52	6.75
2019.603	34.03	7.50	12.99	13.43	15.21	14.52	6.75
2019.605	34.03	7.50	12.97	13.45	15.21	14.52	6.75
2019.608	34.03	7.50	12.97	13.45	15.21	14.52	6.75
2019.611	34.03	7.50	12.97	13.45	15.21	14.52	6.75
2019.614	34.03	7.27	13.20	13.45	15.02	14.71	6.75
2019.616	34.04	7.15	13.32	13.45	14.90	14.83	6.75
2019.619	34.04	7.14	13.32	13.45	14.90	14.83	6.75
2019.622	34.05	7.13	13.27	13.50	14.90	14.83	6.75
2019.624	34.06	7.12	13.24	13.53	14.90	14.83	6.75
2019.627	34.06	7.12	13.24	13.53	14.84	14.89	6.75
2019.630	34.07	7.11	13.24	13.53	14.85	14.87	6.75
2019.633	34.08	7.11	13.24	13.53	14.89	14.84	6.75
2019.635	34.09	7.09	13.24	13.53	14.90	14.83	6.75
2019.638	34.09	7.09	13.24	13.53	14.90	14.83	6.75
2019.641	34.10	7.08	13.24	13.53	14.90	14.83	6.75
2019.644	34.10	7.08	13.24	13.53	14.90	14.82	6.75
2019.646	34.13	7.05	13.24	13.53	14.91	14.82	6.75
2019.649	34.19	6.99	13.24	13.53	14.91	14.82	6.75
2019.652	34.22	6.96	13.24	13.56	14.88	14.82	6.75
2019.655	34.26	6.93	13.24	13.57	14.86	14.82	6.75
2019.657	34.29	6.89	13.24	13.57	14.86	14.82	6.75
2019.660	34.32	6.88	13.22	13.57	14.82	14.86	6.75
2019.663	34.35	6.88	13.19	13.57	14.81	14.87	6.75
2019.665	34.20	7.03	13.18	13.53	14.86	14.87	6.75
2019.668	34.07	7.20	13.15	13.53	14.86	14.87	6.75
2019.671	34.02	7.26	13.14	13.53	14.85	14.88	6.75
2019.674	34.03	7.29	13.11	13.54	14.83	14.89	6.75
2019.676	34.03	7.31	13.08	13.55	14.82	14.89	6.75
2019.679	34.03	7.32	13.06	13.53	14.83	14.89	6.75
2019.682	34.03	7.35	13.04	13.53	14.83	14.90	6.75
2019.685	34.04	7.36	13.02	13.53	14.82	14.91	6.75
2019.687	34.04	7.39	12.95	13.57	14.81	14.92	6.75
2019.690	34.04	7.42	12.90	13.59	14.80	14.93	6.75
2019.693	34.04	7.43	12.89	13.59	14.79	14.94	6.75
2019.696	34.05	7.45	12.86	13.59	14.78	14.95	6.75
2019.698	34.05	7.47	12.84	13.59	14.78	14.95	6.75
2019.701	34.05	7.47	12.83	13.59	14.78	14.95	6.75
2019.704	34.05	7.47	12.83	13.59	14.78	14.95	6.75
2019.707	34.06	7.47	12.83	13.59	14.78	14.95	6.75
2019.709	34.06	7.47	12.52	13.90	14.78	14.95	6.75
2019.712	34.06	7.46	12.52	13.90	14.78	14.95	6.75
2019.715	34.06	7.46	12.52	13.90	14.78	14.95	6.75
2019.717	34.07	7.46	12.52	13.90	14.78	14.95	6.75
2019.720	34.07	7.47	12.52	13.88	14.78	14.95	6.75
2019.723	34.07	7.50	12.51	13.86	14.78	14.95	6.75
2019.726	34.08	7.53	12.50	13.84	14.78	14.95	6.75
2019.728	34.08	7.55	12.49	13.82	14.78	14.95	6.75
2019.731	34.08	7.58	12.48	13.80	14.78	14.93	6.77
2019.734	34.08	7.61	12.49	13.76	14.78	14.90	6.79
2019.737	34.09	7.64	12.48	13.74	14.78	14.84	6.85
2019.739	34.09	7.67	12.47	13.72	14.78	14.78	6.90
2019.742	34.09	7.69	12.47	13.70	14.78	14.73	6.95
2019.745	34.09	7.68	12.49	13.68	14.78	14.63	7.05
2019.748	34.10	7.68	12.53	13.64	14.78	14.57	7.10
2019.750	34.10	7.51	12.72	13.62	14.78	14.52	7.15
2019.753	34.10	7.43	12.84	13.58	14.78	14.41	7.25
2019.756	34.10	7.43	12.86	13.56	14.78	14.36	7.30
2019.758	34.11	7.42	12.88	13.53	14.78	14.36	7.29
2019.761	34.11	7.42	12.89	13.53	14.78	14.36	7.28
2019.764	34.13	7.40	12.89	13.53	14.78	14.36	7.27
2019.767	34.14	7.39	12.89	13.53	14.78	14.36	7.26
2019.769	34.16	7.38	12.89	13.53	14.78	14.36	7.26
2019.772	34.17	7.36	12.89	13.53	14.78	14.36	7.25
2019.775	34.06	7.47	12.89	13.53	14.78	14.36	7.24
2019.778	33.94	7.59	12.89	13.53	14.78	14.36	7.23
2019.780	33.88	7.65	12.89	13.53	14.78	14.36	7.23
2019.783	33.88	7.65	12.89	13.50	14.80	14.36	7.22
2019.786	33.88	7.65	12.89	13.49	14.82	14.36	7.21
2019.789	33.88	7.64	12.90	13.45	14.85	14.36	7.21
2019.791	33.88	7.61	12.92	13.44	14.87	14.35	7.20
2019.794	33.88	7.60	12.94	13.42	14.88	14.34	7.20
2019.797	33.88	7.57	12.96	13.45	14.85	14.34	7.18
2019.800	33.88	7.55	12.99	13.49	14.82	14.33	7.15
2019.802	33.88	7.55	12.98	13.52	14.78	14.33	7.13
2019.805	33.88	7.56	12.97	13.53	14.78	14.33	7.11
2019.808	33.88	7.60	12.93	13.53	14.78	14.32	7.10
2019.810	33.88	7.62	12.92	13.53	14.78	14.32	7.10
2019.813	33.88	7.64	12.89	13.53	14.78	14.31	7.10
2019.816	33.88	7.65	12.88	13.53	14.78	14.31	7.11
2019.819	33.88	7.66	12.88	13.53	14.78	14.31	7.11
2019.821	33.88	7.66	12.88	13.53	14.78	14.30	7.11
2019.824	33.88	7.66	12.88	13.53	14.72	14.36	7.12
2019.827	33.89	7.65	12.88	13.53	14.68	14.39	7.12
2019.830	33.90	7.64	12.88	13.53	14.65	14.42	7.13
2019.832	33.90	7.64	12.88	13.52	14.62	14.45	7.13
2019.835	33.91	7.63	12.88	13.52	14.58	14.48	7.13
2019.838	33.92	7.61	12.88	13.53	14.55	14.51	7.14
2019.841	33.93	7.57	12.86	13.59	14.52	14.54	7.14
2019.843	33.94	7.53	12.89	13.56	14.51	14.56	7.15
2019.846	33.96	7.47	12.92	13.39	14.65	14.59	7.15
2019.849	33.97	7.43	12.96	13.36	14.65	14.62	7.16
2019.851	33.98	7.39	12.99	13.33	14.63	14.65	7.16
2019.854	33.99	7.34	13.02	13.27	14.67	14.68	7.16
2019.857	34.00	7.30	13.06	13.17	14.75	14.69	7.17
2019.860	34.00	7.26	13.09	13.08	14.79	14.73	7.17
2019.862	34.01	7.23	13.11	13.06	14.75	14.80	7.17
2019.865	34.02	7.21	13.12	13.06	14.70	14.83	7.18
2019.868	34.03	7.20	13.12	13.06	14.69	14.84	7.18
2019.871	34.04	7.20	13.12	13.06	14.68	14.85	7.18
2019.873	34.03	7.21	13.12	13.06	14.67	14.85	7.18
2019.876	34.02	7.22	13.11	13.06	14.66	14.86	7.19
2019.879	34.02	7.22	13.11	13.06	14.65	14.87	7.19
2019.882	34.01	7.23	13.11	13.06	14.64	14.88	7.19
2019.884	34.01	7.23	13.11	13.06	14.63	14.88	7.20
2019.887	34.00	7.24	13.11	13.06	14.61	14.89	7.20
2019.890	34.00	7.25	13.11	13.06	14.60	14.90	7.21
2019.893	33.99	7.25	13.11	13.06	14.61	14.89	7.21
2019.895	33.99	7.26	13.11	13.06	14.61	14.88	7.22
2019.898	33.98	7.27	13.11	13.06	14.61	14.88	7.23
2019.901	33.98	7.28	13.10	13.06	14.61	14.87	7.23
2019.903	33.97	7.28	13.17	13.00	14.61	14.86	7.23
2019.906	33.97	7.29	13.17	12.99	14.61	14.86	7.24
2019.909	33.96	7.29	13.16	13.00	14.61	14.85	7.24
2019.912	33.96	7.30	13.14	13.02	14.61	14.85	7.24
2019.914	33.95	7.31	13.11	13.05	14.62	14.84	7.25
2019.917	33.95	7.31	13.10	13.06	14.62	14.84	7.25
2019.920	33.94	7.32	13.10	13.06	14.62	14.83	7.26
2019.923	33.94	7.32	13.10	13.06	14.62	14.82	7.26
2019.925	33.94	7.32	13.10	13.06	14.62	14.81	7.27
2019.928	33.95	7.31	13.10	13.06	14.62	14.80	7.28
2019.931	33.96	7.30	13.09	13.06	14.62	14.79	7.28
2019.934	34.00	7.27	13.09	13.06	14.63	14.78	7.29
2019.936	34.03	7.23	13.09	13.06	14.63	14.77	7.30
2019.939	34.10	7.17	13.08	13.07	14.59	14.80	7.31
2019.942	34.13	7.14	13.08	13.07	14.55	14.83	7.31
2019.944	34.17	7.09	13.09	13.08	14.50	14.86	7.32
2019.947	34.20	7.04	13.09	13.09	14.46	14.89	7.33
2019.950	34.23	6.93	13.14	13.12	14.42	14.93	7.33
2019.953	34.30	6.71	13.27	13.13	14.40	14.93	7.35
2019.955	34.33	6.71	13.23	13.15	14.39	14.92	7.36
2019.958	34.37	6.76	13.13	13.17	14.37	14.94	7.37
2019.961	34.44	6.70	13.10	13.18	14.31	14.99	7.37
2019.964	34.44	6.69	13.09	13.20	14.27	15.02	7.38
2019.966	34.44	6.69	13.08	13.20	14.24	15.05	7.39
2019.969	34.44	6.69	13.06	13.21	14.17	15.11	7.39
2019.972	34.44	6.69	13.05	13.22	14.14	15.14	7.40
2019.975	34.44	6.69	13.03	13.23	14.11	15.17	7.41
2019.977	34.44	6.69	13.01	13.24	14.04	15.23	7.42
2019.980	34.44	6.69	13.00	13.25	14.02	15.26	7.42
2019.983	34.44	6.69	12.98	13.26	14.00	15.27	7.43
2019.986	34.44	6.69	12.97	13.27	13.96	15.31	7.44
2019.988	34.44	6.69	12.95	13.28	13.95	15.31	7.44
2019.991	34.44	6.69	12.93	13.29	13.94	15.31	7.45
2019.994	34.44	6.69	12.92	13.30	13.98	15.28	7.46
2019.996	34.44	6.69	12.89	13.32	14.02	15.23	7.46
2019.999	34.44	6.69	12.87	13.33	14.09	15.16	7.47
2020.002	34.44	6.66	12.90	13.33	14.15	15.10	7.48
2020.005	34.44	6.62	12.93	13.33	14.20	15.03	7.50
2020.007	34.44	6.55	13.01	13.32	14.26	14.97	7.50
2020.010	34.44	6.51	13.05	13.31	14.32	14.91	7.51
2020.013	34.44	6.47	13.09	13.29	14.39	14.85	7.52
2020.016	34.44	6.43	13.12	13.28	14.46	14.79	7.52
2020.018	34.44	6.39	13.16	13.27	14.52	14.72	7.53
2020.021	34.44	6.35	13.20	13.26	14.58	14.66	7.54
2020.024	34.44	6.28	13.28	13.26	14.63	14.60	7.54
2020.027	34.44	6.24	13.33	13.24	14.65	14.58	7.55
2020.029	34.44	6.20	13.39	13.21	14.67	14.55	7.56
2020.032	34.44	6.17	13.44	13.19	14.69	14.53	7.57
2020.035	34.44	6.16	13.47	13.17	14.71	14.51	7.57
2020.037	34.44	6.16	13.49	13.14	14.72	14.49	7.58
2020.040	34.44	6.17	13.50	13.12	14.74	14.46	7.59
2020.043	34.44	6.18	13.50	13.09	14.75	14.45	7.59
2020.046	34.44	6.24	13.47	13.07	14.77	14.43	7.60
2020.048	34.44	6.26	13.46	13.04	14.79	14.41	7.61
2020.051	34.44	6.40	13.34	13.02	14.80	14.38	7.62
2020.054	34.44	6.76	13.00	13.00	14.82	14.36	7.62
2020.057	34.44	6.78	13.00	12.97	14.84	14.34	7.63
2020.059	34.44	6.80	13.00	12.95	14.87	14.29	7.65
2020.062	34.44	6.81	13.01	12.92	14.89	14.26	7.66
2020.065	34.46	6.80	13.01	12.90	14.92	14.23	7.66
2020.068	34.51	6.76	13.02	12.85	14.96	14.21	7.67
2020.070	34.55	6.73	13.03	12.82	14.98	14.20	7.68
2020.073	34.60	6.71	13.02	12.78	15.00	14.19	7.69
2020.076	34.65	6.67	13.02	12.75	15.02	14.17	7.70
2020.079	34.69	6.64	13.01	12.72	15.10	14.10	7.70
2020.081	34.74	6.60	13.01	12.70	15.19	14.02	7.71
2020.084	34.79	6.57	13.00	12.68	15.21	14.01	7.72
2020.087	34.88	6.49	12.99	12.66	15.23	14.00	7.73
2020.089	34.93	6.48	12.96	12.68	15.19	13.99	7.73
2020.092	34.97	6.47	12.99	12.67	15.14	13.98	7.74
2020.095	35.02	6.50	12.93	12.63	15.17	13.97	7.75
2020.098	35.07	6.47	12.92	12.62	15.17	13.96	7.76
2020.100	35.09	6.47	12.90	12.61	15.17	13.95	7.76
2020.103	35.04	6.57	12.86	12.66	15.11	13.94	7.77
2020.106	35.00	6.64	12.83	12.72	15.05	13.93	7.78
2020.109	34.95	6.71	12.80	12.76	15.02	13.92	7.79
2020.111	34.90	6.78	12.77	12.84	14.94	13.92	7.78
2020.114	34.86	6.85	12.74	12.87	14.93	13.92	7.78
2020.117	34.81	6.95	12.69	12.93	14.86	13.92	7.78
2020.120	34.77	7.02	12.65	12.96	14.85	13.91	7.78
2020.122	34.72	7.09	12.67	12.93	14.83	13.91	7.77
2020.125	34.68	7.17	12.65	12.95	14.80	13.91	7.77
2020.128	34.63	7.24	12.60	12.98	14.80	13.91	7.77
2020.130	34.58	7.31	12.56	13.00	14.76	13.95	7.77
2020.133	34.57	7.37	12.48	13.07	14.67	13.98	7.77
2020.136	34.60	7.37	12.45	13.13	14.61	13.99	7.76
2020.139	34.62	7.37	12.42	13.17	14.54	14.04	7.76
2020.141	34.64	7.36	12.41	13.18	14.52	14.04	7.76
2020.144	34.67	7.35	12.40	13.17	14.53	14.03	7.76
2020.147	34.69	7.36	12.38	13.16	14.54	14.02	7.76
2020.150	34.72	7.36	12.37	13.15	14.54	14.02	7.75
2020.152	34.76	7.33	12.36	13.15	14.51	14.05	7.75
2020.155	34.79	7.32	12.38	13.11	14.48	14.08	7.75
2020.158	34.81	7.30	12.44	13.04	14.43	14.13	7.75
2020.161	34.65	7.46	12.51	12.97	14.40	14.16	7.74
2020.163	34.46	7.65	12.56	12.92	14.39	14.17	7.74
2020.166	34.44	7.67	12.58	12.90	14.38	14.18	7.74
2020.169	34.44	7.67	12.60	12.89	14.37	14.19	7.74
2020.171	34.44	7.67	12.61	12.88	14.39	14.17	7.74
2020.174	34.44	7.67	12.62	12.86	14.40	14.16	7.73
2020.177	34.44	7.67	12.63	12.86	14.40	14.15	7.73
2020.180	34.44	7.67	12.63	12.85	14.41	14.14	7.73
2020.182	34.44	7.67	12.64	12.85	14.42	14.13	7.73
2020.185	34.44	7.67	12.65	12.84	14.44	14.12	7.73
2020.188	34.44	7.31	13.02	12.83	14.45	14.11	7.72
2020.191	34.44	7.01	13.32	12.83	14.46	14.10	7.72
2020.193	34.44	7.01	13.33	12.82	14.46	14.09	7.72
2020.196	34.44	7.01	13.34	12.81	14.48	14.07	7.72
2020.199	34.44	7.01	13.35	12.80	14.49	14.06	7.72
2020.202	34.44	6.96	13.40	12.80	14.50	14.05	7.71
2020.204	34.44	6.93	13.44	12.80	14.51	14.04	7.71
2020.207	34.44	6.95	13.41	12.80	14.52	14.03	7.71
2020.210	34.44	6.96	13.39	12.81	14.52	14.03	7.71
2020.213	34.44	6.98	13.37	12.81	14.51	14.04	7.71
2020.215	34.44	6.99	13.35	12.82	14.49	14.06	7.71
2020.218	34.40	7.05	13.32	12.83	14.47	14.08	7.71
2020.221	34.38	7.06	13.31	12.84	14.45	14.10	7.71
2020.223	34.38	7.07	13.31	12.84	14.43	14.12	7.71
2020.226	34.20	7.25	13.30	12.85	14.40	14.15	7.71
2020.229	34.10	7.35	13.29	12.85	14.36	14.19	7.71
2020.232	34.07	7.38	13.29	12.86	14.33	14.21	7.71
2020.234	34.06	7.39	13.28	12.87	14.29	14.25	7.71
2020.237	34.11	7.34	13.23	12.92	14.27	14.28	7.71
2020.240	34.16	7.28	13.04	13.11	14.23	14.32	7.71
2020.243	34.22	7.23	13.03	13.11	14.20	14.34	7.71
2020.245	34.28	7.17	13.03	13.12	14.18	14.36	7.71
2020.248	34.28	7.17	13.02	13.12	14.21	14.34	7.71
2020.251	34.27	7.18	13.01	13.11	14.24	14.33	7.71
2020.254	34.27	7.18	13.01	13.10	14.27	14.30	7.71
2020.256	34.25	7.20	13.00	13.10	14.30	14.28	7.72
2020.259	34.25	7.20	12.99	13.13	14.30	14.26	7.72
2020.262	34.25	7.20	12.98	13.17	14.29	14.24	7.72
2020.264	34.26	7.19	12.98	13.17	14.34	14.20	7.72
2020.267	34.26	7.19	12.97	13.17	14.43	14.11	7.72
2020.270	34.26	7.19	12.96	13.18	14.46	14.07	7.78
2020.273	34.27	7.19	12.95	13.20	14.46	14.08	7.81
2020.275	34.27	7.18	12.93	13.22	14.45	14.08	7.86
2020.278	34.27	7.18	12.91	13.24	14.45	14.08	7.92
2020.281	34.28	7.18	12.90	13.25	14.44	14.09	7.95
2020.284	34.28	7.17	12.90	13.25	14.44	14.09	7.99
2020.286	34.28	7.17	12.90	13.24	14.44	14.10	8.00
2020.289	34.29	7.17	12.90	13.23	14.44	14.10	8.01
2020.292	34.29	7.17	12.90	13.22	14.45	14.10	8.02
2020.295	34.29	7.16	12.90	13.17	14.50	14.10	8.03
2020.297	34.30	7.16	12.90	13.17	14.50	14.11	8.04
2020.300	34.30	7.16	12.90	13.17	14.49	14.11	8.04
2020.303	34.30	7.15	12.93	13.13	14.50	14.11	8.04
2020.306	34.31	7.15	12.95	13.10	14.51	14.12	8.04
2020.308	34.31	7.15	12.96	13.07	14.52	14.12	8.04
2020.311	34.31	7.14	12.98	13.05	14.52	14.12	8.04
2020.314	34.32	7.14	12.98	13.06	14.50	14.13	8.04
2020.316	34.32	7.14	12.99	13.08	14.47	14.13	8.04
2020.319	34.32	7.13	13.00	13.08	14.46	14.13	8.04
2020.322	34.33	7.13	13.01	13.07	14.45	14.14	8.05
2020.325	34.33	7.13	13.01	13.07	14.45	14.14	8.05
2020.327	34.33	7.13	13.02	13.09	14.42	14.14	8.05
2020.330	34.34	7.12	13.03	13.14	14.35	14.14	8.05
2020.333	34.34	7.12	13.03	13.14	14.34	14.15	8.05
2020.336	34.34	7.12	13.03	13.12	14.35	14.15	8.05
2020.338	34.35	7.11	13.05	13.10	14.10	14.42	8.05
2020.341	34.35	6.97	13.22	13.04	14.03	14.50	8.05
2020.344	34.35	6.78	13.45	12.96	14.13	14.45	8.05
2020.347	34.36	6.74	13.53	12.90	14.19	14.40	8.05
2020.349	34.36	6.75	13.59	12.80	14.26	14.35	8.05
2020.352	34.36	6.76	13.63	12.74	14.32	14.30	8.05
2020.355	34.37	6.77	13.62	12.72	14.38	14.25	8.06
2020.357	34.37	6.80	13.58	12.72	14.44	14.21	8.06
2020.360	34.37	6.81	13.56	12.77	14.42	14.18	8.06
2020.363	34.38	6.82	13.53	12.80	14.39	14.18	8.06
2020.366	34.38	6.84	13.51	12.81	14.39	14.19	8.06
2020.368	34.38	6.85	13.49	12.82	14.39	14.19	8.06
2020.371	34.39	6.86	13.43	12.86	14.38	14.20	8.06
2020.374	34.39	6.87	13.39	12.88	14.38	14.20	8.06
2020.377	34.40	6.87	13.35	12.91	14.38	14.20	8.06
2020.379	34.44	6.85	13.31	12.93	14.38	14.20	8.06
2020.382	34.45	6.88	13.24	12.90	14.37	14.27	8.06
2020.385	34.47	6.89	13.18	12.85	14.30	14.42	8.06
2020.388	34.49	6.96	13.12	12.86	14.23	14.46	8.06
2020.390	34.51	6.95	13.11	12.86	14.22	14.45	8.07
2020.393	34.53	6.94	13.12	12.87	14.35	14.30	8.07
2020.396	34.44	7.03	13.15	12.87	14.40	14.22	8.07
2020.399	34.44	7.03	13.16	12.90	14.36	14.23	8.07
2020.401	34.44	7.03	13.18	12.78	14.45	14.23	8.07
2020.404	34.44	7.03	13.19	12.71	14.51	14.24	8.07
2020.407	34.44	7.03	13.21	12.69	14.51	14.24	8.07
2020.409	34.44	7.03	13.22	12.67	14.50	14.24	8.07
2020.412	34.44	7.03	13.24	12.65	14.50	14.24	8.07
2020.415	34.44	7.03	13.25	12.64	14.50	14.25	8.07
2020.418	34.44	7.01	13.28	12.63	14.50	14.28	8.05
2020.420	34.44	7.00	13.29	12.62	14.51	14.30	8.03
2020.423	34.44	6.98	13.32	12.59	14.53	14.32	8.01
2020.426	34.44	6.97	13.33	12.57	14.55	14.35	7.97
2020.429	34.44	6.95	13.35	12.55	14.57	14.37	7.95
2020.431	34.44	6.94	13.35	12.54	14.59	14.39	7.93
2020.434	34.44	6.91	13.36	12.52	14.63	14.41	7.91
2020.437	34.44	6.89	13.33	12.54	14.65	14.43	7.89
2020.440	34.44	6.88	13.31	12.56	14.67	14.45	7.87
2020.442	34.44	6.87	13.28	12.58	14.69	14.47	7.86
2020.445	34.44	6.85	13.22	12.64	14.74	14.48	7.82
2020.448	34.44	6.84	13.22	12.63	14.72	14.55	7.80
2020.450	34.44	6.82	13.23	12.63	14.66	14.62	7.78
2020.453	34.44	6.79	13.26	12.63	14.52	14.77	7.77
2020.456	34.44	6.78	13.27	12.64	14.46	14.85	7.75
2020.459	34.44	6.77	13.21	12.71	14.50	14.82	7.73
2020.461	34.44	6.77	13.22	12.71	14.51	14.82	7.72
2020.464	34.44	6.76	13.23	12.71	14.62	14.73	7.70
2020.467	34.44	6.75	13.17	12.78	14.68	14.70	7.67
2020.470	34.44	6.74	13.18	12.78	14.72	14.67	7.66
2020.472	34.44	6.73	13.19	12.78	14.72	14.67	7.66
2020.475	34.44	6.70	13.22	12.78	14.72	14.67	7.66
2020.478	34.44	6.70	13.22	12.78	14.72	14.65	7.68
2020.481	34.44	6.72	13.21	12.79	14.71	14.65	7.68
2020.483	34.44	6.73	13.19	12.79	14.71	14.64	7.69
2020.486	34.44	6.62	13.31	12.79	14.71	14.63	7.70
2020.489	34.44	6.60	13.33	12.79	14.71	14.61	7.72
2020.492	34.44	6.56	13.36	12.79	14.71	14.60	7.73
2020.494	34.44	6.54	13.38	12.79	14.71	14.59	7.74
2020.497	34.44	6.52	13.40	12.79	14.71	14.59	7.75
2020.500	34.44	6.50	13.42	12.80	14.70	14.58	7.75
2020.502	34.44	6.47	13.45	12.80	14.70	14.56	7.77
2020.505	34.44	6.45	13.47	12.80	14.70	14.55	7.78
2020.508	34.44	6.43	13.49	12.76	14.74	14.54	7.79
2020.511	34.44	6.42	13.50	12.71	14.79	14.54	7.80
2020.513	34.44	6.39	13.52	12.66	14.83	14.54	7.81
2020.516	34.44	6.38	13.53	12.65	14.83	14.53	7.82
2020.519	34.44	6.38	13.53	12.63	14.85	14.53	7.83
2020.522	34.44	6.37	13.51	12.63	14.87	14.53	7.84
2020.524	34.44	6.35	13.48	12.62	14.92	14.52	7.85
2020.527	34.44	6.33	13.48	12.63	14.93	14.52	7.87
2020.530	34.44	6.30	13.45	12.66	14.94	14.52	7.88
2020.533	34.44	6.27	13.48	12.66	14.94	14.52	7.89
2020.535	34.44	6.24	13.51	12.70	14.89	14.51	7.89
2020.538	34.44	6.22	13.54	12.74	14.88	14.48	7.90
2020.541	34.44	6.22	13.56	12.76	14.84	14.45	7.92
2020.543	34.44	6.21	13.61	12.70	14.90	14.41	7.93
2020.546	34.44	6.21	13.64	12.59	15.00	14.38	7.94
2020.549	34.44	6.21	13.65	12.51	15.06	14.38	7.95
2020.552	34.44	6.21	13.62	12.58	15.02	14.36	7.96
2020.554	34.44	6.05	13.80	12.59	14.99	14.36	7.97
2020.557	34.44	6.03	13.83	12.58	15.04	14.30	7.98
2020.560	34.44	6.01	13.86	12.56	15.03	14.31	7.99
2020.563	34.44	5.98	13.89	12.55	15.01	14.32	8.01
2020.565	34.44	5.95	13.94	12.54	14.99	14.33	8.03
2020.568	34.44	5.93	13.97	12.52	14.97	14.34	8.05
2020.571	34.44	5.90	14.01	12.52	14.95	14.35	8.06
2020.574	34.44	5.88	14.03	12.51	14.94	14.36	8.07
2020.576	34.44	5.84	14.08	12.49	14.86	14.43	8.09
2020.579	34.44	5.83	14.13	12.49	14.64	14.62	8.10
2020.582	34.44	5.81	14.18	12.49	14.50	14.75	8.09
2020.585	34.44	5.78	14.20	12.51	14.36	14.88	8.09
2020.587	34.44	5.75	14.24	12.54	14.30	14.92	8.08
2020.590	34.44	5.73	14.26	12.53	14.27	14.97	8.06
2020.593	34.44	5.71	14.28	12.53	14.24	15.01	8.06
2020.595	34.44	5.70	14.30	12.49	14.25	15.05	8.05
2020.598	34.44	5.68	14.33	12.48	14.23	15.09	8.05
2020.601	34.44	5.67	14.33	12.43	14.25	15.13	8.04
2020.604	34.44	5.67	14.34	12.39	14.23	15.21	8.02
2020.606	34.44	5.66	14.35	12.38	14.21	15.24	8.01
2020.609	34.44	5.66	14.35	12.35	14.23	15.26	8.01
2020.612	34.44	5.66	14.36	12.30	14.28	15.28	8.00
2020.615	34.44	5.66	14.36	12.27	14.31	15.30	7.98
2020.617	34.44	5.66	14.36	12.24	14.33	15.31	7.98
2020.620	34.44	5.66	14.36	12.19	14.39	15.32	7.97
2020.623	34.44	5.66	14.36	12.16	14.42	15.32	7.97
2020.626	34.44	5.66	14.36	12.14	14.49	15.30	7.95
2020.628	34.44	5.66	14.36	12.09	14.60	15.25	7.94
2020.631	34.44	5.66	14.36	12.07	14.69	15.20	7.94
2020.634	34.44	5.64	14.39	12.03	14.79	15.14	7.93
2020.636	34.44	5.61	14.46	11.94	14.90	15.09	7.92
2020.639	34.44	5.61	14.51	11.87	15.06	14.98	7.91
2020.642	34.44	5.62	14.52	11.82	15.09	14.99	7.90
2020.645	34.44	5.64	14.53	11.78	15.09	15.01	7.89
2020.647	34.44	5.66	14.51	11.79	15.08	15.03	7.89
2020.650	34.44	5.67	14.49	11.81	15.06	15.04	7.89
2020.653	34.44	5.67	14.47	11.85	15.05	15.05	7.89
2020.656	34.44	5.67	14.40	11.93	15.03	15.06	7.89
2020.658	34.44	5.67	14.42	11.91	15.02	15.07	7.89
2020.661	34.44	5.67	14.44	11.90	15.01	15.07	7.89
2020.664	34.44	5.67	14.45	11.90	14.99	15.09	7.89
2020.667	34.44	5.67	14.46	11.91	14.97	15.10	7.89
2020.669	34.44	5.67	14.47	11.90	14.96	15.11	7.90
2020.672	34.44	5.67	14.48	11.90	14.95	15.11	7.90
2020.675	34.44	5.67	14.47	11.91	14.94	15.13	7.89
2020.678	34.44	5.67	14.47	11.91	14.93	15.14	7.89
2020.680	34.44	5.67	14.47	11.92	14.93	15.12	7.92
2020.683	34.44	5.67	14.47	11.91	14.94	15.11	7.93
2020.686	34.44	5.67	14.47	11.91	14.93	15.10	7.96
2020.688	34.44	5.70	14.44	11.87	14.97	15.09	7.98
2020.691	34.44	5.68	14.45	11.82	15.01	15.08	8.01
2020.694	34.44	5.68	14.45	11.75	15.09	15.06	8.04
2020.697	34.44	5.68	14.44	11.74	15.10	15.01	8.09
2020.699	34.44	5.69	14.43	11.74	15.11	14.98	8.12
2020.702	34.53	5.60	14.43	11.74	15.13	14.94	8.15
2020.705	34.69	5.45	14.42	11.73	15.14	14.89	8.20
2020.708	34.82	5.31	14.42	11.69	15.19	14.79	8.30
2020.710	34.81	5.32	14.43	11.67	15.22	14.52	8.57
2020.713	34.79	5.32	14.44	11.65	15.26	14.49	8.59
2020.716	34.76	5.31	14.47	11.62	15.29	14.46	8.61
2020.719	34.75	5.29	14.51	11.60	15.32	14.45	8.63
2020.721	34.73	5.27	14.54	11.60	15.33	14.42	8.66
2020.724	34.71	5.25	14.57	11.60	15.35	14.40	8.67
2020.727	34.70	5.23	14.60	11.62	15.33	14.38	8.69
2020.729	34.68	5.23	14.62	11.63	15.33	14.38	8.69
2020.732	34.67	5.23	14.63	11.64	15.34	14.37	8.69
2020.735	34.64	5.23	14.66	11.64	15.38	14.35	8.69
2020.738	34.62	5.16	14.74	11.63	15.43	14.33	8.67
2020.740	34.61	5.14	14.78	11.63	15.46	14.31	8.67
2020.743	34.59	5.13	14.80	11.65	15.48	14.28	8.67
2020.746	34.58	5.12	14.82	11.65	15.55	14.22	8.67
2020.749	34.56	5.13	14.87	11.62	15.62	14.17	8.65
2020.751	34.53	5.15	14.98	11.52	15.78	14.01	8.65
2020.754	34.52	5.16	15.04	11.46	15.92	13.89	8.65
2020.757	34.50	5.17	15.07	11.40	16.03	13.81	8.65
2020.760	34.49	5.19	15.12	11.30	16.14	13.76	8.64
2020.762	34.47	5.21	15.16	11.26	16.14	13.77	8.63
2020.765	34.46	5.23	15.22	11.25	16.09	13.86	8.55
2020.768	34.44	5.24	15.22	11.28	16.05	14.15	8.26
2020.771	34.44	5.12	15.36	11.30	16.02	14.19	8.23
2020.773	34.44	5.04	15.45	11.32	16.00	14.20	8.23
2020.776	34.44	5.00	15.48	11.37	15.95	14.21	8.23
2020.779	34.44	4.99	15.49	11.42	15.90	14.22	8.23
2020.781	34.44	4.97	15.50	11.47	15.84	14.25	8.22
2020.784	34.44	4.96	15.52	11.55	15.81	14.21	8.21
2020.787	34.44	4.94	15.53	11.52	15.83	14.22	8.22
2020.790	34.47	4.90	15.55	11.50	15.85	14.23	8.21
2020.792	34.52	4.83	15.62	11.40	15.88	14.25	8.20
2020.795	34.49	4.85	15.67	11.34	15.90	14.26	8.20
2020.798	34.46	4.87	15.75	11.25	15.93	14.27	8.20
2020.801	34.44	4.88	15.79	11.20	15.94	14.28	8.20
2020.803	34.44	4.86	15.87	11.15	15.93	14.30	8.19
2020.806	34.44	4.85	15.90	11.14	15.91	14.31	8.19
2020.809	34.44	4.84	15.96	11.11	15.90	14.32	8.19
2020.812	34.44	4.83	15.98	11.11	15.89	14.38	8.13
2020.814	34.44	4.82	15.99	11.13	15.86	14.45	8.07
2020.817	34.44	4.82	15.96	11.15	15.87	14.59	7.93
2020.820	34.44	4.81	15.95	11.19	15.85	14.67	7.86
2020.822	34.44	4.80	16.12	11.03	15.85	14.74	7.80
2020.825	34.44	4.80	16.30	10.87	15.82	14.89	7.67
2020.828	34.44	4.79	16.34	10.84	15.76	15.01	7.60
2020.831	34.44	4.79	16.29	10.92	15.70	15.11	7.56
2020.833	34.44	4.77	16.28	10.95	15.69	15.15	7.52
2020.836	34.44	4.77	16.25	10.98	15.71	15.22	7.45
2020.839	34.44	4.76	16.18	11.03	15.74	15.26	7.40
2020.842	34.44	4.75	16.27	10.92	15.78	15.26	7.38
2020.844	34.44	4.75	16.49	10.68	15.82	15.27	7.35
2020.847	34.44	4.74	16.53	10.64	15.83	15.28	7.33
2020.850	34.38	4.79	16.54	10.69	15.78	15.32	7.28
2020.853	34.36	4.80	16.55	10.76	15.70	15.35	7.26
2020.855	34.34	4.81	16.54	10.87	15.57	15.40	7.23
2020.858	34.32	4.83	16.52	10.92	15.54	15.43	7.20
2020.861	34.31	4.84	16.45	11.03	15.60	15.37	7.16
2020.864	34.29	4.85	16.31	11.19	15.58	15.39	7.14
2020.866	34.28	4.85	16.34	11.18	15.56	15.40	7.13
2020.869	34.28	4.84	16.37	11.19	15.53	15.41	7.12
2020.872	34.28	4.84	16.40	11.18	15.56	15.38	7.09
2020.874	34.28	4.84	16.43	11.17	15.58	15.36	7.07
2020.877	34.27	4.83	16.42	11.21	15.58	15.34	7.06
2020.880	34.27	4.83	16.43	11.22	15.58	15.34	7.05
2020.883	34.27	4.83	16.42	11.23	15.59	15.35	7.02
2020.885	34.27	4.82	16.42	11.24	15.60	15.35	7.01
2020.888	34.29	4.80	16.38	11.31	15.58	15.35	6.99
2020.891	34.30	4.79	16.37	11.39	15.52	15.34	6.97
2020.894	34.31	4.77	16.36	11.44	15.50	15.35	6.95
2020.896	34.32	4.75	16.34	11.53	15.45	15.34	6.94
2020.899	34.34	4.73	16.33	11.61	15.40	15.34	6.92
2020.902	34.35	4.72	16.33	11.65	15.38	15.33	6.91
2020.905	34.36	4.70	16.34	11.67	15.38	15.33	6.88
2020.907	34.37	4.69	16.34	11.69	15.37	15.32	6.87
2020.910	34.39	4.56	16.45	11.72	15.37	15.31	6.85
2020.913	34.43	4.29	16.65	11.73	15.40	15.28	6.84
2020.915	34.44	4.08	16.84	11.76	15.54	15.16	6.82
2020.918	34.44	4.08	16.83	11.77	15.53	15.17	6.80
2020.921	34.44	4.10	16.79	11.80	15.53	15.18	6.78
2020.924	34.44	4.11	16.77	11.81	15.51	15.20	6.77
2020.926	34.44	4.13	16.74	11.81	15.51	15.22	6.75
2020.929	34.44	4.15	16.67	11.86	15.52	15.24	6.73
2020.932	34.44	4.16	16.61	12.02	15.42	15.26	6.69
2020.935	34.44	4.18	16.52	12.11	15.41	15.37	6.57
2020.937	34.44	4.19	16.44	12.07	15.51	15.43	6.50
2020.940	34.44	4.21	16.38	12.05	15.59	15.52	6.38
2020.943	34.44	4.22	16.29	12.12	15.61	15.63	6.26
2020.946	34.44	4.18	16.28	12.14	15.63	15.75	6.13
2020.948	34.44	4.14	16.25	12.21	15.65	15.88	5.98
2020.951	34.44	4.06	16.28	12.24	15.68	15.99	5.84
2020.954	34.44	4.02	16.28	12.28	15.70	16.08	5.73
2020.957	34.44	3.93	16.34	12.30	15.73	16.08	5.72
2020.959	34.44	3.89	16.34	12.33	15.70	16.12	5.71
2020.962	34.44	3.85	16.36	12.33	15.70	16.20	5.64
2020.965	34.44	3.77	16.40	12.36	15.81	16.10	5.62
2020.967	34.44	3.72	16.43	12.45	15.76	16.10	5.61
2020.970	34.44	3.64	16.48	12.55	15.73	16.06	5.59
2020.973	34.44	3.62	16.50	12.63	15.68	16.06	5.57
2020.976	34.44	3.70	16.43	12.63	15.67	16.07	5.55
2020.978	34.44	3.85	16.28	12.63	15.67	16.07	5.53
2020.981	34.44	3.93	16.22	12.62	15.67	16.07	5.52
2020.984	34.44	4.09	16.10	12.58	15.68	16.07	5.50
2020.987	34.44	4.16	16.08	12.53	15.69	16.06	5.49
2020.989	34.44	4.30	16.03	12.45	15.71	16.05	5.48
2020.992	34.45	4.50	15.86	12.40	15.72	16.04	5.46
2020.995	34.67	4.42	15.77	12.36	15.73	15.99	5.50
2020.998	34.67	4.53	15.72	12.31	15.74	15.93	5.54
2021.000	34.67	4.58	15.70	12.27	15.76	15.87	5.59
2021.003	34.67	4.64	15.68	12.23	15.76	15.82	5.64
2021.006	34.67	4.70	15.66	12.20	15.77	15.72	5.76
2021.008	34.67	4.76	15.64	12.16	15.76	15.67	5.83
2021.011	34.67	4.75	15.69	12.13	15.72	15.63	5.91
2021.014	34.67	4.73	15.74	12.10	15.71	15.57	5.99
2021.017	34.67	4.92	15.59	12.07	15.72	15.43	6.13
2021.019	34.67	4.92	15.63	12.04	15.75	15.33	6.23
2021.022	34.64	4.95	15.62	12.05	15.76	15.25	6.30
2021.025	34.60	4.99	15.61	12.13	15.70	15.16	6.38
2021.028	34.55	5.03	15.59	12.16	15.74	14.99	6.53
2021.030	34.51	5.07	15.58	12.17	15.76	14.91	6.61
2021.033	34.47	5.11	15.56	12.17	15.78	14.87	6.65
2021.036	34.44	5.14	15.55	12.16	15.80	14.86	6.64
2021.039	34.43	5.15	15.54	12.16	15.84	14.84	6.63
2021.041	34.43	5.16	15.74	11.95	15.87	14.82	6.72
2021.044	34.43	5.18	15.71	11.95	15.89	14.80	6.76
2021.047	34.43	5.23	15.66	11.95	15.77	14.91	6.79
2021.050	34.44	5.29	15.59	11.96	15.68	14.99	6.80
2021.052	34.44	5.35	15.52	11.96	15.64	15.04	6.82
2021.055	34.46	5.35	15.51	11.99	15.38	15.27	6.83
2021.058	34.48	5.34	15.50	11.99	15.78	14.87	6.84
2021.060	34.52	5.30	15.49	11.99	15.76	14.89	6.87
2021.063	34.55	5.28	15.48	12.00	15.77	14.88	6.89
2021.066	34.58	5.26	15.47	12.01	15.77	14.88	6.90
2021.069	34.60	5.24	15.45	12.03	15.77	14.86	6.90
2021.071	34.62	5.23	15.43	12.06	16.04	14.58	6.90
2021.074	34.64	5.22	15.17	12.32	16.04	14.57	6.91
2021.077	34.66	5.22	15.10	12.38	16.04	14.56	6.91
2021.080	34.66	5.25	15.08	12.39	16.05	14.53	6.91
2021.082	34.66	5.27	15.06	12.39	16.06	14.51	6.92
2021.085	34.66	5.30	15.04	12.40	16.06	14.50	6.92
2021.088	34.66	5.35	15.00	12.41	16.06	14.61	6.79
2021.091	34.67	5.38	14.96	12.42	16.07	15.33	6.05
2021.093	34.67	5.43	14.90	12.45	16.07	15.31	6.05
2021.096	34.67	5.53	14.76	12.50	16.07	15.30	6.05
2021.099	34.66	5.58	14.64	12.58	16.08	15.28	6.05
2021.101	34.64	5.66	14.55	12.64	16.07	15.27	6.05
2021.104	34.61	5.71	14.54	12.63	16.06	15.27	6.05
2021.107	34.59	5.74	14.56	12.62	16.06	15.23	6.08
2021.110	34.59	5.74	14.54	12.61	16.09	15.19	6.11
2021.112	34.60	5.73	14.54	12.60	16.11	14.65	6.64
2021.115	34.63	5.71	14.55	12.48	16.22	14.67	6.62
2021.118	34.64	5.71	14.55	12.48	16.23	14.68	6.59
2021.121	34.62	5.73	14.55	12.48	16.24	14.74	6.52
2021.123	34.60	5.76	14.54	12.47	16.26	14.68	6.57
2021.126	34.57	5.78	14.51	12.49	16.28	14.60	6.64
2021.129	34.53	5.83	14.50	12.49	16.30	14.42	6.80
2021.132	34.51	5.86	14.46	12.50	16.02	14.63	6.90
2021.134	34.49	5.89	14.45	12.46	15.99	14.53	7.07
2021.137	34.46	5.92	14.48	12.42	16.01	14.51	7.08
2021.140	34.44	5.94	14.51	12.39	16.01	14.49	7.10
2021.143	34.44	5.95	14.53	12.36	16.06	14.43	7.11
2021.145	34.43	5.96	14.54	12.32	16.11	14.40	7.12
2021.148	34.42	5.98	14.48	12.36	16.17	14.33	7.14
2021.151	34.42	6.01	14.41	12.40	16.19	14.30	7.15
2021.153	34.42	6.01	14.36	12.34	16.36	14.24	7.16
2021.156	34.41	6.01	14.31	12.39	16.41	14.17	7.18
2021.159	34.40	6.01	14.25	12.43	16.46	14.14	7.19
2021.162	34.40	6.01	14.19	12.47	16.63	13.97	7.21
2021.164	34.40	6.02	14.16	12.41	16.83	13.85	7.22
2021.167	34.39	6.03	14.14	12.32	17.02	13.74	7.23
2021.170	34.39	6.04	13.97	12.47	17.12	13.65	7.25
2021.173	34.38	6.05	13.76	12.66	17.16	13.61	7.26
2021.175	34.38	6.06	13.69	12.71	17.19	13.58	7.27
2021.178	34.37	6.07	13.62	12.74	17.24	13.55	7.29
2021.181	34.37	6.08	13.61	12.74	17.27	13.50	7.32
2021.184	34.37	6.08	13.67	12.66	17.28	13.47	7.35
2021.186	34.37	6.08	13.82	12.51	17.22	13.50	7.38
2021.189	34.37	5.94	13.95	12.56	17.16	13.48	7.42
2021.192	34.37	5.94	13.94	12.52	17.20	13.47	7.45
2021.194	33.96	6.36	13.91	12.51	17.22	13.44	7.48
2021.197	33.97	6.36	13.89	12.47	17.27	13.42	7.51
2021.200	33.98	6.35	13.87	12.47	17.28	13.39	7.54
2021.203	33.98	6.34	13.87	12.47	17.29	13.37	7.57
2021.205	33.98	6.29	13.88	12.47	17.32	13.34	7.60
2021.208	34.00	6.26	13.89	12.47	17.35	13.29	7.64
2021.211	34.00	6.23	13.89	12.48	17.37	13.25	7.67
2021.214	33.96	6.24	13.93	12.46	17.41	13.21	7.70
2021.216	33.89	6.28	13.96	12.27	17.59	13.17	7.73
2021.219	33.83	6.30	14.01	12.22	17.64	13.15	7.73
2021.222	33.76	6.34	14.05	12.19	17.66	13.16	7.72
2021.225	33.70	6.39	14.08	12.19	17.66	13.17	7.69
2021.227	33.63	6.41	14.14	12.16	17.69	13.17	7.68
2021.230	33.51	6.51	14.17	12.15	17.70	13.19	7.66
2021.233	33.45	6.54	14.22	12.14	17.71	13.19	7.64
2021.235	33.38	6.58	14.26	12.15	17.65	13.25	7.62
2021.238	33.32	6.62	14.29	12.19	17.53	13.34	7.61
2021.241	33.25	6.65	14.35	12.21	17.41	13.44	7.58
2021.244	33.20	6.67	14.39	12.22	17.31	13.53	7.55
2021.246	33.15	6.69	14.44	12.30	17.15	13.63	7.52
2021.249	33.12	6.70	14.48	12.30	17.06	13.72	7.48
2021.252	33.08	6.71	14.51	12.29	16.94	13.85	7.38
2021.255	33.05	6.70	14.56	12.30	16.90	13.89	7.37
2021.257	33.00	6.73	14.60	12.32	16.83	13.94	7.35
2021.260	32.98	6.72	14.65	12.33	16.79	13.98	7.34
2021.263	33.02	6.65	14.68	12.31	16.77	14.02	7.33
2021.266	33.10	6.56	14.71	12.28	16.75	14.07	7.31
2021.268	33.17	6.46	14.76	12.32	16.68	14.11	7.30
2021.271	33.25	6.30	14.85	12.34	16.62	14.16	7.28
2021.274	33.33	6.15	14.94	12.35	16.58	14.18	7.27
2021.277	33.48	5.97	14.97	12.37	16.52	14.24	7.25
2021.279	33.56	5.88	14.99	12.35	16.47	14.33	7.24
2021.282	33.64	5.76	15.03	12.31	16.43	14.42	7.22
2021.285	33.73	5.66	15.05	12.26	16.38	14.51	7.22
2021.287	33.89	5.48	15.07	12.26	16.34	14.52	7.26
2021.290	33.91	5.45	15.09	12.27	16.22	14.61	7.28
2021.293	33.89	5.45	15.10	12.30	16.11	14.65	7.31
2021.296	33.88	5.45	15.12	12.33	15.99	14.70	7.35
2021.298	33.86	5.46	15.14	12.34	15.97	14.70	7.36
2021.301	33.85	5.45	15.16	12.35	15.97	14.65	7.40
2021.304	33.83	5.46	15.16	12.38	15.96	14.63	7.42
2021.307	33.82	5.47	15.17	12.40	15.95	14.59	7.45
2021.309	33.78	5.48	15.18	12.41	15.95	14.55	7.48
2021.312	33.77	5.49	15.19	12.40	15.97	14.53	7.51
2021.315	33.75	5.49	15.21	12.43	15.95	14.48	7.54
2021.318	33.74	5.49	15.22	12.47	15.93	14.46	7.56
2021.320	33.72	5.49	15.23	12.48	15.83	14.51	7.59
2021.323	33.70	5.48	15.27	12.48	15.78	14.52	7.62
2021.326	33.69	5.48	15.31	12.57	15.67	14.50	7.64
2021.328	33.63	5.51	15.35	12.62	15.62	14.44	7.68
2021.331	33.43	5.69	15.38	12.65	15.57	14.44	7.69
2021.334	33.23	5.87	15.39	12.68	15.52	14.43	7.73
2021.337	33.09	5.99	15.37	12.78	15.44	14.45	7.74
2021.339	33.03	6.05	15.35	12.89	15.34	14.45	7.76
2021.342	33.02	6.06	15.35	12.90	15.26	14.49	7.79
2021.345	33.04	6.03	15.36	12.91	15.14	14.51	7.87
2021.348	33.06	6.00	15.37	12.93	15.06	14.54	7.91
2021.350	33.08	5.98	15.37	12.94	14.95	14.60	7.94
2021.353	33.09	5.95	15.38	12.95	14.90	14.65	7.94
2021.356	33.11	5.93	15.38	12.98	14.80	14.73	7.93
2021.359	33.13	5.90	15.39	13.00	14.74	14.77	7.92
2021.361	33.16	5.87	15.41	13.02	14.65	14.85	7.91
2021.364	33.18	5.84	15.42	13.05	14.55	14.92	7.91
2021.367	33.20	5.82	15.43	13.09	14.51	14.93	7.90
2021.370	33.22	5.79	15.44	13.12	14.38	15.04	7.89
2021.372	33.23	5.77	15.44	13.14	14.23	15.17	7.88
2021.375	33.27	5.72	15.44	13.18	14.15	15.23	7.87
2021.378	33.29	5.69	15.43	13.20	14.15	15.23	7.87
2021.380	33.30	5.70	15.37	13.25	14.15	15.25	7.86
2021.383	33.29	5.71	15.36	13.27	14.16	15.24	7.85
2021.386	33.28	5.73	15.34	13.28	14.14	15.25	7.84
2021.389	33.28	5.73	15.33	13.29	14.14	15.26	7.83
2021.391	33.27	5.75	15.33	13.29	14.07	15.33	7.83
2021.394	33.26	5.76	15.33	13.27	14.00	15.41	7.83
2021.397	33.30	5.75	15.34	13.24	13.91	15.51	7.83
2021.400	33.33	5.72	15.34	13.25	13.73	15.67	7.83
2021.402	33.36	5.70	15.35	13.25	13.64	15.74	7.84
2021.405	33.40	5.71	15.32	13.29	13.52	15.81	7.84
2021.408	33.43	5.65	15.35	13.29	13.45	15.88	7.84
2021.411	33.47	5.57	15.39	13.28	13.35	15.98	7.84
2021.413	33.48	5.52	15.42	13.30	13.33	15.98	7.84
2021.416	33.50	5.52	15.42	13.30	13.32	15.97	7.85
2021.419	33.51	5.53	15.41	13.33	13.30	15.97	7.84
2021.421	33.52	5.52	15.41	13.30	13.33	15.96	7.85
2021.424	33.53	5.52	15.41	13.30	13.32	15.97	7.83
2021.427	33.54	5.51	15.41	13.31	13.31	15.98	7.81
2021.430	33.55	5.51	15.41	13.32	13.30	15.99	7.80
2021.432	33.56	5.52	15.40	13.33	13.30	15.99	7.79
2021.435	33.57	5.49	15.41	13.35	13.27	15.99	7.79
2021.438	33.58	5.41	15.50	13.27	13.35	15.98	7.79
2021.441	33.59	5.25	15.65	13.23	13.39	15.97	7.80
2021.443	33.60	5.18	15.71	13.22	13.40	15.96	7.81
2021.446	33.61	5.18	15.70	13.19	13.42	15.93	7.84
2021.449	33.63	5.17	15.70	13.17	13.45	15.92	7.85
2021.452	33.64	5.18	15.68	13.13	13.50	15.90	7.86
2021.454	33.64	5.18	15.67	13.11	13.54	15.87	7.87
2021.457	33.62	5.22	15.65	13.10	13.58	15.83	7.90
2021.460	33.59	5.26	15.63	13.07	13.65	15.78	7.91
2021.463	33.57	5.32	15.59	13.05	13.64	15.80	7.92
2021.465	33.54	5.36	15.57	13.04	13.66	15.80	7.94
2021.468	33.52	5.39	15.55	13.04	13.65	15.79	7.97
2021.471	33.49	5.43	15.53	13.05	13.65	15.78	7.98
2021.473	33.47	5.47	15.52	13.05	13.66	15.76	7.99
2021.476	33.44	5.51	15.50	13.05	13.67	15.75	8.00
2021.479	33.42	5.56	15.46	13.02	13.71	15.72	8.03
2021.482	33.39	5.59	15.45	13.01	13.73	15.70	8.05
2021.484	33.37	5.61	15.45	12.98	13.77	15.69	8.06
2021.487	33.34	5.63	15.44	12.96	13.81	15.67	8.07
2021.490	33.32	5.66	15.43	12.93	13.84	15.65	8.10
2021.493	33.29	5.69	15.41	12.92	13.88	15.63	8.11
2021.495	33.26	5.72	15.39	12.90	13.92	15.62	8.13
2021.498	33.24	5.74	15.37	12.89	13.95	15.60	8.12
2021.501	33.21	5.77	15.35	12.88	13.99	15.59	8.10
2021.504	33.19	5.80	15.33	12.88	14.10	15.47	8.06
2021.506	33.16	5.82	15.31	12.86	14.28	15.31	8.00
2021.509	33.14	5.85	15.29	12.85	14.24	15.38	7.94
2021.512	33.11	5.88	15.27	12.84	14.19	15.45	7.81
2021.514	33.09	5.90	15.25	12.82	14.19	15.46	7.76
2021.517	33.07	5.93	15.23	12.81	14.21	15.47	7.70
2021.520	33.03	5.97	15.21	12.79	14.25	15.44	7.64
2021.523	33.01	5.99	15.19	12.79	14.43	15.27	7.58
2021.525	32.99	6.01	15.17	12.81	14.68	15.04	7.43
2021.528	32.97	6.04	15.15	12.82	14.54	15.20	7.34
2021.531	32.95	6.06	15.13	12.84	14.31	15.45	7.24
2021.534	32.93	6.08	15.11	12.87	14.27	15.51	7.15
2021.536	32.91	6.10	15.08	12.90	14.27	15.50	7.08
2021.539	32.89	6.12	15.06	12.92	14.27	15.51	7.03
2021.542	32.87	6.14	15.04	12.95	14.26	15.49	7.06
2021.545	32.85	6.17	15.02	12.97	14.26	15.48	7.09
2021.547	32.83	6.19	15.00	13.02	14.24	15.49	7.10
2021.550	32.81	6.20	14.99	13.07	14.22	15.47	7.13
2021.553	32.81	6.20	14.98	13.11	14.19	15.47	7.14
2021.556	32.82	6.17	14.97	13.16	14.17	15.46	7.17
2021.558	32.84	6.15	14.96	13.22	14.12	15.44	7.21
2021.561	32.85	6.13	14.96	13.26	14.10	15.41	7.25
2021.564	32.87	6.11	14.97	13.29	14.07	15.35	7.32
2021.566	32.88	6.09	14.96	13.32	14.06	15.30	7.38
2021.569	32.90	6.07	14.96	13.34	14.05	15.27	7.44
2021.572	32.91	6.06	14.95	13.31	14.08	15.21	7.50
2021.575	32.93	6.04	14.94	13.25	14.16	15.18	7.55
2021.577	32.86	6.11	14.94	13.16	14.26	15.19	7.55
2021.580	32.77	6.20	14.93	13.10	14.36	15.18	7.56
2021.583	32.68	6.29	14.91	13.08	14.42	15.16	7.57
2021.586	32.59	6.38	14.90	13.08	14.45	15.16	7.57
2021.588	32.51	6.47	14.89	13.09	14.47	15.15	7.57
2021.591	32.40	6.57	14.88	13.00	14.57	15.14	7.60
2021.594	32.34	6.61	14.88	13.07	14.52	15.13	7.62
2021.597	32.31	6.57	14.94	12.89	14.73	15.11	7.64
2021.599	32.29	6.53	14.99	12.72	14.96	15.06	7.66
2021.602	32.27	6.48	15.05	12.68	15.05	15.01	7.67
2021.605	32.25	6.48	15.06	12.58	15.20	14.97	7.68
2021.607	32.29	6.40	15.05	12.65	15.20	14.92	7.70
2021.610	32.34	6.31	15.07	12.71	15.21	14.87	7.72
2021.613	32.39	6.26	15.04	12.79	15.24	14.80	7.73
2021.616	32.45	6.20	15.01	12.89	15.20	14.75	7.72
2021.618	32.50	6.14	14.98	12.92	15.24	14.70	7.75
2021.621	32.56	6.09	14.86	13.08	15.24	14.66	7.78
2021.624	32.61	6.03	14.86	13.11	15.25	14.61	7.80
2021.627	32.67	5.98	14.86	13.06	15.40	14.52	7.84
2021.629	32.72	5.92	14.76	13.22	15.38	14.46	7.87
2021.632	32.78	5.86	14.81	13.21	15.39	14.41	7.90
2021.635	32.84	5.81	14.83	13.22	15.40	14.35	7.93
2021.638	32.89	5.74	14.85	13.18	15.43	14.33	7.97
2021.640	32.95	5.69	14.84	13.18	15.44	14.30	8.04
2021.643	32.99	5.64	14.84	13.16	15.46	14.28	8.08
2021.646	32.98	5.65	14.83	13.16	15.46	14.27	8.11
2021.649	32.97	5.66	14.83	13.15	15.48	14.24	8.16
2021.651	32.97	5.66	14.83	13.09	15.56	14.20	8.21
2021.654	32.96	5.68	14.82	13.05	15.59	14.18	8.25
2021.657	32.96	5.68	14.82	13.00	15.64	14.18	8.28
2021.659	32.99	5.64	14.81	12.95	15.66	14.19	8.31
2021.662	32.98	5.65	14.81	12.86	15.74	14.16	8.37
2021.665	32.97	5.67	14.79	12.84	15.76	14.17	8.39
2021.668	32.95	5.69	14.72	13.11	15.53	14.18	8.40
2021.670	32.93	5.72	14.64	13.21	15.50	14.19	8.39
2021.673	32.92	5.74	14.59	13.23	15.48	14.22	8.38
2021.676	32.90	5.76	14.77	13.02	15.51	14.24	8.37
2021.679	32.88	5.78	14.76	12.97	15.54	14.37	8.24
2021.681	32.85	5.81	14.75	12.91	15.58	14.58	8.06
2021.684	32.83	5.83	14.73	12.86	15.64	14.72	7.92
2021.687	32.82	5.85	14.69	12.85	15.66	14.82	7.83
2021.690	32.80	5.87	14.71	12.75	15.71	14.88	7.78
2021.692	32.78	5.89	14.72	12.70	15.74	14.98	7.69
2021.695	32.76	5.91	14.71	12.63	15.79	15.08	7.60
2021.698	32.75	5.88	14.75	12.58	15.84	15.11	7.59
2021.700	32.73	5.85	14.80	12.55	15.85	15.13	7.58
2021.703	32.71	5.80	14.86	12.52	15.87	15.13	7.59
2021.706	32.69	5.81	14.85	12.48	15.85	15.17	7.60
2021.709	32.68	5.82	14.84	12.44	15.91	15.15	7.61
2021.711	32.66	5.84	14.87	12.34	15.98	15.13	7.62
2021.714	32.64	6.05	14.67	12.30	15.99	15.12	7.66
2021.717	32.62	6.14	14.61	12.27	15.97	15.14	7.67
2021.720	32.61	6.14	14.64	12.26	15.92	15.17	7.68
2021.722	32.59	6.13	14.69	12.23	15.90	15.18	7.70
2021.725	32.57	6.12	14.74	12.20	15.89	15.18	7.71
2021.728	32.55	6.11	14.83	12.11	15.88	15.13	7.78
2021.731	32.54	6.10	14.94	12.01	15.94	15.04	7.83
2021.733	32.52	6.12	14.98	11.96	15.96	14.96	7.87
2021.736	32.49	6.15	15.00	11.95	15.95	14.91	7.92
2021.739	32.47	6.17	14.95	12.09	15.88	14.84	7.96
2021.742	32.46	6.13	15.06	12.09	15.84	14.70	8.07
2021.744	32.44	6.11	15.19	12.06	15.80	14.64	8.10
2021.747	32.40	6.12	15.39	11.93	15.78	14.64	8.08
2021.750	32.36	6.08	15.55	11.88	15.77	14.61	8.07
2021.752	32.35	6.05	15.66	11.73	15.85	14.60	8.06
2021.755	32.35	6.02	15.72	11.70	15.86	14.60	8.05
2021.758	32.34	5.96	15.82	11.64	15.90	14.59	8.03
2021.761	32.33	5.94	15.87	11.56	16.03	14.53	8.02
2021.763	32.31	5.92	16.18	11.29	16.06	14.50	8.01
2021.766	32.30	5.86	16.29	11.26	16.05	14.49	7.99
2021.769	32.28	5.84	16.33	11.24	16.08	14.50	7.98
2021.772	32.27	5.82	16.35	11.16	16.17	14.50	7.96
2021.774	32.26	5.76	16.40	11.11	16.17	14.57	7.95
2021.777	32.24	5.74	16.41	11.08	16.14	14.66	7.94
2021.780	32.23	5.72	16.38	11.07	16.21	14.66	7.92
2021.783	32.21	5.70	16.38	11.06	16.29	14.63	7.91
2021.785	32.20	5.71	16.35	11.09	16.31	14.61	7.89
2021.788	32.18	5.73	16.29	11.14	16.34	14.60	7.88
2021.791	32.17	5.74	16.26	11.16	16.36	14.59	7.86
2021.793	32.14	5.77	16.23	11.19	16.38	14.58	7.85
2021.796	32.14	5.77	16.17	11.24	16.41	14.56	7.83
2021.799	32.14	5.77	16.14	11.30	16.41	14.53	7.82
2021.802	32.14	5.77	16.22	11.24	16.43	14.50	7.80
2021.804	32.14	5.77	16.37	11.10	16.45	14.47	7.79
2021.807	32.14	5.76	16.51	10.96	16.45	14.47	7.77
2021.810	32.14	5.76	16.56	10.93	16.45	14.45	7.76
2021.813	32.12	5.77	16.62	10.88	16.41	14.49	7.74
2021.815	32.12	5.78	16.62	10.93	16.33	14.53	7.73
2021.818	32.11	5.78	16.62	11.10	16.09	14.60	7.71
2021.821	32.11	5.78	16.62	11.19	16.04	14.57	7.70
2021.824	32.11	5.78	16.61	11.23	16.02	14.56	7.69
2021.826	32.11	5.79	16.61	11.24	16.04	14.53	7.67
2021.829	32.10	5.79	16.61	11.26	16.01	14.55	7.66
2021.832	32.10	5.79	16.60	11.24	15.95	14.64	7.64
2021.835	32.10	5.79	16.60	11.08	15.92	14.83	7.63
2021.837	32.09	5.79	16.60	11.01	15.91	14.92	7.61
2021.840	32.09	5.79	16.55	11.07	15.80	15.01	7.60
2021.843	32.09	5.79	16.46	11.18	15.70	15.11	7.59
2021.845	32.09	5.80	16.32	11.47	15.52	15.14	7.57
2021.848	32.08	5.80	16.36	11.59	15.33	15.18	7.56
2021.851	32.08	5.80	16.50	11.45	15.29	15.21	7.54
2021.854	32.05	5.83	16.55	11.41	15.27	15.22	7.53
2021.856	32.02	5.86	16.57	11.40	15.25	15.24	7.52
2021.859	32.00	5.89	16.56	11.37	15.27	15.25	7.50
2021.862	31.95	5.95	16.54	11.35	15.29	15.26	7.49
2021.865	31.93	5.98	16.53	11.34	15.28	15.27	7.47
2021.867	31.88	6.01	16.54	11.33	15.29	15.29	7.46
2021.870	31.86	6.05	16.52	11.36	15.18	15.38	7.45
2021.873	31.84	6.07	16.51	11.40	15.17	15.35	7.43
2021.876	31.79	6.10	16.53	11.43	15.19	15.31	7.41
2021.878	31.77	6.12	16.54	11.52	15.10	15.32	7.39
2021.881	31.72	6.15	16.54	11.53	15.09	15.33	7.38
2021.884	31.70	6.17	16.54	11.55	15.08	15.33	7.36
2021.886	31.68	6.19	16.53	11.57	15.08	15.32	7.35
2021.889	31.63	6.23	16.52	11.59	15.08	15.31	7.34
2021.892	31.61	6.25	16.51	11.61	15.10	15.28	7.32
2021.895	31.56	6.30	16.50	11.64	15.12	15.25	7.31
2021.897	31.54	6.32	16.48	11.66	15.14	15.23	7.29
2021.900	31.51	6.34	16.47	11.70	15.15	15.20	7.28
2021.903	31.47	6.38	16.45	11.87	15.06	15.15	7.27
2021.906	31.44	6.41	16.43	11.93	15.05	15.12	7.25
2021.908	31.40	6.46	16.39	11.79	15.27	15.07	7.24
2021.911	31.39	6.49	16.36	11.82	15.35	14.98	7.22
2021.914	31.37	6.52	16.32	11.85	15.44	14.89	7.21
2021.917	31.35	6.56	16.29	11.88	15.62	14.70	7.20
2021.919	31.33	6.58	16.26	11.92	15.69	14.63	7.18
2021.922	31.31	6.61	16.24	11.98	15.76	14.50	7.17
2021.925	31.29	6.64	16.19	12.11	15.63	14.53	7.15
2021.928	31.27	6.66	16.00	12.29	15.62	14.55	7.14
2021.930	31.25	6.68	15.75	12.53	15.63	14.56	7.12
2021.933	31.23	6.84	15.53	12.60	15.61	14.59	7.12
2021.936	31.21	6.89	15.51	12.69	15.48	14.62	7.11
2021.938	31.23	6.90	15.47	12.72	15.40	14.67	7.09
2021.941	31.38	6.78	15.44	12.74	15.33	14.72	7.08
2021.944	31.54	6.65	15.42	12.74	15.29	14.75	7.06
2021.947	31.69	6.56	15.35	12.75	15.23	14.80	7.05
2021.949	31.85	6.44	15.33	12.77	15.13	14.89	7.04
2021.952	31.97	6.34	15.46	12.61	15.03	14.98	7.03
2021.955	31.97	6.38	15.39	12.66	14.92	15.07	7.02
2021.958	31.97	6.41	15.33	12.70	14.85	15.14	7.00
2021.960	31.96	6.45	15.23	12.78	14.94	15.04	6.99
2021.963	31.96	6.45	15.23	12.79	14.90	15.07	6.97
2021.966	31.96	6.44	15.26	12.79	14.84	15.12	6.96
2021.969	31.95	6.43	15.27	13.16	14.41	15.17	6.96
2021.971	31.95	6.41	15.28	13.15	14.38	15.23	6.97
2021.974	31.95	6.40	15.28	13.15	14.53	15.10	6.99
2021.977	31.95	6.39	15.28	13.13	14.81	14.86	7.03
2021.979	31.94	6.38	15.27	13.09	14.84	14.88	7.05
2021.982	31.94	6.36	15.28	13.05	14.86	14.91	7.07
2021.985	31.94	6.35	15.27	12.97	14.96	14.93	7.11
2021.988	31.93	6.34	15.26	13.00	14.96	14.91	7.12
2021.990	31.93	6.32	15.27	13.03	14.96	14.89	7.14
2021.993	31.93	6.31	15.25	13.08	14.96	14.86	7.17
2021.996	31.94	6.29	15.25	13.08	14.95	14.87	7.22
2021.999	31.95	6.26	15.25	13.11	14.91	14.90	7.25
2022.001	31.96	6.25	15.25	13.04	14.96	14.91	7.27
2022.004	31.97	6.23	15.23	13.05	14.96	14.93	7.30
2022.007	31.98	6.20	15.25	13.01	14.99	14.94	7.35
2022.010	31.98	6.18	15.25	12.97	15.01	14.95	7.38
2022.012	31.99	6.17	15.26	12.93	15.02	14.97	7.41
2022.015	31.98	6.15	15.28	12.89	15.04	14.99	7.46
2022.018	31.91	6.22	15.26	12.90	15.05	14.99	7.48
2022.021	31.88	6.24	15.24	12.88	15.10	14.97	7.51
2022.023	31.85	6.39	15.09	12.90	15.14	14.94	7.54
2022.026	31.77	6.41	15.12	12.88	15.20	14.92	7.59
2022.029	31.73	6.41	15.12	12.89	15.26	14.87	7.62
2022.031	31.75	6.39	15.08	12.93	15.27	14.86	7.65
2022.034	31.78	6.37	14.99	13.11	15.19	14.83	7.67
2022.037	31.82	6.35	14.97	13.16	15.16	14.81	7.72
2022.040	31.86	6.33	14.93	13.20	15.15	14.78	7.75
2022.042	31.89	6.33	14.90	13.19	15.17	14.76	7.78
2022.045	31.93	6.32	14.88	13.15	15.23	14.72	7.83
2022.048	31.97	6.32	14.86	13.12	15.26	14.70	7.86
2022.051	31.97	6.35	14.86	13.03	15.33	14.67	7.88
2022.053	31.97	6.38	14.84	12.98	15.38	14.64	7.92
2022.056	31.98	6.42	14.82	12.89	15.48	14.61	7.96
2022.059	31.99	6.44	14.82	12.86	15.41	14.68	7.99
2022.062	31.99	6.50	14.77	12.79	15.29	14.85	8.02
2022.064	31.99	6.53	14.78	12.68	15.18	15.01	8.04
2022.067	32.00	6.54	14.80	12.56	15.14	15.13	8.10
2022.070	32.00	6.53	14.82	12.52	15.14	15.14	8.13
2022.072	32.01	6.53	14.94	12.36	15.17	15.14	8.15
2022.075	32.01	6.53	15.11	12.18	15.19	15.13	8.18
2022.078	32.02	6.53	15.28	11.99	15.33	14.99	8.23
2022.081	32.02	6.52	15.39	11.88	15.52	14.79	8.26
2022.083	32.02	6.52	15.46	11.79	15.73	14.56	8.31
2022.086	32.03	6.52	15.47	11.77	15.58	14.71	8.37
2022.089	32.04	6.52	15.42	11.81	15.40	14.88	8.41
2022.092	32.04	6.51	15.32	11.89	15.21	15.07	8.44
2022.094	32.04	6.51	15.28	11.91	15.06	15.22	8.48
2022.097	32.05	6.51	15.26	11.90	14.92	15.34	8.56
2022.100	32.05	6.51	15.21	11.91	14.89	15.40	8.59
2022.103	32.06	6.50	15.13	11.94	14.93	15.39	8.63
2022.105	32.06	6.49	15.08	11.95	14.99	15.36	8.67
2022.108	32.07	6.47	15.05	11.91	15.06	15.35	8.73
2022.111	32.07	6.46	15.09	11.85	15.09	15.35	8.76
2022.114	32.08	6.43	15.32	11.72	15.03	15.29	8.82
2022.116	32.08	6.41	15.36	11.69	15.06	15.25	8.88
2022.119	32.08	6.38	15.42	11.60	15.15	15.18	8.91
2022.122	32.09	6.36	15.47	11.54	15.22	15.13	8.95
2022.124	32.08	6.35	15.52	11.47	15.29	15.09	8.99
2022.127	32.08	6.31	15.58	11.35	15.40	15.03	9.06
2022.130	32.08	6.29	15.60	11.33	15.44	14.99	9.10
2022.133	32.07	6.34	15.61	11.21	15.57	14.92	9.14
2022.135	32.06	6.40	15.59	11.04	15.73	14.87	9.18
2022.138	32.04	6.48	15.59	10.62	16.12	14.84	9.21
2022.141	32.03	6.60	15.49	10.61	16.04	14.89	9.21
2022.144	32.03	6.65	15.47	10.59	15.93	14.98	9.20
2022.146	32.02	6.67	15.49	10.54	15.81	15.17	9.09
2022.149	32.01	6.69	15.45	10.53	15.73	15.37	9.00
2022.152	32.00	6.70	15.37	10.60	15.61	15.63	8.83
2022.155	31.98	6.73	15.33	10.58	15.55	15.79	8.74
2022.157	31.97	6.75	15.30	10.60	15.51	15.96	8.57
2022.160	31.96	6.77	15.24	10.65	15.52	16.02	8.49
2022.163	31.98	6.78	15.18	10.67	15.50	16.07	8.42
2022.165	32.00	6.80	15.12	10.69	15.45	16.18	8.34
2022.168	32.01	6.82	15.06	10.68	15.47	16.22	8.27
2022.171	32.03	6.84	15.02	10.68	15.46	16.29	8.19
2022.174	32.05	6.87	14.97	10.72	15.41	16.34	8.12
2022.176	32.06	6.93	14.89	10.72	15.38	16.39	8.05
2022.179	32.08	6.98	14.84	10.66	15.41	16.45	7.98
2022.182	32.11	7.01	14.81	10.65	15.39	16.46	7.94
2022.185	32.13	7.06	14.77	10.64	15.37	16.46	7.91
2022.187	32.13	7.12	14.74	10.61	15.26	16.57	7.87
2022.190	32.13	7.19	14.69	10.59	15.16	16.67	7.85
2022.193	32.13	7.26	14.57	10.63	15.14	16.70	7.81
2022.196	32.13	7.26	14.55	10.65	14.88	16.96	7.78
2022.198	32.13	7.26	14.34	10.86	14.83	17.01	7.74
2022.201	32.13	7.25	14.35	10.85	14.86	16.98	7.71
2022.204	32.13	7.24	14.38	10.84	14.89	16.95	7.67
2022.207	32.13	7.23	14.41	10.82	14.93	16.92	7.64
2022.209	32.14	7.20	14.44	10.80	14.85	17.00	7.59
2022.212	32.13	7.21	14.46	10.78	14.81	17.04	7.55
2022.215	32.13	7.20	14.48	10.77	14.78	17.08	7.52
2022.217	32.13	7.19	14.51	10.75	14.79	17.07	7.47
2022.220	32.13	7.18	14.53	10.73	14.81	17.05	7.44
2022.223	32.13	7.18	14.51	10.75	14.83	17.04	7.40
2022.226	32.13	7.16	14.50	10.77	14.73	17.15	7.37
2022.228	32.13	7.15	14.40	10.87	14.57	17.31	7.32
2022.231	32.13	7.14	14.28	11.00	14.41	17.48	7.29
2022.234	32.13	7.13	14.26	11.02	14.35	17.54	7.25
2022.237	32.13	7.13	14.23	11.05	14.35	17.55	7.22
2022.239	32.13	7.11	14.21	11.09	14.36	17.54	7.17
2022.242	32.13	7.10	14.14	11.16	14.37	17.53	7.14
2022.245	32.13	7.11	14.05	11.24	14.39	17.52	7.10
2022.248	32.13	7.32	13.75	11.32	14.40	17.51	7.06
2022.250	32.13	7.42	13.57	11.40	14.42	17.49	7.09
2022.253	32.13	7.42	13.49	11.48	14.43	17.48	7.11
2022.256	32.13	7.42	13.40	11.57	14.47	17.46	7.15
2022.258	32.13	7.41	13.37	11.60	14.51	17.42	7.16
2022.261	32.13	7.41	13.37	11.57	14.51	17.44	7.20
2022.264	32.13	7.40	13.88	10.85	14.72	17.47	7.22
2022.267	32.13	7.39	13.90	10.75	14.79	17.47	7.23
2022.269	32.13	7.39	13.83	10.80	14.81	17.48	7.26
2022.272	32.13	7.39	13.71	10.91	14.83	17.52	7.24
2022.275	32.13	7.38	13.50	11.12	14.86	17.53	7.24
2022.278	32.13	7.39	13.36	11.25	14.92	17.51	7.22
2022.280	32.13	7.39	13.36	11.18	15.05	17.49	7.20
2022.283	32.13	7.39	13.35	11.05	15.24	17.48	7.15
2022.286	32.13	7.39	13.35	11.26	15.09	17.46	7.09
2022.289	32.13	7.39	13.34	11.27	15.11	17.51	6.98
2022.291	32.13	7.39	13.33	11.27	15.05	17.62	6.92
2022.294	32.13	7.39	13.32	11.28	14.95	17.76	6.86
2022.297	32.13	7.50	13.21	11.28	14.93	17.82	6.81
2022.299	32.13	7.49	13.21	11.23	14.99	17.84	6.72
2022.302	32.13	7.49	13.21	11.19	15.08	17.84	6.67
2022.305	32.13	7.49	13.20	11.14	15.13	17.88	6.62
2022.308	32.13	7.50	13.21	11.07	15.20	17.92	6.54
2022.310	32.13	7.50	13.50	10.72	15.28	17.89	6.58
2022.313	32.13	7.50	13.63	10.54	15.35	17.85	6.68
2022.316	32.13	7.50	13.69	10.48	15.78	17.42	6.86
2022.319	32.13	7.51	13.68	10.50	15.79	17.39	6.94
2022.321	32.13	7.51	13.67	10.58	15.77	17.37	6.99
2022.324	32.13	7.51	13.79	10.45	15.81	17.37	7.12
2022.327	32.13	7.52	13.83	10.35	15.89	17.36	7.19
2022.330	32.13	7.50	13.87	10.36	15.89	17.36	7.33
2022.332	32.13	7.48	13.92	10.35	15.90	17.34	7.36
2022.335	32.13	7.46	13.89	10.42	15.91	17.33	7.40
2022.338	32.13	7.45	13.93	10.42	15.86	17.36	7.43
2022.341	32.08	7.47	14.03	10.37	15.86	17.36	7.43
2022.343	32.05	7.48	14.10	10.33	15.76	17.47	7.45
2022.346	32.02	7.49	14.16	10.31	15.69	17.53	7.45
2022.349	31.99	7.47	14.33	10.17	15.76	17.51	7.48
2022.351	31.96	7.48	14.52	10.02	15.79	17.45	7.50
2022.354	31.93	7.50	14.54	10.04	15.91	17.30	7.53
2022.357	31.90	7.53	14.50	10.13	16.03	17.08	7.57
2022.360	31.87	7.55	14.50	10.30	15.94	16.99	7.59
2022.362	31.84	7.58	14.54	10.24	16.02	17.09	7.43
2022.365	31.82	7.61	14.59	10.21	16.02	17.11	7.39
2022.368	31.79	7.63	14.64	10.11	16.09	17.01	7.49
2022.371	31.76	7.64	14.67	10.09	16.04	17.01	7.54
2022.373	31.73	7.66	14.58	10.27	15.86	17.11	7.84
2022.376	31.73	7.66	14.49	10.45	15.72	17.15	7.94
2022.379	31.73	7.65	14.40	10.55	15.65	17.23	7.96
2022.382	31.73	7.64	14.44	10.46	15.70	17.23	8.01
2022.384	31.73	7.63	14.54	10.25	15.87	17.17	8.03
2022.387	31.73	7.63	14.38	10.32	16.02	17.13	8.05
2022.390	31.73	7.62	14.31	10.32	16.19	17.03	8.10
2022.392	31.73	7.61	14.28	10.24	16.39	16.94	8.12
2022.395	31.73	7.60	14.27	10.15	16.48	16.97	8.17
2022.398	31.73	7.60	14.25	10.16	16.49	16.98	8.19
2022.401	31.73	7.60	14.23	10.17	16.47	16.99	8.23
2022.403	31.73	7.60	14.20	10.21	16.38	17.08	8.26
2022.406	31.73	7.60	14.15	10.19	16.38	17.14	8.28
2022.409	31.72	7.60	14.03	10.24	16.39	17.19	8.32
2022.412	31.72	7.61	13.88	10.40	16.38	17.19	8.35
2022.414	31.72	7.61	13.61	10.67	16.39	17.19	8.31
2022.417	31.72	7.61	13.51	10.76	16.40	17.17	7.71
2022.420	31.72	7.61	13.52	10.75	16.43	17.14	7.63
2022.423	31.72	7.62	13.52	10.75	16.45	17.12	7.64
2022.425	31.72	7.62	13.52	10.75	16.44	17.13	7.64
2022.428	31.72	7.62	13.51	10.68	16.49	17.14	7.65
2022.431	31.72	7.63	13.51	10.48	16.67	17.15	7.65
2022.434	31.72	7.64	13.51	10.40	16.85	17.05	7.65
2022.436	31.72	7.66	13.50	10.39	16.84	17.06	7.65
2022.439	31.72	7.67	13.48	10.56	16.56	17.17	7.65
2022.442	31.72	7.68	13.48	10.73	16.37	17.18	7.65
2022.444	31.72	7.69	13.48	10.72	16.37	17.18	7.65
2022.447	31.75	7.67	13.48	10.72	16.37	17.18	7.65
2022.450	31.84	7.58	13.45	10.74	16.36	17.19	7.65
2022.453	31.89	7.54	13.43	10.76	16.31	17.23	7.65
2022.455	31.94	7.50	13.44	10.78	16.18	17.30	7.65
2022.458	31.99	7.46	13.48	10.76	16.12	17.34	7.65
2022.461	32.04	7.42	13.51	10.76	16.09	17.32	7.65
2022.464	32.13	7.33	13.54	10.78	16.09	17.26	7.68
2022.466	32.13	7.32	13.57	10.77	16.15	16.78	8.07
2022.469	32.13	7.32	13.60	10.74	16.15	16.54	8.31
2022.472	32.13	7.32	13.63	10.70	16.17	16.60	8.25
2022.475	32.13	7.36	13.61	10.66	16.19	16.62	8.22
2022.477	32.13	7.47	13.49	10.66	16.20	16.64	8.18
2022.480	32.13	7.48	13.47	10.69	16.19	16.70	8.12
2022.483	32.13	7.49	13.44	10.74	16.48	16.41	8.08
2022.485	32.13	7.50	13.37	10.83	16.48	16.40	8.05
2022.488	32.13	7.51	13.37	10.81	16.54	16.40	8.02
2022.491	32.12	7.52	13.44	10.74	16.61	16.38	7.95
2022.494	32.12	7.53	13.50	10.69	16.64	16.37	7.92
2022.496	32.12	7.54	13.52	10.67	16.64	16.38	7.89
2022.499	32.12	7.56	13.63	10.55	16.66	16.38	7.85
2022.502	32.12	7.57	13.62	10.57	16.70	16.10	8.07
2022.505	32.12	7.57	13.51	10.69	16.72	16.50	7.64
2022.507	32.12	7.57	13.35	10.87	16.74	16.46	7.64
2022.510	32.12	7.57	13.20	11.03	16.78	16.34	7.71
2022.513	32.12	7.57	13.14	11.11	16.80	15.72	8.29
2022.516	32.12	7.57	13.07	11.19	16.76	15.73	8.30
2022.518	32.12	7.57	13.03	11.25	16.70	15.78	8.30
2022.521	32.12	7.57	12.98	11.28	16.64	15.86	8.30
2022.524	32.12	7.57	12.93	11.43	16.45	15.94	8.29
2022.527	32.12	7.57	12.87	11.44	16.44	16.01	8.29
2022.529	32.12	7.57	12.87	11.40	16.35	16.14	8.29
2022.532	32.12	7.56	12.87	11.55	16.13	16.20	8.29
2022.535	32.11	7.57	12.87	11.55	16.07	16.27	8.28
2022.537	32.13	7.56	12.87	11.54	16.03	16.31	8.28
2022.540	32.12	7.56	12.87	11.54	15.95	16.40	8.28
2022.543	32.12	7.56	12.87	11.39	16.06	16.44	8.29
2022.546	32.12	7.56	12.87	11.37	16.06	16.45	8.30
2022.548	32.12	7.56	12.87	11.34	16.08	16.47	8.32
2022.551	32.12	7.56	12.87	11.30	16.09	16.49	8.34
2022.554	32.12	7.31	13.12	11.38	15.75	16.75	8.37
2022.557	32.12	7.30	13.13	11.37	15.72	16.78	8.39
2022.559	32.12	7.30	13.38	11.14	15.66	16.81	8.42
2022.562	32.12	7.30	13.50	11.05	15.63	16.83	8.42
2022.565	32.12	7.30	13.47	11.11	15.61	16.82	8.43
2022.568	32.12	7.30	13.42	11.11	15.68	16.80	8.45
2022.570	32.12	7.30	13.39	11.09	15.62	16.90	8.45
2022.573	32.12	7.31	13.35	11.19	15.60	16.88	8.47
2022.576	32.12	7.31	13.30	11.24	15.61	16.87	8.48
2022.578	32.12	7.32	13.26	11.26	15.63	16.86	8.49
2022.581	32.12	7.32	13.21	11.31	15.64	16.87	8.49
2022.584	32.12	7.33	13.18	11.37	15.61	16.86	8.50
2022.587	32.12	7.33	13.13	11.42	15.66	16.81	8.51
2022.589	32.12	7.34	13.14	11.41	15.84	16.62	8.53
2022.592	32.12	7.34	13.20	11.36	15.86	16.61	8.54
2022.595	32.12	7.35	13.26	11.29	15.89	16.59	8.55
2022.598	32.13	7.35	13.31	11.24	15.97	16.50	8.56
2022.600	32.13	7.29	13.40	11.26	15.93	16.51	8.56
2022.603	32.15	7.24	13.53	11.18	15.93	16.48	8.59
2022.606	32.18	7.20	13.69	11.06	15.94	16.44	8.61
2022.609	32.20	7.15	13.73	11.05	15.94	16.40	8.64
2022.611	32.25	7.09	13.72	11.10	15.94	16.38	8.67
2022.614	32.27	7.04	13.76	11.11	15.94	16.34	8.70
2022.617	32.29	7.00	13.79	11.11	15.94	16.31	8.72
2022.620	32.28	7.00	13.81	11.15	15.93	16.28	8.75
2022.622	32.20	7.05	13.83	11.28	15.82	16.25	8.79
2022.625	32.14	7.09	13.83	11.32	15.80	16.23	8.81
2022.628	32.12	7.09	13.84	11.36	15.76	16.23	8.85
2022.630	32.12	7.07	13.85	11.40	15.70	16.26	8.86
2022.633	32.12	7.05	13.84	11.38	15.72	16.26	8.90
2022.636	32.12	7.05	13.82	11.38	15.73	16.26	8.93
2022.639	32.12	7.06	13.79	11.38	15.74	16.25	8.96
2022.641	32.12	7.06	13.78	11.41	15.70	16.19	9.06
2022.644	32.12	7.05	13.77	11.45	15.70	16.04	9.21
2022.647	32.12	7.03	13.80	11.46	15.66	16.04	9.24
2022.650	32.12	7.01	13.84	11.40	15.66	16.05	9.28
2022.652	32.12	6.99	13.87	11.35	15.68	16.07	9.31
2022.655	32.12	6.95	13.93	11.08	15.92	16.05	9.35
2022.658	32.12	6.93	13.97	10.98	15.99	16.05	9.38
2022.661	32.12	6.92	14.04	10.87	16.04	16.03	9.42
2022.663	32.12	6.90	14.15	10.79	15.98	16.05	9.46
2022.666	32.11	6.80	14.26	10.81	15.92	16.08	9.49
2022.669	32.09	6.77	14.30	10.83	15.87	16.09	9.53
2022.671	32.07	6.73	14.36	10.86	15.85	16.08	9.55
2022.674	32.05	6.68	14.37	10.96	15.82	16.05	9.60
2022.677	32.04	6.65	14.37	11.04	15.82	15.99	9.64
2022.680	32.03	6.63	14.37	11.12	15.76	15.98	9.66
2022.682	32.03	6.61	14.40	11.17	15.50	16.16	9.68
2022.685	32.03	6.57	14.50	11.20	15.48	16.13	9.67
2022.688	32.02	6.55	14.57	11.22	15.56	15.97	9.67
2022.691	32.02	6.54	14.67	11.22	15.50	15.97	9.66
2022.693	32.01	6.55	14.68	11.24	15.47	15.97	9.65
2022.696	32.01	6.52	14.72	11.25	15.45	15.96	9.65
2022.699	32.00	6.55	14.72	11.27	15.44	15.96	9.64
2022.702	32.00	6.58	14.70	11.28	15.47	15.91	9.63
2022.704	31.99	6.61	14.57	11.40	15.68	15.70	9.62
2022.707	31.99	6.68	14.59	11.35	15.67	15.66	9.64
2022.710	31.99	6.72	14.59	11.33	15.69	15.59	9.66
2022.713	31.98	6.77	14.54	11.46	15.61	15.55	9.66
2022.715	31.98	6.81	14.44	11.54	15.63	15.50	9.69
2022.718	31.97	6.82	14.35	11.63	15.66	15.44	9.70
2022.721	31.97	6.79	14.30	11.71	15.71	15.37	9.71
2022.723	31.97	6.76	14.26	11.78	15.76	15.46	9.59
2022.726	31.95	6.74	14.22	11.87	15.78	15.50	9.51
2022.729	31.93	6.79	14.11	11.97	15.79	15.54	9.43
2022.732	31.91	6.84	14.00	12.07	15.82	15.56	9.36
2022.734	31.88	7.15	13.64	12.17	15.83	15.54	9.35
2022.737	31.86	7.33	13.40	12.27	15.84	15.53	9.34
2022.740	31.84	7.36	13.31	12.37	15.83	15.51	9.33
2022.743	31.80	7.40	13.29	12.41	15.83	15.50	9.32
2022.745	31.79	7.44	13.27	12.44	15.68	15.63	9.30
2022.748	31.77	7.47	13.25	12.47	15.66	15.63	9.30
2022.751	31.75	7.50	13.24	12.46	15.76	15.54	9.31
2022.754	31.71	7.54	13.22	12.45	15.91	15.38	9.31
2022.756	31.69	7.57	13.19	12.47	15.95	15.34	9.32
2022.759	31.67	7.60	13.14	12.55	15.94	15.31	9.33
2022.762	31.64	7.66	13.09	12.69	15.85	15.25	9.35
2022.764	31.62	7.53	13.49	12.43	15.89	15.18	9.39
2022.767	31.60	7.46	13.58	12.55	15.80	15.13	9.41
2022.770	31.57	7.50	13.58	12.63	15.79	15.03	9.43
2022.773	31.55	7.52	13.57	12.60	15.85	14.98	9.46
2022.775	31.53	7.55	13.59	12.53	15.84	14.99	9.49
2022.778	31.49	7.60	13.75	12.35	15.78	15.04	9.51
2022.781	31.47	7.63	13.81	12.34	15.66	15.07	9.55
2022.784	31.46	7.67	13.79	12.37	15.53	15.19	9.54
2022.786	31.42	7.71	13.74	12.37	15.58	15.49	9.22
2022.789	31.40	7.75	13.65	12.40	15.66	15.49	9.21
2022.792	31.38	7.78	13.59	12.61	15.48	15.48	9.21
2022.795	31.35	7.83	13.52	12.63	15.50	15.50	9.21
2022.797	31.19	8.00	13.47	12.64	15.51	15.52	9.22
2022.800	30.95	8.25	13.42	12.64	15.78	15.29	9.23
2022.803	30.97	8.24	13.39	12.62	15.77	15.32	9.23
2022.806	31.00	8.23	13.33	12.68	15.75	15.34	9.24
2022.808	31.02	8.23	13.22	12.79	15.68	15.38	9.24
2022.811	31.04	8.24	13.03	12.98	15.62	15.41	9.24
2022.814	31.07	8.25	12.92	13.08	15.55	15.45	9.25
2022.816	31.09	8.26	12.88	13.09	15.53	15.46	9.25
2022.819	31.12	8.31	12.83	13.05	15.52	15.50	9.26
2022.822	31.11	8.35	12.81	12.98	15.54	15.53	9.26
2022.825	31.09	8.40	12.73	12.98	15.54	15.57	9.27
2022.827	31.07	8.45	12.69	12.97	15.53	15.60	9.27
2022.830	31.04	8.52	12.67	12.96	15.48	15.65	9.28
2022.833	31.02	8.58	12.65	12.94	15.47	15.66	9.28
2022.836	31.00	8.61	12.64	12.93	15.44	15.69	9.29
2022.838	30.97	8.65	12.66	12.91	15.42	15.69	9.31
2022.841	30.96	8.65	12.67	12.89	15.53	15.58	9.32
2022.844	30.96	8.65	12.69	12.87	15.61	15.50	9.33
2022.847	30.94	8.67	12.70	12.87	15.67	15.46	9.30
2022.849	30.93	8.68	12.71	12.90	15.66	15.46	9.26
2022.852	30.92	8.69	12.72	12.94	15.70	15.38	9.26
2022.855	30.88	8.73	12.72	13.01	15.67	15.29	9.31
2022.857	30.83	8.77	12.72	13.08	15.63	15.19	9.38
2022.860	30.78	8.82	12.73	13.11	15.63	15.13	9.42
2022.863	30.76	8.84	12.73	13.18	15.57	15.10	9.43
2022.866	30.73	8.87	12.73	13.25	15.59	15.00	9.45
2022.868	30.71	8.90	12.74	13.29	15.57	14.94	9.49
2022.871	31.13	8.49	12.73	13.36	15.54	14.88	9.51
2022.874	31.72	7.92	12.70	13.43	15.55	14.76	9.56
2022.877	31.75	7.92	12.68	13.50	15.54	14.68	9.58
2022.879	31.77	7.91	12.66	13.53	15.54	14.62	9.60
2022.882	31.80	7.91	12.64	13.54	15.57	14.55	9.62
2022.885	31.81	8.24	12.28	13.46	15.88	14.40	9.58
2022.888	31.81	8.23	12.26	13.45	16.00	14.46	9.44
2022.890	31.80	8.23	12.24	13.37	16.14	14.47	9.40
2022.893	31.80	8.24	12.19	13.36	16.21	14.47	9.39
2022.896	31.80	8.26	12.14	13.30	16.33	14.44	9.39
2022.899	31.79	8.27	12.09	13.36	16.36	14.40	9.39
2022.901	31.79	8.29	12.23	13.23	16.35	14.38	9.40
2022.904	31.79	8.34	12.25	13.20	16.34	14.36	9.40
2022.907	31.78	8.39	12.20	13.25	16.32	14.32	9.41
2022.909	31.78	8.40	12.20	13.27	16.32	14.29	9.42
2022.912	31.77	8.39	12.21	13.32	16.30	14.26	9.42
2022.915	31.77	8.39	12.22	13.37	16.28	14.23	9.42
2022.918	31.77	8.38	12.24	13.42	16.45	14.01	9.42
2022.920	31.76	8.37	12.25	13.44	16.42	14.02	9.42
2022.923	31.76	8.36	12.26	13.42	16.42	14.03	9.42
2022.926	31.75	8.36	12.28	13.44	16.41	14.03	9.40
2022.929	31.75	8.35	12.29	13.56	16.33	13.99	9.39
2022.931	31.75	8.35	12.30	13.67	16.23	13.98	9.38
2022.934	31.74	8.34	12.30	13.74	16.20	13.95	9.37
2022.937	31.74	8.33	12.30	13.80	16.19	13.93	9.35
2022.940	31.74	8.32	12.30	13.85	16.21	13.95	9.26
2022.942	31.73	8.32	12.30	13.86	16.25	13.95	9.21
2022.945	31.73	8.31	12.30	13.84	16.31	13.96	9.16
2022.948	31.73	8.30	12.31	13.84	16.34	13.96	9.12
2022.950	31.72	8.30	12.35	13.78	16.43	13.93	9.07
2022.953	31.72	8.29	12.38	13.77	16.46	13.96	9.00
2022.956	31.71	8.28	12.42	13.77	16.46	13.99	8.93
2022.959	31.71	8.27	12.58	13.67	16.35	14.14	8.84
2022.961	31.71	8.26	12.66	13.63	16.13	14.37	8.78
2022.964	31.70	8.25	12.62	13.71	16.03	14.47	8.74
2022.967	31.70	8.24	12.61	13.77	15.98	14.51	8.71
2022.970	31.69	8.24	12.65	13.78	15.92	14.56	8.68
2022.972	31.69	8.24	12.65	13.81	15.84	14.62	8.63
2022.975	31.69	8.23	12.66	13.85	15.78	14.50	8.66
2022.978	31.65	8.26	12.64	13.91	15.78	14.40	8.69
2022.981	31.61	8.29	12.62	13.97	15.78	14.37	8.64
2022.983	31.59	8.31	12.61	14.01	15.75	14.37	8.60
2022.986	31.56	8.33	12.59	14.05	15.73	14.38	8.50
2022.989	31.50	8.38	12.63	14.05	15.70	14.39	8.45
2022.992	31.48	8.40	12.70	14.05	15.61	14.42	8.40
2022.994	31.45	8.42	12.75	14.06	15.55	14.43	8.35
2022.997	31.43	8.43	12.83	14.10	15.44	14.43	8.26
2023.000	31.40	8.46	12.87	14.12	15.36	14.46	8.21
2023.002	31.34	8.51	12.95	14.10	15.35	14.41	8.15
2023.005	31.31	8.53	13.00	14.03	15.41	14.39	8.11
2023.008	31.28	8.55	13.08	13.94	15.48	14.34	8.06
2023.011	31.26	8.56	13.12	13.95	15.50	14.29	8.18
2023.013	31.23	8.58	13.19	13.93	15.52	14.23	8.37
2023.016	31.18	8.63	13.22	13.81	15.48	14.36	8.50
2023.019	31.15	8.65	13.29	13.66	15.73	14.19	8.69
2023.022	31.12	8.67	13.32	13.53	15.86	14.07	8.91
2023.024	31.09	8.69	13.36	13.50	15.87	13.98	9.05
2023.027	31.07	8.71	13.40	13.46	15.88	13.88	9.16
2023.030	31.01	8.77	13.41	13.46	15.91	13.85	9.13
2023.033	30.98	8.79	13.43	13.44	16.04	13.72	9.10
2023.035	30.96	8.81	13.44	13.44	16.09	13.69	8.89
2023.038	30.93	8.84	13.46	13.43	16.10	13.69	8.67
2023.041	30.91	8.86	13.46	13.44	16.09	13.69	8.52
2023.043	30.85	9.02	13.35	13.49	16.06	13.86	8.12
2023.046	30.82	9.23	13.16	13.52	16.04	13.84	8.00
2023.049	30.79	9.44	12.96	13.58	16.02	13.79	7.80
2023.052	30.76	9.66	12.77	13.61	16.02	13.75	7.71
2023.054	30.74	9.87	12.57	13.66	15.99	13.71	7.74
2023.057	30.69	9.98	12.51	13.66	16.03	13.66	7.78
2023.060	30.70	9.93	12.53	13.65	16.06	13.65	7.77
2023.063	30.72	9.85	12.58	13.65	16.11	13.62	7.77
2023.065	30.74	9.77	12.64	13.62	16.15	13.62	7.77
2023.068	30.75	9.70	12.68	13.53	16.24	13.63	7.78
2023.071	30.79	9.62	12.72	13.50	16.27	13.64	7.78
2023.074	30.80	9.49	12.82	13.48	16.27	13.66	7.79
2023.076	30.82	9.42	12.86	13.45	16.30	13.68	7.79
2023.079	30.83	9.35	12.90	13.45	16.29	13.69	7.82
2023.082	30.85	9.29	12.95	13.46	16.28	13.70	7.90
2023.085	30.88	9.20	12.98	13.49	16.26	13.72	8.05
2023.087	30.90	9.19	12.96	13.47	16.28	13.73	8.13
2023.090	30.92	9.18	12.94	13.49	16.30	13.72	8.19
2023.093	30.93	9.17	12.86	13.55	16.16	13.88	8.25
2023.095	30.95	9.17	12.85	13.54	16.16	13.92	8.31
2023.098	30.96	9.19	12.81	13.54	16.17	13.93	8.44
2023.101	31.00	9.18	12.77	13.55	16.26	13.88	8.49
2023.104	31.01	8.97	12.95	13.52	16.34	13.86	8.55
2023.106	31.03	8.78	13.01	13.62	16.41	13.83	8.60
2023.109	31.04	8.78	13.03	13.56	16.48	13.80	8.61
2023.112	31.06	8.78	13.05	13.54	16.46	13.82	8.57
2023.115	31.10	8.77	13.05	13.55	16.41	13.86	8.55
2023.117	31.11	8.77	13.08	13.53	16.37	13.89	8.51
2023.120	31.07	8.82	13.11	13.37	16.48	13.91	8.47
2023.123	31.03	8.88	13.09	13.40	16.46	13.94	8.41
2023.126	30.99	8.93	13.04	13.44	16.45	13.97	8.30
2023.128	30.96	8.98	13.00	13.48	16.44	13.98	8.16
2023.131	30.90	9.05	12.95	13.54	16.41	14.03	8.06
2023.134	30.87	9.10	12.95	13.53	16.40	14.09	7.88
2023.136	30.84	9.14	13.01	13.46	16.37	14.15	7.72
2023.139	30.81	9.18	13.03	13.41	16.36	14.18	7.66
2023.142	30.78	9.22	13.02	13.39	16.36	14.18	7.56
2023.145	30.72	9.30	13.00	13.37	16.34	14.19	7.47
2023.147	30.69	9.36	12.98	13.36	16.33	14.24	7.41
2023.150	30.67	9.40	12.96	13.34	16.32	14.27	7.40
2023.153	30.64	9.44	12.95	13.32	16.32	14.30	7.40
2023.156	30.57	9.52	12.93	13.30	16.31	14.34	7.39
2023.158	30.54	9.56	12.97	13.24	16.30	14.37	7.39
2023.161	30.52	9.61	13.11	13.07	16.29	14.40	7.39
2023.164	30.49	9.65	13.21	12.95	16.27	14.42	7.38
2023.167	30.46	9.69	13.15	13.00	16.27	14.42	7.38
2023.169	30.40	9.77	13.07	13.05	16.30	14.41	7.38
2023.172	30.37	9.81	12.98	13.12	16.42	14.31	7.38
2023.175	30.34	9.86	12.83	13.24	16.35	14.39	7.38
2023.178	30.31	9.90	12.82	13.23	16.40	14.35	7.38
2023.180	30.25	9.99	12.79	13.23	16.44	14.31	7.38
2023.183	30.22	10.03	12.78	13.20	16.45	14.33	7.39
2023.186	30.19	10.07	12.76	13.19	16.34	14.45	7.39
2023.188	30.16	10.12	12.73	13.20	16.31	14.49	7.39
2023.191	30.21	10.08	12.70	13.08	16.32	14.62	7.39
2023.194	30.39	9.91	12.68	12.96	16.09	15.08	7.29
2023.197	30.57	9.75	12.67	12.95	16.10	15.09	7.34
2023.199	30.65	9.69	12.67	12.94	16.14	15.06	7.44
2023.202	30.62	9.69	12.70	12.95	16.21	14.96	7.49
2023.205	30.60	9.67	12.76	12.98	16.24	14.90	7.58
2023.208	30.57	9.65	12.81	13.05	16.20	14.87	7.64
2023.210	30.52	9.65	12.86	13.09	16.16	14.88	7.60
2023.213	30.49	9.63	12.93	13.11	16.12	14.87	7.53
2023.216	30.47	9.61	13.11	13.03	16.08	14.85	7.46
2023.219	30.44	9.59	13.21	13.04	16.03	14.85	7.41
2023.221	30.39	9.56	13.10	13.26	16.01	14.84	7.33
2023.224	30.71	9.05	12.96	13.68	15.94	14.82	7.27
2023.227	31.05	8.67	12.81	13.90	15.93	14.81	7.27
2023.229	31.72	7.94	12.70	14.10	15.86	14.84	7.27
2023.232	31.77	7.80	12.75	14.11	15.83	14.89	7.27
2023.235	31.78	7.74	12.79	14.13	15.79	14.94	7.27
2023.238	31.78	7.60	12.89	14.16	15.79	14.95	7.27
2023.240	31.78	7.54	12.92	14.17	15.80	14.95	7.28
2023.243	31.78	7.49	12.95	14.17	15.81	14.95	7.28
2023.246	31.79	7.44	12.96	14.18	15.83	14.96	7.28
2023.249	31.79	7.39	13.01	14.17	15.83	14.97	7.28
2023.251	31.80	7.34	13.05	14.12	15.90	14.97	7.29
2023.254	31.80	7.29	13.11	14.04	15.96	14.98	7.29
2023.257	31.80	7.24	13.16	13.98	16.00	14.99	7.29
2023.260	31.81	7.14	13.27	13.96	16.01	14.99	7.29
2023.262	31.81	7.09	13.32	13.95	16.01	14.99	7.30
2023.265	31.81	7.04	13.38	13.93	16.02	14.99	7.30
2023.268	31.82	7.00	13.57	13.77	16.03	14.98	7.30
2023.271	31.82	7.46	13.28	13.60	16.04	14.97	7.30
2023.273	31.82	7.67	13.13	13.45	16.14	14.95	7.31
2023.276	31.58	7.91	13.25	13.27	16.21	14.94	7.31
2023.279	31.18	8.32	13.26	13.21	16.26	14.93	7.31
2023.281	30.84	8.66	13.21	13.24	16.25	14.97	7.31
2023.284	30.78	8.71	12.90	13.54	16.25	14.98	7.47
2023.287	30.74	8.75	12.95	13.48	16.31	14.93	7.49
2023.290	30.75	8.74	13.00	13.43	16.31	14.93	7.51
2023.292	30.77	8.73	13.05	13.37	16.29	14.99	7.50
2023.295	30.78	8.71	13.10	13.32	16.06	15.29	7.46
2023.298	30.79	8.70	13.19	13.21	16.06	15.34	7.43
2023.301	30.82	8.67	13.24	13.16	16.07	15.34	7.43
2023.303	30.84	8.65	13.29	13.10	16.07	15.32	7.44
2023.306	30.85	8.64	13.34	13.05	16.03	15.33	7.46
2023.309	30.86	8.62	13.39	13.03	16.01	15.25	7.52
2023.312	30.89	8.59	13.48	12.89	16.05	15.26	7.51
2023.314	30.91	8.57	13.56	12.79	16.05	15.29	7.51
2023.317	30.92	8.54	13.66	12.68	16.06	15.31	7.50
2023.320	30.94	8.51	13.67	12.60	16.11	15.33	7.50
2023.322	30.95	8.48	13.74	12.56	16.12	15.32	7.50
2023.325	30.98	8.44	13.82	12.61	16.02	15.31	7.51
2023.328	30.99	8.41	13.87	12.44	16.17	15.29	7.51
2023.331	31.01	8.38	13.92	12.36	16.28	15.23	7.52
2023.333	31.02	8.35	13.93	12.36	16.18	15.33	7.52
2023.336	31.03	8.32	13.98	12.33	16.10	15.40	7.52
2023.339	31.06	8.28	13.96	12.39	15.86	15.63	7.53
2023.342	31.07	8.25	13.94	12.45	15.65	15.80	7.53
2023.344	31.09	8.22	13.91	12.63	15.28	16.03	7.54
2023.347	31.00	8.30	13.89	12.76	15.06	16.17	7.61
2023.350	30.73	8.56	13.87	12.88	14.88	16.25	7.69
2023.353	30.59	8.68	13.86	13.04	14.71	16.29	7.77
2023.355	30.45	8.80	13.85	13.15	14.77	16.15	7.84
2023.358	30.31	8.92	13.84	13.19	14.83	16.07	7.92
2023.361	30.18	9.05	13.83	13.25	14.90	15.97	7.99
2023.364	29.90	9.30	13.80	13.31	14.99	15.86	8.07
2023.366	29.77	9.33	13.84	13.46	15.02	15.79	7.81
2023.369	29.63	9.32	13.95	13.46	15.09	15.81	7.79
2023.372	29.49	9.31	14.06	13.51	15.11	15.81	7.81
2023.374	29.35	9.29	14.18	13.50	15.18	15.82	7.82
2023.377	29.25	9.33	14.20	13.56	15.16	15.85	7.80
2023.380	29.27	9.32	14.16	13.62	15.16	15.78	7.85
2023.383	29.38	9.20	14.18	13.33	15.44	15.67	7.94
2023.385	29.54	9.04	14.24	13.10	15.67	15.58	7.95
2023.388	29.70	8.88	14.38	12.76	15.93	15.52	7.94
2023.391	30.02	8.56	14.45	12.74	15.95	15.45	7.93
2023.394	30.18	8.40	14.59	12.69	15.80	15.51	7.91
2023.396	30.33	8.24	14.66	12.64	15.67	15.61	7.91
2023.399	30.49	8.08	14.71	12.46	15.71	15.65	7.95
2023.402	30.65	7.92	14.74	12.32	15.80	15.59	8.03
2023.405	30.97	7.60	14.73	12.27	15.86	15.55	8.07
2023.407	31.03	7.53	14.75	12.20	15.93	15.55	8.07
2023.410	31.02	7.54	14.72	12.27	15.90	15.54	8.07
2023.413	31.00	7.57	14.79	12.28	15.84	15.51	8.06
2023.415	30.98	7.58	14.84	12.31	15.79	15.49	7.76
2023.418	30.96	7.59	14.93	12.31	15.73	15.46	7.74
2023.421	30.85	7.71	14.93	12.24	15.83	15.44	7.75
2023.424	30.74	7.81	14.89	12.30	15.82	15.42	7.75
2023.426	30.64	7.92	14.79	12.50	15.75	15.39	7.75
2023.429	30.53	8.02	14.48	12.83	15.77	15.36	7.76
2023.432	30.42	8.13	14.45	12.80	15.85	15.34	7.76
2023.435	30.21	8.34	14.38	12.82	15.93	15.31	7.77
2023.437	30.10	8.44	14.33	12.77	16.05	15.28	7.77
2023.440	30.00	8.55	14.24	12.80	16.14	15.26	7.77
2023.443	29.89	8.65	14.18	12.84	16.19	15.23	7.78
2023.446	29.79	8.76	14.20	12.83	16.21	15.04	7.94
2023.448	29.57	8.97	14.23	12.77	16.26	14.77	8.21
2023.451	29.47	9.07	14.21	12.74	16.34	14.79	8.16
2023.454	29.36	9.18	14.20	12.70	16.41	14.80	8.13
2023.456	29.25	9.28	14.17	12.64	16.50	14.85	8.08
2023.459	29.15	9.37	14.16	12.59	16.57	14.91	8.04
2023.462	28.94	9.57	14.16	12.58	16.59	14.94	8.01
2023.465	28.83	9.66	14.24	12.49	16.61	15.00	7.96
2023.467	28.79	9.67	14.31	12.43	16.63	15.03	7.94
2023.470	28.76	9.69	14.40	12.38	16.60	15.09	7.89
2023.473	28.73	9.70	14.45	12.43	16.51	15.12	7.87
2023.476	28.68	9.74	14.52	12.37	16.51	15.13	7.86
2023.478	28.65	9.75	14.56	12.33	16.52	15.16	7.84
2023.481	28.35	10.04	14.61	12.26	16.55	15.17	7.84
2023.484	28.18	10.20	14.51	12.36	16.56	15.17	7.84
2023.487	28.02	10.34	14.55	12.33	16.58	15.17	7.85
2023.489	28.01	10.34	14.64	12.23	16.60	15.16	7.85
2023.492	28.01	10.35	14.57	12.27	16.62	15.15	7.85
2023.495	28.02	10.31	14.57	12.29	16.63	15.16	7.86
2023.498	28.03	10.21	14.66	12.30	16.60	15.19	7.86
2023.500	28.03	10.18	14.66	12.25	16.52	15.34	7.87
2023.503	28.03	10.16	14.62	12.24	16.25	15.65	7.90
2023.506	28.04	10.13	14.62	12.22	16.26	15.66	7.93
2023.508	28.05	10.11	14.60	12.17	16.31	15.69	7.93
2023.511	28.05	10.09	14.60	12.15	16.39	15.68	7.90
2023.514	28.05	10.07	14.49	12.22	16.46	15.68	7.89
2023.517	28.06	10.04	14.42	12.35	16.45	15.66	7.89
2023.519	28.06	10.19	14.17	12.49	16.45	15.62	7.89
2023.522	28.07	10.18	13.95	12.81	16.35	15.60	7.90
2023.525	28.07	10.18	13.95	12.91	16.29	15.58	7.90
2023.528	28.07	10.17	13.94	13.11	16.13	15.54	7.91
2023.530	28.08	10.16	13.94	13.17	16.11	15.52	7.91
2023.533	28.09	10.15	13.90	13.28	16.05	15.51	7.92
2023.536	28.09	10.14	13.88	13.38	16.02	15.47	7.92
2023.539	28.09	10.14	13.85	13.44	16.01	15.45	7.93
2023.541	28.10	10.12	13.78	13.56	15.98	15.43	7.93
2023.544	28.11	10.12	13.77	13.59	15.97	15.42	7.93
2023.547	28.11	10.11	13.74	13.67	15.91	15.43	7.94
2023.549	28.11	10.11	13.73	13.70	15.88	15.45	7.94
2023.552	28.12	10.08	13.75	13.69	15.88	15.46	7.95
2023.555	28.12	10.06	13.99	13.44	15.89	15.47	7.95
2023.558	28.13	10.05	13.88	13.55	15.89	15.48	7.95
2023.560	28.13	10.03	13.78	13.58	15.95	15.50	7.96
2023.563	28.00	10.15	13.80	13.47	16.05	15.51	7.96
2023.566	27.77	10.36	13.85	13.37	16.11	15.52	7.97
2023.569	27.58	10.52	13.93	13.25	16.16	15.53	7.97
2023.571	27.54	10.54	14.02	13.05	16.22	15.61	7.97
2023.574	27.48	10.56	14.13	12.84	16.15	15.81	7.98
2023.577	27.48	10.53	14.19	12.69	16.19	15.90	7.98
2023.580	27.47	10.51	14.24	12.60	16.15	16.00	7.99
2023.582	27.46	10.49	14.28	12.53	16.01	16.20	7.99
2023.585	27.46	10.47	14.33	12.87	15.55	16.30	7.99
2023.588	27.45	10.44	14.38	12.77	15.46	16.47	8.00
2023.591	27.44	10.43	14.42	12.68	15.49	16.51	8.00
2023.593	27.43	10.40	14.49	12.59	15.46	16.59	8.00
2023.596	27.43	10.38	14.54	12.49	15.24	16.90	8.00
2023.599	27.42	10.36	14.58	12.37	15.29	16.95	8.01
2023.601	27.41	10.33	14.64	12.35	15.24	16.99	8.01
2023.604	27.41	10.32	14.68	12.51	14.88	17.17	8.01
2023.607	27.40	10.31	14.71	12.41	14.83	17.31	8.01
2023.610	27.40	10.30	14.74	12.39	14.69	17.46	8.01
2023.612	27.38	10.30	14.75	12.40	14.48	17.65	8.01
2023.615	27.38	10.32	14.74	12.37	14.42	17.74	8.01
2023.618	27.37	10.33	14.75	12.40	14.24	17.88	8.01
2023.621	27.52	10.18	14.75	12.45	14.28	17.79	8.01
2023.623	28.09	9.62	14.75	12.54	14.89	17.08	8.01
2023.626	28.24	9.46	14.67	12.66	14.88	17.06	8.01
2023.629	28.25	9.46	14.50	12.79	14.92	17.05	8.02
2023.632	28.26	9.46	14.50	12.79	14.92	17.04	8.02
2023.634	28.26	9.46	14.51	12.84	14.88	17.02	8.02
2023.637	28.26	9.46	14.50	12.92	14.82	17.00	8.02
2023.640	28.27	9.46	14.50	13.02	14.73	16.99	8.02
2023.642	28.28	9.46	14.50	12.93	14.82	16.97	8.03
2023.645	28.28	9.46	14.51	12.85	14.91	16.95	8.04
2023.648	28.28	9.45	14.48	12.81	14.99	16.94	8.05
2023.651	28.29	9.41	14.49	12.75	15.06	16.93	8.06
2023.653	28.29	9.39	14.52	12.68	15.12	16.92	8.07
2023.656	28.20	9.65	14.38	12.64	15.14	16.92	8.08
2023.659	28.14	9.83	14.28	12.56	15.19	16.90	8.08
2023.662	28.08	9.90	14.31	12.44	15.30	16.87	8.09
2023.664	28.02	9.96	14.32	12.35	15.41	16.82	8.11
2023.667	27.96	10.03	14.33	12.33	15.43	16.78	8.13
2023.670	27.91	10.08	14.29	12.37	15.51	16.68	8.15
2023.673	27.85	10.15	14.28	12.18	15.79	16.59	8.17
2023.675	27.79	10.21	14.23	12.09	15.92	16.57	8.19
2023.678	27.73	10.28	14.19	12.12	15.93	16.55	8.20
2023.681	27.67	10.34	14.19	12.12	15.93	16.52	8.22
2023.684	27.61	10.41	14.20	12.08	15.95	16.50	8.24
2023.686	27.50	10.53	14.20	12.06	15.97	16.49	8.26
2023.689	27.44	10.57	14.22	12.02	16.01	16.47	8.28
2023.692	27.39	10.61	14.25	12.02	16.00	16.44	8.30
2023.694	27.34	10.64	14.27	11.99	16.04	16.40	8.32
2023.697	27.37	10.59	14.17	12.09	16.07	16.35	8.36
2023.700	27.41	10.48	14.07	12.28	16.08	16.28	8.41
2023.703	27.50	10.23	14.23	12.26	16.13	16.23	8.44
2023.705	27.54	10.01	14.39	12.22	16.18	16.18	8.48
2023.708	27.58	9.75	14.60	12.22	16.20	16.13	8.51
2023.711	27.63	9.57	14.71	12.25	16.23	16.05	8.56
2023.714	27.67	9.46	14.74	12.27	16.27	15.97	8.63
2023.716	27.76	9.30	14.76	12.28	16.31	15.82	8.76
2023.719	27.81	9.20	14.87	12.14	16.43	15.78	8.78
2023.722	27.85	9.15	14.92	12.03	16.55	15.70	8.81
2023.725	27.90	9.09	14.95	11.91	16.68	15.63	8.84
2023.727	27.94	9.03	14.97	11.84	16.86	15.49	8.88
2023.730	28.03	8.92	15.00	11.88	16.98	15.29	8.92
2023.733	28.08	8.85	15.02	12.10	16.87	15.15	8.95
2023.735	28.12	8.77	15.05	12.08	16.91	15.15	8.93
2023.738	28.17	8.69	15.10	12.09	16.90	15.16	8.92
2023.741	28.21	8.64	15.10	11.95	17.03	15.17	8.91
2023.744	28.30	8.52	15.13	11.78	17.20	15.18	8.90
2023.746	28.34	8.45	15.16	11.67	17.28	15.24	8.88
2023.749	28.39	8.38	15.18	11.69	17.23	15.29	8.87
2023.752	28.43	8.31	15.20	11.70	17.18	15.33	8.86
2023.755	28.47	8.25	15.23	11.72	17.16	15.34	8.85
2023.757	28.47	8.22	15.20	11.79	17.14	15.37	8.83
2023.760	28.23	8.44	14.80	12.25	17.11	15.38	8.82
2023.763	27.90	8.75	14.64	12.44	17.08	15.39	8.82
2023.766	27.40	9.22	14.67	12.46	17.06	15.40	8.82
2023.768	27.07	9.52	14.69	12.48	17.43	15.02	8.81
2023.771	26.92	9.63	14.73	12.49	17.45	15.03	8.77
2023.774	26.82	9.69	14.68	12.59	17.46	15.04	8.73
2023.777	26.79	9.68	14.61	12.72	17.48	15.03	8.69
2023.779	26.80	9.64	14.52	12.88	17.53	14.97	8.68
2023.782	26.82	9.59	14.55	12.90	17.58	14.90	8.67
2023.785	26.82	9.56	14.58	12.96	17.58	14.82	8.68
2023.787	26.83	9.52	14.61	12.99	17.61	14.74	8.69
2023.790	26.84	9.49	14.63	13.03	17.65	14.67	8.70
2023.793	26.84	9.46	14.66	13.06	17.68	14.59	8.71
2023.796	26.85	9.43	14.67	13.08	17.71	14.53	8.71
2023.798	26.86	9.40	14.69	13.11	17.77	14.43	8.72
2023.801	26.90	9.34	14.71	13.19	17.72	14.41	8.71
2023.804	27.01	9.21	14.73	13.28	17.67	14.38	8.70
2023.807	27.08	9.12	14.74	13.32	17.65	14.36	8.69
2023.809	27.16	9.03	14.76	13.37	17.64	14.33	8.68
2023.812	27.27	8.90	14.78	13.41	17.63	14.31	8.66
2023.815	27.34	8.81	14.79	13.46	17.60	14.29	8.63
2023.818	27.45	8.68	14.81	13.49	17.57	14.30	8.62
2023.820	27.53	8.59	14.83	13.50	17.57	14.30	8.59
2023.823	27.60	8.48	14.86	13.51	17.55	14.31	8.57
2023.826	27.71	8.35	14.88	13.53	17.53	14.31	8.62
2023.828	27.79	8.27	14.89	13.50	17.57	14.32	8.65
2023.831	27.86	8.19	14.90	13.45	17.61	14.32	8.66
2023.834	27.97	8.07	14.85	13.43	17.69	14.33	8.66
2023.837	28.04	7.98	14.65	13.57	17.77	14.33	8.66
2023.839	28.15	7.87	14.17	13.99	17.83	14.34	8.67
2023.842	28.23	7.78	14.11	13.99	17.83	14.41	8.67
2023.845	28.30	7.70	14.03	14.06	17.81	14.46	8.67
2023.848	28.41	7.58	13.95	14.18	17.74	14.50	8.67
2023.850	28.49	7.50	13.78	14.34	17.73	14.53	8.67
2023.853	28.56	7.41	13.78	14.36	17.69	14.57	8.67
2023.856	28.58	7.37	13.79	14.25	17.80	14.59	8.66
2023.859	28.58	7.20	13.95	14.18	17.87	14.60	8.66
2023.861	28.58	7.04	14.11	14.11	17.96	14.60	8.65
2023.864	28.58	6.87	14.26	14.06	18.03	14.59	8.65
2023.867	28.58	6.75	14.36	13.99	18.12	14.59	8.65
2023.870	28.58	6.58	14.58	13.89	18.18	14.58	8.65
2023.872	28.58	6.55	14.68	13.73	18.29	14.57	8.65
2023.875	28.58	6.55	14.73	13.62	18.34	14.57	8.65
2023.878	28.58	6.56	14.66	13.71	18.33	14.56	8.65
2023.880	28.58	6.56	14.62	13.92	18.05	14.67	8.65
2023.883	28.58	6.57	14.57	13.95	17.98	14.76	8.65
2023.886	28.58	6.58	14.45	14.03	17.98	14.78	8.65
2023.889	28.58	6.59	14.40	14.06	17.99	14.77	8.65
2023.891	28.58	6.59	14.47	14.03	17.96	14.77	8.65
2023.894	28.58	6.60	14.45	14.12	17.87	14.77	8.66
2023.897	28.58	6.60	14.32	14.24	17.89	14.77	8.66
2023.900	28.58	6.64	14.18	14.32	17.91	14.76	8.66
2023.902	28.58	6.68	14.15	14.32	17.90	14.76	8.66
2023.905	28.58	6.70	14.15	14.30	17.90	14.76	8.66
2023.908	28.58	6.71	14.16	14.29	17.90	14.76	8.66
2023.911	28.58	6.70	14.18	14.26	17.92	14.76	8.65
2023.913	28.58	6.65	14.24	14.20	17.97	14.75	8.65
2023.916	28.58	6.60	14.31	14.16	18.00	14.75	8.65
2023.919	28.58	6.53	14.41	14.19	17.94	14.74	8.67
2023.921	28.58	6.43	14.53	14.12	17.99	14.52	8.88
2023.924	28.58	6.40	14.56	14.08	18.03	14.04	9.36
2023.927	28.58	6.38	14.60	14.07	18.02	13.81	9.59
2023.930	28.58	6.20	14.79	14.07	18.01	13.79	9.60
2023.932	28.58	6.01	15.00	14.04	18.03	13.77	9.62
2023.935	28.58	5.94	15.09	14.01	18.04	13.87	9.51
2023.938	28.58	5.85	15.20	13.97	18.06	13.99	9.40
2023.941	28.58	5.74	15.33	13.98	18.03	13.97	9.42
2023.943	28.59	5.69	15.38	13.98	18.02	13.67	9.71
2023.946	28.60	5.68	15.36	14.05	17.99	13.59	9.79
2023.949	28.60	5.66	15.21	14.23	18.00	13.59	9.76
2023.952	28.61	5.63	15.10	14.41	17.98	13.59	9.73
2023.954	28.61	5.58	15.07	14.51	17.98	13.55	9.74
2023.957	28.62	5.56	14.96	14.63	18.01	13.51	9.76
2023.960	28.63	5.50	15.02	14.59	18.08	13.46	9.77
2023.963	28.63	5.49	15.02	14.54	18.24	13.34	9.79
2023.965	28.64	5.48	15.03	14.49	18.08	13.54	9.80
2023.968	28.64	5.49	15.01	14.44	18.12	13.52	9.82
2023.971	28.65	5.49	15.00	14.39	18.19	13.49	9.83
2023.973	28.65	5.49	15.00	14.35	18.24	13.47	9.85
2023.976	28.66	5.48	15.00	14.28	18.24	13.53	9.86
2023.979	28.66	5.48	15.00	14.01	18.49	13.52	9.88
2023.982	28.67	5.47	15.00	13.95	18.57	13.49	9.90
2023.984	28.68	5.48	14.98	13.91	18.64	13.44	9.91
2023.987	28.68	5.52	14.94	13.90	18.66	13.42	9.92
2023.990	28.69	5.54	14.99	13.81	18.68	13.47	9.87
2023.993	28.69	5.56	15.05	13.66	18.74	13.58	9.76
2023.995	28.70	5.58	15.10	13.55	18.80	13.62	9.70
2023.998	28.71	5.57	15.16	13.49	19.00	13.48	9.64
2024.001	28.71	5.56	15.12	13.53	18.87	13.67	9.58
2024.004	28.72	5.56	15.16	13.49	18.89	13.70	9.53
2024.006	28.72	5.55	15.20	13.45	18.92	13.74	9.47
2024.009	28.72	5.55	15.20	13.42	19.06	13.67	9.41
2024.012	28.72	5.52	15.24	13.30	19.30	13.66	9.30
2024.014	28.72	5.49	15.28	13.18	19.48	13.65	9.24
2024.017	28.72	5.45	15.32	13.19	19.51	13.67	9.18
2024.020	28.72	5.42	15.35	13.00	19.72	13.71	9.13
2024.023	28.72	5.42	15.34	12.92	19.86	13.71	9.07
2024.025	28.72	5.36	15.37	12.94	19.88	13.76	9.01
2024.028	28.70	5.10	15.60	13.03	19.77	13.94	8.90
2024.031	28.56	5.15	15.67	13.31	19.50	14.01	8.84
2024.034	28.42	5.25	15.65	13.35	19.50	14.05	8.82
2024.036	28.28	5.35	15.66	13.35	19.52	14.05	8.83
2024.039	28.14	5.50	15.65	13.30	19.56	14.05	8.84
2024.042	28.00	5.64	15.66	13.33	19.49	14.05	8.86
2024.045	27.86	5.76	15.51	13.61	19.45	13.96	8.89
2024.047	27.72	5.85	15.55	13.75	19.32	13.93	8.92
2024.050	27.62	5.90	15.55	13.83	19.28	13.91	8.95
2024.053	27.60	5.88	15.57	13.88	19.26	13.88	8.97
2024.056	27.57	5.85	15.59	13.91	19.26	13.85	9.00
2024.058	27.51	5.86	15.57	13.95	19.28	13.80	9.06
2024.061	27.06	6.27	15.54	14.05	19.26	13.74	9.11
2024.064	26.74	6.55	15.55	14.10	19.28	13.67	9.17
2024.066	26.68	6.59	15.49	14.17	19.42	13.46	9.23
2024.069	26.65	6.60	15.34	14.33	19.42	13.41	9.28
2024.072	26.63	6.63	15.23	14.44	19.42	13.28	9.40
2024.075	26.60	6.66	15.19	14.47	19.42	13.20	9.48
2024.077	26.58	6.70	15.17	14.44	19.46	13.44	9.25
2024.080	26.55	6.74	15.15	14.29	19.62	13.39	9.30
2024.083	26.53	6.77	15.12	14.28	19.63	13.38	9.33
2024.086	26.50	7.12	14.79	14.34	19.60	13.33	9.71
2024.088	26.49	7.11	14.80	14.38	19.56	13.32	9.74
2024.091	26.54	7.04	14.85	14.40	19.50	13.30	9.76
2024.094	27.30	6.26	14.90	14.38	19.44	13.32	9.78
2024.097	27.49	6.04	15.00	14.33	19.40	13.34	9.78
2024.099	27.49	6.02	15.03	14.37	19.34	13.35	9.78
2024.102	27.49	6.00	15.05	14.36	19.32	13.38	9.78
2024.105	27.49	6.27	14.78	14.33	19.34	13.39	9.77
2024.107	27.49	6.27	14.77	14.27	19.44	13.35	9.77
2024.110	27.49	6.28	14.76	14.24	19.57	13.26	9.77
2024.113	27.47	6.30	14.76	14.18	19.63	13.27	9.76
2024.116	27.37	6.42	14.75	14.39	19.42	13.28	9.72
2024.118	27.31	6.48	14.75	14.39	19.42	13.30	9.59
2024.121	27.26	6.54	14.74	14.39	19.42	13.32	9.36
2024.124	27.20	6.60	14.84	14.29	19.42	13.34	9.35
2024.127	27.15	6.66	15.19	13.99	19.37	13.35	9.33
2024.129	27.09	6.72	15.18	13.97	19.61	13.15	9.31
2024.132	27.04	6.78	15.49	13.64	19.71	13.09	9.29
2024.135	26.98	6.83	15.52	13.69	19.63	13.12	9.26
2024.138	26.93	6.89	15.17	14.05	19.61	13.14	9.24
2024.140	26.88	6.95	15.17	14.09	19.57	13.16	9.22
2024.143	26.82	7.01	15.16	14.01	19.65	13.18	9.20
2024.146	26.77	7.07	15.16	14.12	19.53	13.19	9.18
2024.149	26.71	7.13	15.15	14.10	19.59	13.18	9.17
2024.151	26.70	7.15	15.15	14.08	19.61	13.18	9.15
2024.154	26.69	7.16	15.14	14.08	19.65	13.16	9.13
2024.157	26.68	7.19	15.13	14.08	19.69	13.14	9.11
2024.159	26.67	7.21	15.12	14.08	19.69	13.16	9.09
2024.162	26.66	7.23	15.11	14.08	19.69	13.16	9.09
2024.165	26.65	7.25	15.10	14.30	19.47	13.16	9.09
2024.168	26.64	7.27	15.17	14.22	19.47	13.16	9.09
2024.170	26.63	7.29	15.26	14.29	19.30	13.16	9.09
2024.173	26.62	7.31	15.33	14.21	19.30	13.16	9.09
2024.176	26.61	7.34	15.35	14.21	19.26	13.16	9.09
2024.179	26.60	7.37	15.38	14.21	19.18	13.21	9.09
2024.181	26.59	7.39	15.40	14.20	19.13	13.23	9.09
2024.184	26.58	7.41	15.40	14.19	19.10	13.26	9.09
2024.187	26.57	7.43	15.41	14.17	19.08	13.28	9.09
2024.190	26.56	7.45	15.47	14.09	19.08	13.63	8.75
2024.192	26.55	7.47	15.54	14.02	19.08	13.63	8.75
2024.195	26.54	7.50	15.60	13.94	19.08	13.63	8.75
2024.198	26.53	7.52	15.70	13.83	19.08	13.63	8.75
2024.200	26.52	7.55	15.75	13.76	19.10	13.60	8.75
2024.203	26.51	7.57	15.82	13.67	19.20	13.50	8.75
2024.206	26.50	7.59	15.84	13.65	19.20	13.50	8.75
2024.209	26.49	7.61	15.82	13.65	19.20	13.50	8.75
2024.211	26.49	7.63	15.81	13.65	19.20	13.61	8.64
2024.214	26.49	7.64	15.79	13.65	19.20	13.71	8.54
2024.217	26.51	7.63	15.78	13.66	19.20	13.71	8.54
2024.220	26.55	7.60	15.76	13.68	19.18	13.71	8.54
2024.222	26.59	7.57	15.76	13.72	19.15	13.71	8.54
2024.225	26.62	7.53	15.75	13.75	19.12	13.71	8.54
2024.228	26.66	7.49	15.75	13.78	19.09	13.71	8.83
2024.231	26.70	7.46	15.74	13.82	19.01	13.77	8.86
2024.233	26.85	7.31	15.74	13.93	18.83	13.83	8.86
2024.236	27.06	7.09	15.73	14.06	18.70	13.83	8.86
2024.239	27.48	6.67	15.73	14.23	18.54	13.83	8.86
2024.242	27.49	6.66	15.78	14.19	18.53	13.83	8.86
2024.244	27.49	6.66	15.81	14.17	18.52	13.83	8.86
2024.247	27.49	6.66	15.84	14.15	18.51	13.83	8.86
2024.250	27.49	6.66	15.84	14.15	18.51	13.83	8.86
2024.252	27.49	6.66	15.84	14.16	18.50	13.83	8.86
2024.255	27.49	6.66	15.84	14.16	18.50	13.83	8.86
2024.258	27.49	6.66	15.84	14.13	18.53	13.83	8.86
2024.261	27.49	6.66	15.84	14.11	18.55	13.83	8.86
2024.263	27.49	6.66	15.84	14.09	18.57	13.83	8.86
2024.266	27.49	6.66	15.84	14.07	18.59	13.83	8.86
2024.269	27.49	6.66	15.82	14.06	18.62	13.83	8.86
2024.272	27.49	6.66	15.75	14.12	18.64	13.83	8.86
2024.274	27.49	6.66	15.61	14.24	18.65	13.83	8.86
2024.277	27.49	6.66	15.61	14.24	18.65	13.83	8.86
2024.280	27.49	6.66	15.61	14.24	18.65	13.83	8.86
2024.283	27.49	6.66	15.61	14.24	18.65	13.83	8.86
2024.285	27.49	6.66	15.61	14.24	18.65	13.83	8.86
2024.288	27.49	6.66	15.61	14.28	18.61	13.83	8.86
2024.291	27.49	6.66	15.61	14.32	18.57	13.83	8.86
2024.293	27.49	6.66	15.61	14.36	18.53	13.83	8.86
2024.296	27.49	6.66	15.61	14.40	18.49	13.83	8.86
2024.299	27.49	6.66	15.61	14.45	18.44	13.83	8.86
2024.302	27.49	6.66	15.61	14.53	18.36	13.83	8.86
2024.304	27.49	6.66	15.61	14.57	18.32	13.83	8.86
2024.307	27.49	6.72	15.55	14.62	18.27	13.83	8.86
2024.310	27.49	6.81	15.46	14.58	18.31	13.83	8.86
2024.313	27.49	6.95	15.32	14.29	18.60	13.83	8.86
2024.315	27.49	6.95	15.32	14.30	18.59	13.83	8.86
2024.318	27.49	6.95	15.32	14.31	18.58	13.83	8.90
2024.321	27.49	6.95	15.32	14.34	18.55	13.83	9.04
2024.324	27.49	6.95	15.32	14.35	18.54	13.83	9.05
2024.326	27.49	6.95	15.32	14.35	18.54	13.83	9.05
2024.329	27.49	6.95	15.32	14.35	18.54	13.83	9.05
2024.332	27.49	6.95	15.32	14.35	18.57	13.81	9.05
2024.335	27.49	6.95	15.32	14.41	18.53	13.78	9.05
2024.337	27.49	6.95	15.32	14.52	18.44	13.76	9.05
2024.340	27.49	6.95	15.32	14.57	18.43	13.72	9.05
2024.343	27.49	6.95	15.32	14.56	18.46	13.71	9.05
2024.345	27.49	6.95	15.32	14.54	18.47	13.71	9.05
2024.348	27.49	6.96	15.31	14.53	18.48	13.71	9.05
2024.351	27.49	6.99	15.28	14.53	18.48	13.71	9.05
2024.354	27.49	7.07	15.20	14.53	18.48	13.71	9.05
2024.356	27.49	7.13	15.13	14.65	18.36	13.71	9.05
2024.359	27.49	7.20	15.07	14.75	18.26	13.71	9.05
2024.362	27.49	7.26	15.01	14.75	18.26	13.71	9.05
2024.365	27.49	7.32	14.94	14.75	18.26	13.71	9.05
2024.367	27.49	7.37	14.90	14.75	18.26	13.71	9.05
2024.370	27.49	7.37	14.90	14.75	18.26	13.71	9.05
2024.373	27.49	7.29	14.98	14.75	18.26	13.71	9.05
2024.376	27.49	7.16	15.10	14.75	18.26	13.71	9.05
2024.378	27.49	7.04	15.23	14.75	18.26	13.71	9.05
2024.381	27.49	6.97	15.29	14.75	18.26	13.71	9.05
2024.384	27.49	6.95	15.32	14.75	18.26	13.71	9.05
2024.386	27.49	6.95	15.32	14.75	18.26	13.71	9.05
2024.389	27.49	6.95	15.32	14.75	18.26	13.72	9.04
2024.392	27.49	6.95	15.32	14.76	18.25	13.79	8.97
2024.395	27.49	6.95	15.32	14.77	18.24	13.85	8.91
2024.397	27.49	6.95	15.32	14.79	18.23	13.85	8.91
2024.400	27.49	6.95	15.32	14.81	18.20	13.85	8.90
2024.403	27.49	6.95	15.32	14.82	18.42	13.62	8.90
2024.406	27.49	6.95	15.32	14.83	18.66	13.37	8.89
2024.408	27.49	6.95	15.32	14.85	18.65	13.37	8.89
2024.411	27.49	6.95	15.32	14.86	18.64	13.37	8.89
2024.414	27.49	6.95	15.32	14.87	18.64	13.35	8.86
2024.417	27.49	6.95	15.32	14.88	18.68	13.30	8.84
2024.419	27.49	6.95	15.32	14.89	18.72	13.25	8.81
2024.422	27.49	6.95	15.32	14.91	18.95	13.01	8.80
2024.425	27.49	6.95	15.32	14.92	19.09	12.86	8.77
2024.428	27.49	6.95	15.32	14.93	19.25	12.69	8.76
2024.430	27.49	6.95	15.32	14.94	19.24	12.69	8.76
2024.433	27.49	6.95	15.32	14.95	19.23	12.69	8.76
2024.436	27.49	6.95	15.32	14.96	19.21	12.69	8.76
2024.438	27.49	6.95	15.32	14.98	19.20	12.69	8.76
2024.441	27.49	6.95	15.32	15.00	19.18	12.69	8.76
2024.444	27.49	6.95	15.32	15.01	19.17	12.69	8.76
2024.447	27.49	6.95	15.32	15.01	19.17	12.69	8.76
2024.449	27.49	6.95	15.32	15.01	19.17	12.69	8.76
2024.452	27.49	6.95	15.32	15.01	19.17	12.69	8.76
2024.455	27.49	6.95	15.32	15.01	19.17	12.69	8.76
2024.458	27.49	6.95	15.32	15.01	19.17	12.69	8.76
2024.460	27.49	6.95	15.32	15.01	19.17	12.69	8.76
2024.463	27.49	6.95	15.32	15.01	19.17	12.69	8.76
2024.466	27.49	6.95	15.32	15.01	19.17	12.69	8.76
2024.469	27.49	6.95	15.30	15.26	18.94	12.69	8.76
2024.471	27.49	6.95	15.19	15.37	18.94	12.69	8.76
2024.474	27.49	6.95	15.07	15.48	18.94	12.69	8.76
2024.477	27.49	6.95	15.07	15.48	18.94	12.69	8.76
2024.479	27.49	6.95	15.07	15.48	18.94	12.69	8.76
2024.482	27.49	6.95	15.07	15.48	18.94	12.69	8.76
2024.485	27.49	6.95	15.07	15.48	18.94	12.69	8.76
2024.488	27.49	6.95	15.07	15.48	18.94	12.69	8.76
2024.490	27.49	6.95	15.07	15.48	18.94	12.69	8.76