X	Percentil5	Percentil10	Percentil25	Percentil50	Percentil75	Percentil90	Percentil95
0.001	49.48	57.78	69.28	85.11	97.14	107.00	112.50
0.004	49.48	57.78	69.28	85.11	97.14	107.00	112.50
0.007	49.48	57.78	69.28	85.12	97.14	107.00	112.50
0.010	49.48	57.78	69.28	85.13	97.14	107.00	112.50
0.012	49.48	57.78	69.28	85.14	97.14	107.00	112.50
0.015	49.48	57.78	69.28	85.16	97.14	107.00	112.50
0.018	49.48	57.78	69.28	85.17	97.14	107.00	112.50
0.021	49.48	57.78	69.28	85.18	97.14	107.00	112.50
0.023	49.48	57.78	69.28	85.19	97.14	107.00	112.50
0.026	49.48	57.78	69.28	85.20	97.14	107.00	112.50
0.029	49.48	57.78	69.28	85.21	97.14	107.00	112.50
0.031	49.48	57.78	69.28	85.22	97.14	107.00	112.50
0.034	49.48	57.78	69.28	85.23	97.14	107.00	112.50
0.037	49.48	57.78	69.28	85.24	97.14	107.00	112.50
0.040	49.48	57.78	69.28	85.25	97.14	107.00	112.50
0.042	49.48	57.78	69.28	85.26	97.14	107.00	112.50
0.045	49.48	57.78	69.28	85.29	97.14	107.00	112.50
0.048	49.48	57.65	69.28	85.30	97.14	107.00	112.50
0.051	49.48	57.64	69.28	85.30	97.14	107.00	112.50
0.053	49.48	57.64	69.28	85.30	97.14	107.00	112.50
0.056	49.48	57.64	69.28	85.31	97.14	107.00	112.50
0.059	49.48	57.64	69.28	85.32	97.14	107.00	112.50
0.062	49.48	57.64	69.28	85.33	97.14	107.00	112.50
0.064	49.48	57.64	69.28	85.35	97.14	107.00	112.50
0.067	49.48	57.64	69.28	85.36	97.14	107.00	112.50
0.070	49.48	57.64	69.28	85.37	97.14	107.00	112.50
0.072	49.48	57.64	69.28	85.38	97.14	107.00	112.50
0.075	49.48	57.64	69.28	85.39	97.14	107.00	112.50
0.078	49.48	57.64	69.28	85.40	97.14	107.00	112.50
0.081	49.48	57.64	69.28	85.40	97.14	107.00	112.50
0.083	49.48	57.64	69.28	85.41	97.14	107.00	112.50
0.086	49.48	57.64	69.28	85.43	97.14	107.00	112.45
0.089	49.48	57.64	69.28	85.44	97.14	107.00	112.45
0.092	49.48	57.64	69.28	85.45	97.14	107.00	112.45
0.094	49.48	57.64	69.28	85.46	97.14	107.00	112.45
0.097	49.48	57.64	69.28	85.47	97.14	107.00	112.45
0.100	49.48	57.64	69.28	85.48	97.14	107.00	112.45
0.103	49.48	57.64	69.28	85.49	97.14	107.00	112.45
0.105	49.48	57.64	69.28	85.49	97.14	107.00	112.45
0.108	49.48	57.64	69.28	85.30	97.14	107.00	112.27
0.111	49.48	57.64	69.28	85.30	97.14	107.00	111.94
0.114	49.48	57.64	69.28	85.30	97.14	107.00	111.94
0.116	49.48	57.64	69.28	85.30	97.14	107.00	111.94
0.119	49.48	57.64	69.28	85.30	97.14	107.00	111.93
0.122	49.48	57.64	69.28	85.30	97.14	107.00	111.93
0.124	49.48	57.64	69.28	85.30	97.08	107.00	111.93
0.127	49.48	57.64	69.28	85.30	97.08	107.00	111.92
0.130	49.48	57.64	69.28	85.30	97.08	106.99	111.94
0.133	49.48	57.64	69.28	85.39	97.08	106.83	111.91
0.135	49.48	57.64	69.28	85.44	97.08	106.75	111.91
0.138	49.48	57.64	69.28	85.49	97.08	106.75	111.90
0.141	49.48	57.64	69.28	85.49	97.14	106.75	111.90
0.144	49.48	57.64	69.28	85.49	97.14	106.75	111.90
0.146	49.48	57.64	69.28	85.49	97.14	106.75	111.89
0.149	49.48	57.64	69.28	85.49	97.14	106.75	111.89
0.152	49.48	57.64	69.28	85.49	97.14	106.75	111.88
0.155	49.48	57.64	69.28	85.49	97.14	106.75	111.88
0.157	49.48	57.64	69.25	85.49	97.14	106.75	111.87
0.160	49.48	57.64	69.19	85.49	97.14	106.75	111.87
0.163	49.48	57.64	69.17	85.49	97.14	106.75	111.86
0.165	49.48	57.64	69.17	85.49	97.08	106.75	111.86
0.168	49.48	57.64	69.17	85.49	97.08	106.75	111.86
0.171	49.48	57.65	69.17	85.49	97.08	106.75	111.85
0.174	49.48	57.66	69.17	85.49	97.08	106.75	111.85
0.176	49.48	57.67	69.17	85.49	97.08	106.75	111.84
0.179	49.48	57.67	69.17	85.49	97.08	106.75	111.84
0.182	49.48	57.68	69.17	85.43	97.08	106.75	111.83
0.185	49.48	57.69	69.17	85.30	97.08	106.75	111.83
0.187	49.48	57.70	69.17	85.30	97.08	106.75	111.83
0.190	49.48	57.71	69.17	85.30	97.08	106.75	111.82
0.193	49.48	57.72	69.17	85.30	97.08	106.75	111.82
0.196	49.48	57.72	69.17	85.30	97.08	106.75	111.81
0.198	49.48	57.64	69.17	85.30	97.08	106.75	111.81
0.201	49.48	57.64	69.17	85.30	97.08	106.75	111.80
0.204	49.48	57.64	69.17	85.30	97.08	106.75	111.80
0.207	49.48	57.64	69.17	85.30	97.08	106.75	111.79
0.209	49.48	57.64	69.17	85.10	97.08	106.72	111.79
0.212	49.48	57.64	69.17	85.01	97.08	106.66	111.79
0.215	49.48	57.64	69.17	85.01	97.08	106.66	111.78
0.217	49.48	57.64	69.17	85.01	97.08	106.66	111.78
0.220	49.48	57.64	69.17	85.01	97.08	106.66	111.77
0.223	49.48	57.64	69.17	85.01	97.08	106.66	111.77
0.226	49.35	57.64	69.17	85.01	97.08	106.66	111.77
0.228	49.35	57.64	69.17	85.01	97.08	106.66	111.77
0.231	49.35	57.64	69.20	85.01	97.08	106.66	111.77
0.234	49.35	57.64	69.20	85.01	97.08	106.66	111.77
0.237	49.35	57.64	69.20	85.01	97.08	106.66	111.77
0.239	49.35	57.64	69.20	85.01	97.08	106.66	111.77
0.242	49.35	57.64	69.20	85.01	97.08	106.66	111.77
0.245	49.35	57.64	69.20	85.01	97.08	106.66	111.77
0.248	49.35	57.64	69.20	85.01	97.08	106.66	111.77
0.250	49.35	57.64	69.20	85.01	97.08	106.66	111.77
0.253	49.35	57.64	69.20	85.01	97.08	106.66	111.77
0.256	49.35	57.73	69.20	85.10	97.08	106.66	111.77
0.258	49.35	57.82	69.20	85.30	97.08	106.66	111.77
0.261	49.35	57.83	69.20	85.27	97.08	106.66	111.77
0.264	49.35	57.83	69.20	85.19	97.08	106.66	111.77
0.267	49.35	57.86	69.20	85.05	97.08	106.66	111.77
0.269	49.35	57.92	69.20	85.01	97.08	106.66	111.77
0.272	49.35	57.92	69.17	85.01	97.08	106.66	111.77
0.275	49.35	57.93	69.17	85.01	97.08	106.66	111.77
0.278	49.35	57.93	69.17	85.01	97.08	106.66	111.77
0.280	49.35	57.94	69.17	85.01	97.08	106.66	111.77
0.283	49.35	57.94	69.17	85.04	97.08	106.65	111.77
0.286	49.35	57.95	69.17	85.12	97.08	106.64	111.77
0.289	49.35	57.96	69.17	85.16	97.08	106.63	111.77
0.291	49.35	57.96	69.17	85.19	97.08	106.63	111.77
0.294	49.35	57.97	69.18	85.23	97.08	106.62	111.77
0.297	49.35	57.97	69.20	85.24	97.08	106.61	111.77
0.300	49.35	57.98	69.20	85.24	97.08	106.60	111.77
0.302	49.35	57.98	69.20	85.30	97.08	106.60	111.77
0.305	49.35	57.99	69.20	85.30	97.08	106.60	111.77
0.308	49.35	57.99	69.19	85.30	97.08	106.62	111.77
0.310	49.35	58.00	69.16	85.30	97.08	106.66	111.77
0.313	49.35	58.01	69.16	85.30	97.08	106.66	111.77
0.316	49.35	58.02	69.16	85.30	97.08	106.66	111.77
0.319	49.35	58.02	69.16	85.30	97.08	106.66	111.77
0.321	49.35	58.03	69.16	85.30	97.08	106.66	111.77
0.324	49.35	58.03	69.16	85.30	97.08	106.66	111.77
0.327	49.35	58.04	69.16	85.18	97.08	106.66	111.77
0.330	49.35	58.04	69.17	85.18	97.08	106.66	111.77
0.332	49.35	58.05	69.20	85.17	97.08	106.66	111.77
0.335	49.35	58.06	69.20	85.16	97.08	106.66	111.77
0.338	49.35	58.06	69.20	85.16	97.10	106.71	111.77
0.341	49.35	58.07	69.20	85.06	97.13	106.75	111.77
0.343	49.35	58.07	69.16	85.07	97.14	106.75	111.77
0.346	49.35	58.08	69.16	85.08	97.14	106.75	111.77
0.349	49.35	58.08	69.16	85.08	97.14	106.75	111.77
0.351	49.35	58.09	69.16	85.09	97.24	106.75	111.77
0.354	49.35	58.10	69.16	85.09	97.14	106.75	111.77
0.357	49.35	58.11	69.16	85.10	97.14	106.75	111.77
0.360	49.35	58.11	69.16	85.11	97.14	106.75	111.77
0.362	49.35	58.12	69.16	85.10	97.19	106.75	111.77
0.365	49.35	58.12	69.18	85.10	97.27	106.75	111.77
0.368	49.35	58.13	69.20	85.09	97.27	106.75	111.77
0.371	49.35	58.13	69.20	85.09	97.26	106.75	111.77
0.373	49.35	58.14	69.20	85.07	97.26	106.75	111.77
0.376	49.35	58.15	69.20	85.01	97.26	106.75	111.77
0.379	49.35	58.15	69.20	85.01	97.25	106.75	111.77
0.382	49.35	58.16	69.20	85.01	97.24	106.75	111.77
0.384	49.35	58.16	69.20	85.01	97.22	106.77	111.77
0.387	49.35	58.17	69.20	85.01	97.20	106.82	111.77
0.390	49.35	58.17	69.20	85.01	97.19	106.92	111.77
0.393	49.35	58.18	69.20	85.01	97.18	106.91	111.77
0.395	49.35	58.18	69.20	85.01	97.17	106.91	111.77
0.398	49.35	58.18	69.24	85.01	97.15	106.90	111.77
0.401	49.35	58.18	69.28	85.01	97.14	106.90	111.77
0.403	49.35	58.17	69.28	85.01	97.14	106.89	111.77
0.406	49.35	58.15	69.28	85.01	97.14	106.88	111.77
0.409	49.35	58.14	69.28	85.01	97.14	106.88	111.77
0.412	49.35	58.12	69.28	85.00	97.14	106.87	111.77
0.414	49.35	58.10	69.28	84.99	97.14	106.99	111.77
0.417	49.35	58.09	69.28	84.99	97.14	106.99	111.77
0.420	49.35	58.07	69.28	84.98	97.14	106.99	111.77
0.423	49.35	58.06	69.28	84.97	97.14	106.99	111.77
0.425	49.35	58.04	69.28	84.94	97.14	106.99	111.77
0.428	49.35	57.95	69.28	84.89	97.14	106.99	111.77
0.431	49.35	57.95	69.28	84.85	97.14	106.99	111.77
0.434	49.35	57.99	69.22	84.81	97.14	106.99	111.77
0.436	49.35	57.97	69.20	84.77	97.14	106.99	111.77
0.439	49.35	57.96	69.20	84.73	97.14	106.99	112.38
0.442	49.35	57.94	69.20	84.69	97.14	106.99	112.45
0.444	49.35	57.93	69.20	84.68	97.14	106.99	112.45
0.447	49.35	57.89	69.20	84.67	97.14	106.99	112.45
0.450	49.35	57.88	69.20	84.67	97.14	106.99	112.45
0.453	49.35	57.86	69.20	84.69	97.14	106.99	112.45
0.455	49.35	57.83	69.20	84.69	97.14	106.99	112.45
0.458	49.35	57.83	69.20	84.75	97.14	106.99	112.45
0.461	49.35	57.81	69.20	84.82	97.14	106.99	112.45
0.464	49.35	57.80	69.20	84.88	97.09	106.98	112.45
0.466	49.35	57.78	69.20	84.88	97.10	106.96	112.45
0.469	49.35	57.76	69.20	84.87	97.12	106.91	112.45
0.472	49.35	57.75	69.21	84.87	97.14	106.88	112.45
0.475	49.32	57.73	69.22	84.86	97.14	106.83	112.45
0.477	49.28	57.71	69.22	84.86	97.16	106.80	112.45
0.480	49.25	57.70	69.23	84.85	97.20	106.75	112.45
0.483	49.21	57.68	69.24	84.85	97.20	106.75	112.45
0.486	49.18	57.67	69.28	84.84	97.19	106.75	112.45
0.488	49.14	57.65	69.28	84.69	97.19	106.75	112.45
0.491	49.10	57.63	69.28	84.69	97.19	106.75	112.45
0.494	49.07	57.62	69.28	84.69	97.19	106.75	112.45
0.496	49.03	57.60	69.28	84.69	97.19	106.75	112.45
0.499	49.00	57.58	69.28	84.69	97.19	106.75	112.45
0.502	48.96	57.57	69.29	84.69	97.18	106.75	112.45
0.505	48.93	57.55	69.29	84.69	97.18	106.75	112.45
0.507	48.89	57.54	69.30	84.69	97.18	106.75	112.45
0.510	48.85	57.52	69.30	84.67	97.18	106.75	112.46
0.513	48.82	57.50	69.31	84.67	97.18	106.75	112.50
0.516	48.78	57.50	69.32	84.67	97.18	106.75	112.50
0.518	48.75	57.50	69.32	84.67	97.17	106.75	112.50
0.521	48.71	57.50	69.33	84.67	97.17	106.75	112.50
0.524	48.66	57.50	69.34	84.67	97.17	106.75	112.50
0.527	48.67	57.50	69.34	84.67	97.17	106.75	112.50
0.529	48.69	57.50	69.35	84.67	97.17	106.75	112.50
0.532	48.71	57.50	69.36	84.67	97.17	106.75	112.50
0.535	48.73	57.50	69.36	84.67	97.17	106.75	112.50
0.537	48.75	57.50	69.37	84.67	97.16	106.75	112.50
0.540	48.77	57.50	69.37	84.67	97.16	106.75	112.50
0.543	48.81	57.50	69.38	84.67	97.16	106.75	112.50
0.546	48.82	57.50	69.39	84.67	97.16	106.75	112.50
0.548	48.84	57.50	69.40	84.67	97.16	106.75	112.50
0.551	48.84	57.50	69.40	84.67	97.16	106.75	112.50
0.554	48.81	57.50	69.41	84.67	97.15	106.75	112.50
0.557	48.79	57.50	69.41	84.68	97.15	106.75	112.50
0.559	48.77	57.50	69.42	84.68	97.15	106.75	112.50
0.562	48.72	57.50	69.43	84.67	97.15	106.75	112.50
0.565	48.69	57.50	69.43	84.67	97.15	106.75	112.50
0.568	48.67	57.50	69.44	84.67	97.15	106.75	112.50
0.570	48.64	57.50	69.45	84.67	97.14	106.75	112.50
0.573	48.62	57.50	69.50	84.67	97.14	106.75	112.50
0.576	48.57	57.51	69.54	84.67	97.14	106.75	112.50
0.579	48.54	57.53	69.52	84.67	97.14	106.75	112.50
0.581	48.52	57.57	69.49	84.67	97.14	106.75	112.50
0.584	48.49	57.59	69.48	84.67	97.14	106.75	112.50
0.587	48.47	57.63	69.48	84.67	97.14	106.75	112.50
0.589	48.42	57.66	69.49	84.67	97.14	106.75	112.50
0.592	48.39	57.70	69.50	84.67	97.14	106.75	112.50
0.595	48.39	57.72	69.51	84.67	97.14	106.75	112.50
0.598	48.39	57.76	69.51	84.67	97.14	106.84	112.50
0.600	48.39	57.78	69.52	84.67	97.14	106.96	112.50
0.603	48.39	57.83	69.52	84.67	97.14	106.99	112.50
0.606	48.39	57.87	69.53	84.65	97.14	106.99	112.50
0.609	48.39	57.89	69.54	84.62	97.14	106.99	112.48
0.611	48.39	57.93	69.55	84.62	97.14	106.99	112.47
0.614	48.39	57.95	69.55	84.62	97.14	106.99	112.45
0.617	48.39	58.00	69.56	84.62	97.14	106.99	112.45
0.620	48.39	58.02	69.56	84.62	97.14	106.99	112.45
0.622	48.39	57.97	69.57	84.62	97.14	106.99	112.45
0.625	48.39	57.50	69.58	84.62	97.14	106.99	112.45
0.628	48.39	57.50	69.58	84.62	97.14	106.91	112.45
0.630	48.39	57.50	69.58	84.62	97.14	106.88	112.45
0.633	48.39	57.50	69.58	84.62	97.14	106.80	112.45
0.636	48.39	57.50	69.58	84.62	97.14	106.76	112.45
0.639	48.39	57.50	69.58	84.62	97.13	106.75	112.45
0.641	48.39	57.50	69.58	84.62	97.12	106.75	112.45
0.644	48.39	57.50	69.58	84.61	97.11	106.75	112.45
0.647	48.39	57.52	69.58	84.59	97.10	106.75	112.45
0.650	48.39	57.53	69.58	84.57	97.10	106.75	112.45
0.652	48.39	57.55	69.58	84.55	97.09	106.75	112.45
0.655	48.39	57.58	69.58	84.54	97.09	106.75	112.45
0.658	48.39	57.60	69.58	84.51	97.08	106.75	112.45
0.661	48.39	57.61	69.58	84.50	97.08	106.77	112.45
0.663	47.78	57.65	69.58	84.48	97.08	106.79	112.45
0.666	47.79	57.66	69.58	84.47	97.08	106.81	112.45
0.669	47.83	57.68	69.58	84.44	97.08	106.85	112.45
0.671	47.87	57.71	69.58	84.43	97.05	106.87	112.45
0.674	47.91	57.73	69.58	84.43	96.99	106.89	112.45
0.677	47.96	57.75	69.58	84.43	96.98	106.91	112.45
0.680	48.04	57.78	69.58	84.44	96.97	106.96	112.45
0.682	48.08	57.80	69.58	84.45	96.95	106.98	112.45
0.685	48.12	57.83	69.58	84.46	96.94	106.99	112.45
0.688	48.16	57.85	69.58	84.47	96.93	106.99	112.45
0.691	48.21	57.86	69.58	84.48	96.92	106.99	112.45
0.693	48.25	57.90	69.58	84.50	96.91	106.99	112.45
0.696	48.29	57.91	69.58	84.52	96.90	106.99	112.45
0.699	48.33	57.93	69.58	84.53	96.89	106.99	112.45
0.702	48.37	57.96	69.58	84.54	96.87	106.99	112.39
0.704	48.39	57.98	69.58	84.55	96.86	106.99	112.36
0.707	48.39	58.00	69.58	84.56	96.86	106.99	112.33
0.710	48.39	58.03	69.58	84.57	96.86	106.99	112.30
0.713	48.39	58.05	69.58	84.60	96.86	106.99	112.27
0.715	48.39	58.06	69.58	84.61	96.86	106.99	112.23
0.718	48.41	58.09	69.58	84.62	96.86	106.97	112.20
0.721	48.44	58.11	69.58	84.62	96.86	106.95	112.17
0.723	48.47	58.14	69.58	84.62	96.86	106.93	112.14
0.726	48.50	58.16	69.58	84.62	96.86	106.88	112.11
0.729	48.54	58.18	69.61	84.62	96.86	106.86	112.08
0.732	48.57	58.18	69.69	84.62	96.86	106.81	112.09
0.734	48.64	58.18	69.65	84.62	96.86	106.79	112.19
0.737	48.67	58.18	69.67	84.60	96.86	106.77	112.30
0.740	48.70	58.18	69.70	84.59	96.86	106.75	112.40
0.743	48.73	58.16	69.73	84.57	96.86	106.75	112.45
0.745	48.77	58.11	69.75	84.56	96.86	106.75	112.45
0.748	48.80	58.09	69.75	84.54	96.86	106.75	112.45
0.751	48.83	58.07	69.75	84.52	96.86	106.75	112.45
0.754	48.90	58.04	69.75	84.50	96.86	106.75	112.45
0.756	48.93	58.00	69.75	84.49	96.86	106.75	112.45
0.759	48.96	57.97	69.75	84.48	96.86	106.75	112.45
0.762	48.99	57.95	69.75	84.46	96.86	106.75	112.45
0.764	49.03	57.94	69.75	84.42	96.87	106.75	112.45
0.767	49.06	58.02	69.75	84.40	96.88	106.75	112.45
0.770	49.13	58.10	69.74	84.39	96.89	106.75	112.45
0.773	49.16	58.17	69.67	84.40	96.91	106.75	112.45
0.775	49.19	58.12	69.59	84.38	96.93	106.75	112.45
0.778	49.22	58.06	69.58	84.36	96.94	106.75	112.45
0.781	49.26	58.01	69.58	84.34	96.95	106.75	112.45
0.784	49.29	57.96	69.58	84.33	96.97	106.75	112.45
0.786	49.35	57.91	69.58	84.32	96.98	106.75	112.45
0.789	49.35	57.85	69.58	84.31	96.99	106.75	112.45
0.792	49.35	57.80	69.58	84.33	97.00	106.75	112.45
0.795	49.35	57.70	69.58	84.35	97.01	106.75	112.45
0.797	49.35	57.70	69.58	84.37	97.01	106.75	112.45
0.800	49.35	57.71	69.58	84.39	97.00	106.75	112.45
0.803	49.35	57.71	69.58	84.40	97.00	106.75	112.45
0.806	49.35	57.72	69.58	84.44	97.00	106.75	112.45
0.808	49.35	57.72	69.58	84.46	97.00	106.75	112.45
0.811	49.35	57.73	69.58	84.48	97.00	106.75	112.45
0.814	49.35	57.73	69.59	84.50	97.00	106.75	112.45
0.816	49.35	57.74	69.67	84.52	97.00	106.75	112.45
0.819	49.35	57.74	69.75	84.54	96.97	106.75	112.45
0.822	49.35	57.74	69.75	84.56	96.94	106.75	112.45
0.825	49.35	57.75	69.75	84.54	96.90	106.75	112.45
0.827	49.35	57.75	69.75	84.28	96.86	106.75	112.45
0.830	49.35	57.76	69.75	84.28	96.84	106.75	112.45
0.833	49.35	57.76	69.75	84.28	96.82	106.75	112.45
0.836	49.35	57.75	69.75	84.28	96.79	106.75	112.45
0.838	49.35	57.69	69.73	84.28	96.75	106.75	112.45
0.841	49.35	57.65	69.71	84.28	96.72	106.75	112.45
0.844	49.35	57.59	69.67	84.28	96.76	106.75	112.45
0.847	49.35	57.52	69.64	84.28	96.85	106.75	112.45
0.849	49.35	57.49	69.62	84.28	96.86	106.75	112.45
0.852	49.35	57.42	69.60	84.28	96.86	106.75	112.45
0.855	49.35	57.39	69.58	84.28	96.86	106.75	112.45
0.857	49.35	57.32	69.58	84.28	96.86	106.75	112.44
0.860	49.35	57.29	69.58	84.28	96.86	106.75	112.43
0.863	49.35	57.22	69.58	84.28	96.87	106.75	112.42
0.866	49.35	57.19	69.58	84.28	96.95	106.75	112.41
0.868	49.35	57.17	69.58	84.28	96.96	106.75	112.41
0.871	49.35	57.20	69.58	84.28	96.96	106.75	112.40
0.874	49.35	57.22	69.58	84.28	96.96	106.75	112.39
0.877	49.35	57.25	69.69	84.28	96.96	106.75	112.38
0.879	49.35	57.28	69.68	84.28	96.96	106.75	112.38
0.882	49.35	57.30	69.68	84.28	96.96	106.75	112.40
0.885	49.35	57.33	69.67	84.28	96.95	106.75	112.41
0.888	49.35	57.32	69.67	84.28	96.93	106.75	112.34
0.890	49.35	57.29	69.66	84.26	96.92	106.75	112.25
0.893	49.35	57.25	69.60	84.26	96.91	106.75	112.21
0.896	49.35	57.23	69.63	84.26	96.90	106.75	112.12
0.899	49.35	57.21	69.66	84.28	96.89	106.75	112.03
0.901	49.35	57.19	69.69	84.28	96.86	106.75	111.98
0.904	49.35	57.15	69.71	84.28	96.86	106.75	111.90
0.907	49.35	57.13	69.74	84.28	96.86	106.75	111.81
0.909	49.35	57.11	69.75	84.28	96.86	106.75	111.77
0.912	49.35	57.09	69.75	84.28	96.86	106.75	111.77
0.915	49.35	57.07	69.72	84.28	96.86	106.75	111.77
0.918	49.35	57.03	69.69	84.28	96.86	106.75	111.77
0.920	49.35	57.01	69.66	84.28	96.87	106.75	111.77
0.923	49.35	56.99	69.63	84.28	96.89	106.75	111.77
0.926	49.35	56.97	69.60	84.28	96.92	106.75	111.77
0.929	49.35	56.93	69.58	84.28	96.93	106.75	111.77
0.931	49.35	56.91	69.58	84.28	96.93	106.75	111.77
0.934	49.35	56.89	69.58	84.28	96.92	106.75	111.77
0.937	49.35	56.87	69.58	84.28	96.92	106.75	111.77
0.940	49.35	56.83	69.58	84.28	96.92	106.75	111.77
0.942	49.35	56.81	69.58	84.28	96.92	106.75	111.77
0.945	49.35	56.79	69.58	84.28	96.92	106.75	111.77
0.948	49.35	56.74	69.54	84.28	96.92	106.75	111.77
0.950	49.35	56.60	69.53	84.28	96.91	106.75	111.77
0.953	49.35	56.46	69.45	84.28	96.91	106.75	111.77
0.956	49.35	56.46	69.35	84.28	96.91	106.75	111.77
0.959	49.35	56.46	69.24	84.26	96.91	106.75	111.77
0.961	49.35	56.45	69.20	84.26	96.91	106.75	111.77
0.964	49.35	56.39	69.20	84.26	96.91	106.75	111.77
0.967	49.35	56.38	69.20	84.26	96.90	106.75	111.77
0.970	49.35	56.41	69.20	84.26	96.89	106.75	111.77
0.972	49.35	56.43	69.20	84.26	96.87	106.75	111.77
0.975	49.35	56.49	69.20	84.27	96.86	106.75	111.77
0.978	49.35	56.48	69.29	84.27	96.86	106.75	111.77
0.981	49.35	56.46	69.34	84.28	96.86	106.75	111.77
0.983	48.49	56.46	69.39	84.28	96.86	106.75	111.77
0.986	48.42	56.46	69.44	84.28	96.86	106.75	111.77
0.989	48.41	56.46	69.44	84.28	96.86	106.75	111.77
0.992	48.41	56.46	69.43	84.28	96.86	106.75	111.77
0.994	48.40	56.46	69.43	84.28	96.86	106.75	111.77
0.997	48.40	56.46	69.42	84.28	96.86	106.75	111.77
1.000	48.39	56.46	69.39	84.28	96.86	106.75	111.77
1.002	48.39	56.46	69.34	84.28	96.86	106.75	111.77
1.005	48.38	56.46	69.35	84.36	96.86	106.75	111.77
1.008	48.37	56.46	69.36	84.37	96.86	106.75	111.77
1.011	48.37	56.46	69.37	84.38	96.86	106.75	111.77
1.013	48.36	56.46	69.39	84.38	96.87	106.75	111.77
1.016	48.36	56.46	69.38	84.39	96.87	106.75	111.77
1.019	48.35	56.46	69.37	84.41	96.88	106.75	111.77
1.022	48.34	56.46	69.37	84.41	96.89	106.75	111.77
1.024	48.34	56.46	69.38	84.42	96.90	106.75	111.77
1.027	48.33	56.46	69.35	84.43	96.92	106.75	111.77
1.030	48.33	56.46	69.35	84.44	96.92	106.75	111.77
1.033	48.32	56.46	69.35	84.44	96.93	106.75	111.77
1.035	48.32	56.46	69.34	84.46	96.94	106.75	111.77
1.038	48.31	56.46	69.33	84.45	96.95	106.75	111.77
1.041	48.30	56.46	69.33	84.44	96.97	106.75	111.77
1.043	48.30	56.46	69.32	84.42	96.97	106.75	111.77
1.046	48.29	56.46	69.31	84.28	96.95	106.75	111.77
1.049	48.29	56.46	69.31	84.28	96.89	106.81	111.77
1.052	48.30	56.46	69.30	84.28	96.89	106.84	111.77
1.054	48.35	56.46	69.29	84.28	96.90	106.88	111.77
1.057	48.39	56.46	69.29	84.28	96.91	106.75	111.77
1.060	48.39	56.46	69.29	84.28	96.92	106.75	111.77
1.063	48.39	56.46	69.28	84.28	96.92	106.75	111.77
1.065	48.39	56.46	69.27	84.28	96.93	106.75	111.77
1.068	48.39	56.46	69.27	84.28	96.94	106.75	111.77
1.071	48.39	56.46	69.26	84.28	96.95	106.75	111.77
1.074	48.39	56.46	69.25	84.28	96.95	106.75	111.77
1.076	48.39	56.46	69.25	84.28	96.96	106.75	111.77
1.079	48.39	56.46	69.24	84.26	96.97	106.75	111.77
1.082	48.39	56.46	69.23	84.26	96.97	106.75	111.77
1.085	48.39	56.46	69.23	84.26	96.98	106.75	111.77
1.087	48.39	56.46	69.22	84.26	96.96	106.75	111.77
1.090	48.39	56.46	69.22	84.26	96.86	106.75	111.77
1.093	48.39	56.46	69.21	84.26	96.86	106.75	111.77
1.095	48.39	56.46	69.21	84.26	96.86	106.72	111.77
1.098	48.39	56.46	69.20	84.26	96.86	106.67	111.77
1.101	48.39	56.46	69.20	84.26	96.86	106.66	111.77
1.104	48.39	56.35	69.20	84.26	96.86	106.66	111.76
1.106	48.39	56.29	69.20	84.26	96.86	106.66	111.74
1.109	48.39	56.15	69.19	84.26	96.86	106.64	111.73
1.112	48.39	56.09	69.17	84.26	96.82	106.62	111.71
1.115	48.39	55.95	69.16	84.26	96.82	106.60	111.69
1.117	48.39	55.88	69.15	84.26	96.81	106.58	111.68
1.120	48.39	55.83	69.15	84.26	96.81	106.57	111.66
1.123	48.39	55.88	69.15	84.26	96.81	106.55	111.66
1.126	48.39	55.93	69.14	84.26	96.80	106.53	111.66
1.128	48.39	55.98	69.13	84.26	96.77	106.51	111.66
1.131	48.39	56.03	69.13	84.26	96.74	106.49	111.66
1.134	48.39	56.09	69.12	84.26	96.72	106.48	111.66
1.136	48.39	56.14	69.11	84.28	96.74	106.45	111.66
1.139	48.39	56.19	69.11	84.28	96.77	106.44	111.66
1.142	48.39	56.24	69.10	84.28	96.80	106.42	111.66
1.145	48.39	56.29	69.09	84.28	96.80	106.40	111.66
1.147	48.39	56.34	69.09	84.26	96.80	106.40	111.66
1.150	48.39	56.39	69.06	84.26	96.79	106.40	111.67
1.153	48.39	56.45	69.06	84.26	96.79	106.40	111.67
1.156	48.39	56.46	69.06	84.26	96.76	106.40	111.67
1.158	48.39	56.46	69.06	84.26	96.72	106.40	111.67
1.161	48.39	56.46	69.05	84.26	96.68	106.40	111.67
1.164	48.39	56.46	69.06	84.26	96.68	106.40	111.67
1.167	48.39	56.46	69.06	84.26	96.68	106.40	111.67
1.169	48.39	56.46	69.06	84.26	96.68	106.40	111.67
1.172	48.39	56.55	69.05	84.26	96.71	106.40	111.67
1.175	48.39	56.60	69.05	84.26	96.74	106.40	111.67
1.178	48.39	56.60	69.05	84.26	96.75	106.41	111.70
1.180	48.39	56.60	69.05	84.16	96.77	106.41	111.72
1.183	48.39	56.60	69.05	84.16	96.77	106.40	111.74
1.186	48.39	56.60	69.08	84.16	96.77	106.40	111.76
1.188	48.39	56.60	69.10	84.16	96.77	106.40	111.77
1.191	48.39	56.60	69.12	84.16	96.76	106.40	111.77
1.194	48.39	56.60	69.07	84.16	96.68	106.40	111.77
1.197	48.39	56.60	69.06	84.16	96.68	106.40	111.77
1.199	48.39	56.60	69.04	84.16	96.70	106.40	111.77
1.202	48.39	56.60	69.04	84.16	96.71	106.40	111.77
1.205	48.40	56.50	69.04	84.16	96.72	106.40	111.77
1.208	48.45	56.47	69.04	84.16	96.74	106.40	111.77
1.210	48.51	56.51	69.04	84.16	96.75	106.40	111.77
1.213	48.56	56.55	69.04	84.16	96.76	106.40	111.77
1.216	48.60	56.60	69.03	84.16	96.77	106.40	111.77
1.219	48.55	56.60	69.00	84.16	96.79	106.40	111.77
1.221	48.50	56.60	68.99	84.16	96.80	106.40	111.77
1.224	48.39	56.63	68.98	84.16	96.81	106.40	111.77
1.227	48.39	56.69	68.97	84.16	96.83	106.40	111.76
1.229	48.39	56.75	68.96	84.16	96.84	106.40	111.75
1.232	48.39	56.81	68.93	84.16	96.85	106.40	111.74
1.235	48.39	56.89	68.92	84.16	96.86	106.40	111.73
1.238	48.39	56.93	68.91	84.16	96.86	106.40	111.72
1.240	48.39	56.97	68.90	84.16	96.86	106.40	111.71
1.243	48.39	57.01	68.89	84.16	96.86	106.40	111.70
1.246	48.39	57.06	68.88	84.16	96.86	106.40	111.68
1.249	48.39	57.03	68.87	84.16	96.86	106.40	111.67
1.251	48.39	57.00	68.86	84.16	96.86	106.40	111.67
1.254	48.39	56.97	68.85	84.16	96.86	106.40	111.67
1.257	48.39	56.91	68.85	84.16	96.86	106.40	111.68
1.260	48.39	56.88	68.84	84.16	96.86	106.40	111.68
1.262	48.39	56.86	68.83	84.16	96.86	106.44	111.68
1.265	48.39	56.83	68.83	84.16	96.86	106.48	111.68
1.268	48.39	56.80	68.80	84.16	97.02	106.51	111.68
1.271	48.39	56.77	68.80	84.16	97.03	106.55	111.68
1.273	48.39	56.80	68.80	84.16	97.04	106.55	111.69
1.276	48.39	56.83	68.80	84.16	97.06	106.40	111.68
1.279	48.39	56.81	68.80	84.26	97.07	106.40	111.68
1.281	48.39	56.71	68.79	84.26	97.07	106.40	111.68
1.284	48.39	56.66	68.79	84.20	97.08	106.40	111.68
1.287	48.39	56.61	68.78	84.16	97.08	106.40	111.68
1.290	48.39	56.60	68.77	84.16	97.11	106.40	111.64
1.292	48.39	56.60	68.77	84.16	97.12	106.40	111.62
1.295	48.39	56.60	68.74	84.16	97.14	106.40	111.61
1.298	48.39	56.60	68.72	84.16	97.14	106.40	111.58
1.301	48.39	56.60	68.72	84.16	97.14	106.40	111.58
1.303	48.39	56.60	68.73	84.16	97.14	106.40	111.58
1.306	48.39	56.60	68.74	84.16	97.14	106.40	111.58
1.309	48.39	56.60	68.73	84.16	97.19	106.40	111.58
1.312	48.39	56.60	68.73	84.16	97.21	106.40	111.58
1.314	48.39	56.60	68.79	84.16	97.22	106.40	111.58
1.317	48.39	56.60	68.80	84.16	97.19	106.40	111.58
1.320	48.39	56.60	68.80	84.16	97.18	106.40	111.58
1.322	48.46	56.60	68.80	84.16	97.16	106.40	111.58
1.325	48.39	56.60	68.80	84.16	97.15	106.40	111.58
1.328	48.39	56.68	68.80	84.16	97.14	106.40	111.58
1.331	48.39	56.73	68.82	84.16	97.14	106.40	111.60
1.333	48.39	56.84	68.84	84.26	97.11	106.40	111.63
1.336	48.39	56.89	68.86	84.26	97.10	106.40	111.68
1.339	48.39	56.94	68.91	84.26	97.09	106.40	111.68
1.342	48.39	56.73	68.98	84.27	97.08	106.40	111.68
1.344	48.39	56.62	68.98	84.26	97.09	106.40	111.68
1.347	48.39	56.60	68.98	84.26	97.14	106.40	111.68
1.350	48.39	56.60	68.98	84.28	97.14	106.40	111.66
1.353	48.39	56.79	68.99	84.31	97.14	106.40	111.65
1.355	48.43	57.07	68.99	84.33	97.14	106.40	111.63
1.358	48.54	57.21	69.00	84.34	97.14	106.40	111.61
1.361	48.60	57.21	69.02	84.29	97.14	106.40	111.60
1.364	48.55	57.15	69.02	84.26	97.14	106.40	111.59
1.366	48.53	57.00	69.04	84.23	97.14	106.40	111.58
1.369	48.50	56.93	69.05	84.26	97.14	106.40	111.58
1.372	48.48	56.86	69.07	84.26	97.14	106.40	111.58
1.374	48.45	56.72	69.08	84.26	97.14	106.40	111.58
1.377	48.42	56.65	69.10	84.26	97.14	106.40	111.58
1.380	48.40	56.60	69.10	84.26	97.14	106.40	111.58
1.383	48.39	56.64	69.12	84.26	97.14	106.40	111.58
1.385	48.39	56.67	69.13	84.26	97.14	106.40	111.58
1.388	48.39	56.74	69.15	84.26	97.14	106.40	111.58
1.391	48.39	56.81	69.16	84.27	97.14	106.40	111.58
1.394	48.39	56.85	69.18	84.30	97.14	106.40	111.58
1.396	48.39	56.92	69.20	84.32	97.14	106.40	111.58
1.399	48.39	56.95	69.20	84.34	97.15	106.40	111.58
1.402	48.39	57.02	69.29	84.38	97.15	106.40	111.58
1.405	48.39	57.05	69.33	84.39	97.14	106.40	111.58
1.407	48.39	57.04	69.32	84.43	97.16	106.40	111.58
1.410	48.39	57.03	69.29	84.45	97.16	106.40	111.58
1.413	48.39	57.03	69.28	84.48	97.16	106.40	111.58
1.415	48.39	57.02	69.27	84.50	97.16	106.40	111.58
1.418	48.39	57.00	69.29	84.54	97.16	106.40	111.58
1.421	48.39	56.99	69.30	84.56	97.16	106.40	111.58
1.424	48.39	56.98	69.32	84.59	97.16	106.40	111.58
1.426	48.39	56.97	69.33	84.61	97.16	106.40	111.58
1.429	48.39	56.96	69.34	84.62	97.16	106.40	111.58
1.432	48.39	56.96	69.35	84.62	97.16	106.40	111.58
1.435	48.39	56.95	69.37	84.62	97.16	106.40	111.58
1.437	48.39	56.94	69.38	84.69	97.16	106.40	111.58
1.440	48.39	56.93	69.37	84.69	97.16	106.40	111.58
1.443	48.39	56.95	69.33	84.69	97.16	106.40	111.58
1.446	48.39	57.00	69.31	84.69	97.16	106.40	111.58
1.448	48.39	57.03	69.29	84.69	97.16	106.40	111.58
1.451	48.39	57.06	69.25	84.69	97.20	106.40	111.58
1.454	48.39	57.09	69.26	84.69	97.19	106.40	111.58
1.457	48.39	57.11	69.39	84.69	97.17	106.40	111.58
1.459	48.39	57.14	69.48	84.69	97.16	106.40	111.58
1.462	48.39	57.17	69.50	84.69	97.16	106.40	111.57
1.465	48.39	57.20	69.53	84.69	97.16	106.40	111.57
1.467	48.39	57.25	69.66	84.69	97.16	106.40	111.56
1.470	48.39	57.28	69.70	84.69	97.16	106.40	111.56
1.473	48.39	57.31	69.70	84.69	97.16	106.40	111.56
1.476	48.39	57.33	69.69	84.69	97.16	106.40	111.58
1.478	48.39	57.36	69.68	84.68	97.16	106.40	111.58
1.481	48.39	57.39	69.67	84.66	97.16	106.40	111.58
1.484	48.39	57.41	69.66	84.69	97.16	106.40	111.58
1.487	48.39	57.42	69.65	84.69	97.16	106.40	111.58
1.489	48.39	57.40	69.63	84.69	97.16	106.40	111.58
1.492	48.39	57.37	69.64	84.69	97.16	106.40	111.58
1.495	48.39	57.35	69.66	84.69	97.16	106.40	111.58
1.498	48.39	57.33	69.67	84.69	97.16	106.40	111.58
1.500	48.39	57.39	69.68	84.69	97.16	106.40	111.58
1.503	48.39	57.55	69.68	84.69	97.15	106.40	111.58
1.506	48.39	57.66	69.68	84.69	97.14	106.40	111.58
1.508	48.39	57.69	69.68	84.69	97.14	106.39	111.58
1.511	48.39	57.74	69.68	84.72	97.14	106.36	111.58
1.514	48.39	57.77	69.75	84.74	97.14	106.36	111.58
1.517	48.39	57.80	69.75	84.75	97.14	106.36	111.58
1.519	48.39	57.83	69.68	84.77	97.14	106.36	111.58
1.522	48.39	57.85	69.67	84.79	97.14	106.36	111.58
1.525	48.39	57.88	69.67	84.83	97.14	106.36	111.58
1.528	48.39	57.91	69.67	84.87	97.14	106.36	111.58
1.530	48.39	57.93	69.67	85.01	97.14	106.36	111.58
1.533	48.39	57.99	69.67	85.02	97.14	106.36	111.58
1.536	48.39	58.02	69.67	85.11	97.14	106.36	111.58
1.539	48.39	58.04	69.75	85.17	97.14	106.36	111.58
1.541	48.39	57.97	69.75	85.18	97.14	106.36	111.58
1.544	48.39	57.89	69.75	85.18	97.14	106.36	111.58
1.547	48.39	57.81	69.75	85.19	97.14	106.36	111.58
1.550	48.39	57.85	69.75	85.20	97.17	106.36	111.58
1.552	48.39	57.90	69.75	85.23	97.17	106.36	111.59
1.555	48.39	57.92	69.75	85.27	97.17	106.36	111.60
1.558	48.39	57.97	69.75	85.31	97.17	106.36	111.60
1.560	48.39	58.00	69.75	85.35	97.17	106.36	111.61
1.563	48.39	58.05	69.75	85.38	97.17	106.40	111.62
1.566	48.39	58.07	69.75	85.39	97.17	106.40	111.62
1.569	48.39	58.12	69.75	85.38	97.17	106.40	111.60
1.571	48.39	58.15	69.75	85.38	97.17	106.40	111.64
1.574	48.39	58.14	69.75	85.38	97.17	106.40	111.65
1.577	48.39	58.12	69.75	85.37	97.17	106.40	111.65
1.580	48.39	58.10	69.75	85.37	97.17	106.40	111.66
1.582	48.39	58.07	69.75	85.37	97.17	106.40	111.67
1.585	48.39	58.05	69.74	85.34	97.17	106.40	111.67
1.588	48.39	58.02	69.74	85.33	97.17	106.40	111.68
1.591	48.39	58.00	69.73	85.30	97.17	106.40	111.69
1.593	48.39	57.97	69.72	85.33	97.14	106.40	111.70
1.596	48.39	57.95	69.73	85.35	97.14	106.40	111.71
1.599	48.39	57.92	69.77	85.35	97.14	106.40	111.71
1.601	48.39	57.90	69.79	85.34	97.14	106.40	111.71
1.604	48.39	57.87	69.81	85.34	97.14	106.40	111.71
1.607	48.39	57.85	69.86	85.34	97.14	106.40	111.71
1.610	48.39	57.82	69.88	85.33	97.14	106.40	111.71
1.612	48.39	57.80	69.89	85.33	97.14	106.40	111.71
1.615	48.39	57.77	69.92	85.34	96.86	106.40	111.71
1.618	48.39	57.75	69.95	85.35	96.86	106.40	111.71
1.621	48.39	57.72	70.01	85.35	96.86	106.43	111.71
1.623	48.39	57.70	70.04	85.36	96.86	106.47	111.71
1.626	48.39	57.67	70.04	85.37	96.86	106.48	111.72
1.629	48.39	57.65	70.04	85.39	96.86	106.51	111.74
1.632	48.39	57.68	70.04	85.42	96.86	106.51	111.72
1.634	48.39	57.74	70.04	85.45	96.86	106.51	111.71
1.637	48.39	57.79	70.04	85.49	96.85	106.50	111.71
1.640	48.39	57.90	70.04	85.49	96.86	106.50	111.71
1.643	48.39	57.96	70.04	85.49	96.86	106.50	111.71
1.645	48.39	58.01	70.04	85.49	96.86	106.50	111.71
1.648	48.39	58.07	69.91	85.49	96.86	106.50	111.71
1.651	48.39	58.12	69.92	85.49	96.86	106.49	111.71
1.653	48.39	58.18	69.93	85.49	96.86	106.49	111.71
1.656	48.39	58.18	69.94	85.49	96.86	106.49	111.66
1.659	48.42	58.18	69.94	85.49	96.86	106.49	111.61
1.662	48.60	58.18	69.95	85.49	96.86	106.48	111.59
1.664	48.69	57.40	69.96	85.49	96.86	106.48	111.60
1.667	48.68	57.32	69.96	85.49	96.86	106.48	111.60
1.670	48.67	57.29	69.97	85.49	96.86	106.48	111.61
1.673	48.65	57.27	69.98	85.49	96.86	106.49	111.61
1.675	48.63	57.24	69.99	85.49	96.86	106.52	111.61
1.678	48.39	57.22	69.99	85.49	96.86	106.55	111.62
1.681	48.39	57.19	70.00	85.49	96.86	106.55	111.62
1.684	48.39	57.17	69.98	85.50	96.86	106.55	111.62
1.686	48.39	57.14	70.00	85.50	96.86	106.55	111.63
1.689	48.39	57.12	70.02	85.55	96.85	106.55	111.63
1.692	48.39	57.09	70.03	85.52	96.86	106.55	111.63
1.694	48.39	57.26	70.03	85.50	96.86	106.56	111.64
1.697	48.39	57.41	70.04	85.49	96.81	106.56	111.64
1.700	48.39	57.57	70.05	85.49	96.77	106.58	111.65
1.703	48.36	57.73	70.06	85.49	96.72	106.58	111.65
1.705	48.26	57.89	70.07	85.49	96.72	106.59	111.65
1.708	48.07	58.05	70.07	85.49	96.72	106.60	111.66
1.711	47.97	58.10	70.08	85.49	96.73	106.56	111.66
1.714	47.78	58.04	70.09	85.49	96.74	106.53	111.66
1.716	47.69	57.99	70.09	85.49	96.75	106.53	111.67
1.719	47.50	57.94	70.09	85.49	96.76	106.51	111.67
1.722	47.46	57.89	70.09	85.44	96.76	106.47	111.68
1.725	47.46	57.78	70.08	85.33	96.77	106.44	111.68
1.727	47.46	57.73	70.08	85.36	96.78	106.43	111.68
1.730	47.46	57.83	70.08	85.39	96.77	106.43	111.69
1.733	47.46	57.89	70.08	85.43	96.79	106.42	111.69
1.735	47.46	57.94	70.08	85.40	96.81	106.42	111.70
1.738	47.46	58.00	70.08	85.33	96.82	106.42	111.70
1.741	47.46	58.06	70.08	85.30	96.83	106.42	111.70
1.744	47.46	58.17	70.08	85.23	96.84	106.42	111.71
1.746	47.31	58.18	70.07	85.21	96.84	106.41	111.72
1.749	47.30	58.18	70.07	85.23	96.85	106.41	111.72
1.752	47.29	58.21	70.07	85.24	96.86	106.41	111.72
1.755	47.30	58.25	70.07	85.20	96.86	106.41	111.72
1.757	47.31	58.27	70.07	85.15	96.86	106.40	111.73
1.760	47.32	58.25	70.07	85.05	96.86	106.40	111.73
1.763	47.33	58.24	70.07	85.01	96.86	106.40	111.73
1.766	47.34	58.22	70.07	85.01	96.86	106.40	111.74
1.768	47.35	58.20	70.06	85.01	96.86	106.40	111.74
1.771	47.36	58.19	70.06	85.01	96.86	106.39	111.74
1.774	47.37	58.18	70.06	84.95	96.86	106.41	111.75
1.777	47.37	58.18	70.06	84.96	96.86	106.44	111.75
1.779	47.38	58.18	70.06	84.89	96.86	106.46	111.74
1.782	47.40	58.18	70.06	84.85	96.86	106.48	111.73
1.785	47.41	58.18	70.06	84.82	96.86	106.49	111.72
1.787	47.42	58.18	70.06	84.81	96.86	106.48	111.72
1.790	47.42	58.18	70.06	84.78	96.86	106.48	111.72
1.793	47.43	58.18	70.05	84.77	96.86	106.48	111.73
1.796	47.44	58.18	70.05	84.74	96.86	106.46	111.73
1.798	47.45	58.18	70.05	84.74	96.86	106.45	111.73
1.801	47.46	58.18	70.08	84.75	96.91	106.47	111.73
1.804	47.46	58.18	70.11	84.75	96.97	106.47	111.73
1.807	47.46	58.18	70.14	84.75	97.05	106.47	111.73
1.809	47.46	58.18	70.17	84.76	97.05	106.47	111.73
1.812	47.46	58.18	70.20	84.76	97.06	106.47	111.73
1.815	47.46	58.18	70.22	84.77	97.07	106.47	111.73
1.818	47.46	58.18	70.22	84.77	97.08	106.46	111.73
1.820	47.46	58.18	70.22	84.77	97.09	106.46	111.73
1.823	47.46	58.18	70.22	84.78	97.09	106.46	111.73
1.826	47.49	58.18	70.22	84.78	97.10	106.46	111.73
1.828	47.55	58.18	70.22	84.78	97.12	106.46	111.73
1.831	47.57	58.18	70.22	84.79	97.13	106.47	111.73
1.834	47.58	58.18	70.22	84.79	97.13	106.47	111.73
1.837	47.58	58.18	70.22	84.79	97.14	106.48	111.73
1.839	47.59	58.18	70.22	84.80	97.14	106.49	111.73
1.842	47.60	58.18	70.22	84.80	97.14	106.50	111.73
1.845	47.62	58.18	70.22	84.81	97.14	106.49	111.73
1.848	47.62	58.18	70.22	84.83	97.14	106.47	111.73
1.850	47.60	58.18	70.21	84.84	97.14	106.44	111.73
1.853	47.56	58.18	70.21	84.85	97.14	106.44	111.73
1.856	47.54	58.18	70.22	84.88	97.14	106.44	111.73
1.859	47.52	58.18	70.22	84.89	97.14	106.44	111.73
1.861	47.50	58.18	70.22	84.90	97.14	106.43	111.73
1.864	47.46	58.18	70.18	84.91	97.14	106.43	111.73
1.867	47.46	58.18	70.11	84.93	97.14	106.43	111.73
1.870	47.46	58.18	70.05	84.94	97.14	106.43	111.73
1.872	47.46	58.18	70.04	84.96	97.14	106.43	111.73
1.875	47.46	58.17	70.04	84.97	97.14	106.43	111.73
1.878	47.46	58.16	70.03	84.99	97.14	106.42	111.73
1.880	47.46	58.15	70.02	85.00	97.14	106.42	111.73
1.883	47.46	58.14	70.02	84.99	97.14	106.36	111.73
1.886	47.46	58.13	70.01	84.99	97.14	106.36	111.73
1.889	47.44	58.11	70.01	84.99	97.12	106.36	111.73
1.891	47.42	58.10	70.01	84.98	97.10	106.36	111.73
1.894	47.41	58.08	70.01	84.98	97.07	106.36	111.73
1.897	47.40	58.07	70.01	84.98	97.05	106.36	111.73
1.900	47.37	58.06	70.01	84.97	97.02	106.36	111.74
1.902	47.36	58.05	70.01	84.97	97.00	106.36	111.74
1.905	47.35	58.04	70.01	84.97	96.95	106.36	111.74
1.908	47.32	58.03	70.00	84.96	96.92	106.36	111.74
1.911	47.25	58.02	70.00	84.96	96.89	106.36	111.74
1.913	47.17	58.01	70.00	84.96	96.87	106.31	111.74
1.916	47.09	58.00	70.00	84.95	96.84	106.28	111.74
1.919	46.98	58.01	70.00	84.94	96.82	106.27	111.74
1.921	46.94	58.02	70.00	84.91	96.79	106.27	111.74
1.924	46.92	58.04	70.00	84.93	96.78	106.27	111.74
1.927	46.90	58.05	70.00	84.94	96.80	106.27	111.74
1.930	46.88	58.07	69.99	84.94	96.87	106.27	111.74
1.932	46.84	58.08	69.99	84.93	96.93	106.28	111.66
1.935	46.82	58.09	69.99	84.93	97.00	106.29	111.58
1.938	46.80	58.11	70.04	84.93	97.06	106.29	111.58
1.941	46.78	58.12	70.04	84.94	97.09	106.30	111.58
1.943	46.74	58.14	70.04	84.94	97.04	106.31	111.58
1.946	46.72	58.15	70.04	84.94	96.95	106.31	111.58
1.949	46.70	58.16	70.04	84.95	96.91	106.32	111.58
1.952	46.66	58.18	70.03	84.95	96.86	106.33	111.58
1.954	46.64	58.18	70.01	84.95	96.82	106.34	111.58
1.957	46.62	58.18	69.98	84.96	96.79	106.34	111.58
1.960	46.60	58.18	69.98	84.96	96.79	106.35	111.58
1.963	46.57	58.18	69.98	84.96	97.14	106.36	111.58
1.965	46.55	58.12	69.98	84.97	97.14	106.36	111.58
1.968	46.53	58.05	69.98	84.97	97.14	106.34	111.58
1.971	46.49	57.99	69.98	84.98	97.14	106.26	111.58
1.973	46.47	57.92	69.98	84.97	97.14	106.26	111.58
1.976	46.45	57.82	69.97	84.93	97.14	106.26	111.58
1.979	46.43	57.76	69.97	84.89	97.14	106.26	111.58
1.982	46.39	57.72	69.97	84.84	97.14	106.27	111.58
1.984	46.37	57.71	69.96	84.80	97.14	106.27	111.58
1.987	46.35	57.69	69.93	84.76	97.14	106.35	111.58
1.990	46.33	57.70	69.91	84.76	97.14	106.35	111.59
1.993	46.29	57.72	69.89	84.78	97.14	106.35	111.59
1.995	46.29	57.74	69.87	84.80	97.14	106.35	111.59
1.998	46.28	57.76	69.84	84.83	97.14	106.34	111.59
2.001	46.28	57.77	69.82	84.81	97.14	106.34	111.74
2.004	46.27	57.79	69.80	84.80	97.14	106.34	111.74
2.006	46.26	57.81	69.78	84.78	97.14	106.34	111.74
2.009	46.18	57.84	69.76	84.77	97.17	106.34	111.75
2.012	46.16	57.77	69.73	84.74	97.19	106.34	111.75
2.014	46.15	57.67	69.74	84.73	97.19	106.33	111.75
2.017	46.13	57.57	69.74	84.71	97.19	106.33	111.75
2.020	46.12	57.56	69.81	84.72	97.14	106.33	111.75
2.023	46.11	57.55	69.80	84.81	97.17	106.33	111.75
2.025	46.10	57.54	69.80	84.82	97.19	106.33	111.75
2.028	46.08	57.53	69.80	84.81	97.19	106.34	111.75
2.031	46.07	57.52	69.79	84.81	97.19	106.36	111.75
2.034	46.06	57.49	69.79	84.81	97.19	106.36	111.75
2.036	46.05	57.48	69.79	84.80	97.19	106.36	111.75
2.039	46.03	57.47	69.80	84.80	97.19	106.36	111.75
2.042	46.02	57.46	69.81	84.80	97.19	106.36	111.75
2.045	46.01	57.45	69.82	84.81	97.19	106.36	111.75
2.047	46.00	57.44	69.82	84.82	97.14	106.36	111.75
2.050	45.98	57.43	69.83	84.80	97.14	106.36	111.75
2.053	45.97	57.42	69.84	84.79	97.14	106.36	111.75
2.056	45.96	57.41	69.84	84.78	97.14	106.34	111.75
2.058	45.96	57.40	69.85	84.78	97.14	106.35	111.75
2.061	45.94	57.39	69.76	84.77	97.14	106.35	111.75
2.064	45.97	57.37	69.78	84.77	97.14	106.35	111.75
2.066	46.06	57.36	69.83	84.77	97.14	106.36	111.75
2.069	46.13	57.35	69.85	84.76	97.14	106.36	111.75
2.072	46.12	57.31	69.88	84.75	97.14	106.36	111.75
2.075	46.12	57.30	69.89	84.69	97.14	106.34	111.75
2.077	46.11	57.26	69.90	84.69	97.14	106.29	111.75
2.080	46.11	57.21	69.91	84.69	97.14	106.29	111.75
2.083	46.09	57.16	69.59	84.69	97.14	106.29	111.75
2.086	46.07	57.12	69.58	84.69	97.11	106.29	111.75
2.088	46.03	57.07	69.58	84.69	97.06	106.28	111.71
2.091	46.01	57.02	69.59	84.69	97.03	106.28	111.65
2.094	45.99	57.01	69.60	84.69	97.03	106.28	111.65
2.097	45.97	57.03	69.61	84.72	97.03	106.28	111.64
2.099	45.96	57.05	69.61	84.72	97.04	106.28	111.60
2.102	45.92	57.06	69.62	84.72	97.04	106.28	111.63
2.105	45.90	57.10	69.63	84.72	97.05	106.27	111.65
2.107	45.88	57.12	69.63	84.71	97.05	106.27	111.65
2.110	45.86	57.14	69.64	84.71	97.06	106.27	111.66
2.113	45.82	57.15	69.65	84.69	97.06	106.27	111.66
2.116	45.80	57.16	69.66	84.69	97.07	106.27	111.66
2.118	45.78	57.15	69.66	84.69	97.07	106.26	111.66
2.121	45.76	56.72	69.68	84.69	97.08	106.26	111.66
2.124	45.74	56.74	69.84	84.69	97.09	106.26	111.66
2.127	45.70	56.75	69.91	84.69	97.09	106.26	111.67
2.129	45.68	56.78	69.91	84.69	97.09	106.26	111.67
2.132	45.66	56.80	69.91	84.68	97.10	106.26	111.67
2.135	45.64	56.81	69.90	84.68	97.10	106.26	111.67
2.138	45.61	56.83	69.80	84.68	97.11	106.26	111.67
2.140	45.65	56.84	69.86	84.67	97.12	106.26	111.67
2.143	45.75	56.86	69.90	84.67	97.10	106.26	111.67
2.146	45.85	56.89	69.90	84.67	97.04	106.26	111.68
2.149	45.95	56.90	69.90	84.66	96.98	106.27	111.68
2.151	45.96	56.92	69.90	84.66	96.93	106.30	111.68
2.154	45.95	56.94	69.90	84.69	96.89	106.33	111.68
2.157	45.94	56.95	69.86	84.69	96.90	106.35	111.68
2.159	45.94	56.97	69.79	84.69	96.92	106.36	111.68
2.162	45.93	56.97	69.75	84.69	96.93	106.36	111.68
2.165	45.93	56.96	69.61	84.64	96.94	106.36	111.69
2.168	45.92	56.95	69.52	84.64	96.89	106.37	111.69
2.170	45.92	56.95	69.43	84.64	96.78	106.40	111.69
2.173	45.91	56.93	69.49	84.62	96.74	106.41	111.69
2.176	45.91	56.92	69.48	84.63	96.74	106.42	111.69
2.179	45.90	56.91	69.44	84.63	96.74	106.44	111.69
2.181	45.89	56.90	69.37	84.62	96.74	106.46	111.70
2.184	45.89	56.89	69.34	84.62	96.74	106.47	111.66
2.187	45.88	56.88	69.65	84.62	96.73	106.48	111.62
2.190	45.88	56.87	69.65	84.62	96.73	106.47	111.58
2.192	45.87	56.86	69.66	84.62	96.73	106.49	111.58
2.195	45.87	56.85	69.66	84.62	96.73	106.49	111.58
2.198	45.86	56.84	69.66	84.62	96.73	106.49	111.58
2.200	45.85	56.83	69.67	84.65	96.73	106.50	111.58
2.203	45.85	56.82	69.67	84.66	96.73	106.55	111.58
2.206	45.82	56.81	69.68	84.69	96.72	106.58	111.58
2.209	45.80	56.80	69.68	84.69	96.72	106.59	111.58
2.211	45.77	56.79	69.68	84.69	96.72	106.60	111.58
2.214	45.71	56.78	69.69	84.69	96.72	106.63	111.58
2.217	45.68	56.77	69.70	84.69	96.72	106.64	111.58
2.220	45.65	56.77	69.75	84.69	96.73	106.66	111.58
2.222	45.62	56.79	69.84	84.70	96.75	106.68	111.58
2.225	45.60	56.80	69.82	84.71	96.77	106.69	111.58
2.228	45.57	56.83	69.80	84.74	96.79	106.71	111.58
2.231	45.54	56.84	69.76	84.74	96.80	106.72	111.58
2.233	45.51	56.84	69.74	84.70	96.83	106.75	111.58
2.236	45.45	56.80	69.72	84.69	96.77	106.76	111.58
2.239	45.43	56.76	69.73	84.69	96.70	106.77	111.57
2.242	45.40	56.75	69.73	84.69	96.70	106.80	111.56
2.244	45.37	56.73	69.73	84.70	96.70	106.81	111.55
2.247	45.34	56.71	69.74	84.70	96.71	106.82	111.54
2.250	45.31	56.68	69.66	84.71	96.72	106.85	111.53
2.252	45.28	56.66	69.59	84.76	96.73	106.86	111.52
2.255	45.27	56.62	69.62	84.69	96.74	106.88	111.51
2.258	45.33	56.61	69.71	84.69	96.75	106.90	111.50
2.261	45.37	56.60	69.76	84.69	96.76	106.91	111.49
2.263	45.43	56.59	69.76	84.69	96.77	106.91	111.47
2.266	45.46	56.57	69.70	84.69	96.78	106.92	111.36
2.269	45.53	56.56	69.56	84.62	96.79	106.92	111.35
2.272	45.56	56.55	69.35	84.62	96.76	106.93	111.35
2.274	45.62	56.54	69.33	84.57	96.73	106.93	111.34
2.277	45.65	56.53	69.31	84.52	96.73	106.94	111.33
2.280	45.68	56.66	69.33	84.50	96.74	106.94	111.33
2.283	45.68	56.88	69.36	84.50	96.74	106.95	111.32
2.285	45.67	57.03	69.37	84.49	96.73	106.95	111.32
2.288	45.67	57.05	69.40	84.49	96.75	106.96	111.31
2.291	45.66	57.06	69.43	84.49	96.76	106.96	111.30
2.293	45.65	57.08	69.50	84.48	96.76	106.97	111.29
2.296	45.65	57.10	69.48	84.48	96.76	106.97	111.29
2.299	45.64	57.11	69.51	84.48	96.77	106.98	111.28
2.302	45.64	57.13	69.54	84.50	96.77	106.98	111.28
2.304	45.64	57.15	69.57	84.51	96.82	106.99	111.27
2.307	45.69	57.16	69.59	84.55	96.86	106.99	111.29
2.310	45.71	57.18	69.62	84.57	96.88	106.99	111.31
2.313	45.75	56.85	69.65	84.59	96.93	106.93	111.30
2.315	45.78	56.89	69.68	84.62	96.95	106.87	111.30
2.318	45.82	56.92	69.81	84.62	96.96	106.80	111.28
2.321	45.84	56.94	69.85	84.62	96.97	106.83	111.27
2.324	45.89	56.97	69.85	84.62	96.98	106.96	111.27
2.326	45.91	57.00	69.86	84.62	96.98	107.02	111.25
2.329	45.95	57.02	69.86	84.62	97.00	107.03	111.24
2.332	45.97	57.05	69.86	84.48	97.01	107.04	111.24
2.335	45.59	57.08	69.87	84.59	97.02	107.04	111.22
2.337	45.56	57.11	69.90	84.54	97.06	107.05	111.21
2.340	45.56	57.13	69.93	84.52	97.10	107.05	111.21
2.343	45.55	57.35	69.97	84.49	97.14	107.06	111.20
2.345	45.55	57.34	70.00	84.48	97.14	107.06	111.18
2.348	45.54	57.32	70.01	84.55	97.17	107.07	111.17
2.351	45.53	57.27	70.00	84.58	97.20	107.07	111.17
2.354	45.53	57.28	69.93	84.62	97.20	107.08	111.15
2.356	45.52	57.31	69.90	84.62	97.20	107.08	111.15
2.359	45.52	57.33	69.91	84.62	97.20	107.09	111.14
2.362	45.51	57.40	69.91	84.62	97.20	107.10	111.13
2.365	45.51	57.48	69.91	84.62	97.20	107.10	111.12
2.367	45.50	57.52	69.92	84.62	97.20	107.10	111.12
2.370	45.49	57.52	69.92	84.61	97.28	107.11	111.11
2.373	45.49	57.50	69.93	84.54	97.27	107.11	111.10
2.376	45.48	57.51	69.93	84.51	97.23	107.12	111.10
2.378	45.48	57.54	70.03	84.48	97.20	107.10	111.09
2.381	45.47	57.56	70.01	84.45	97.20	107.01	111.09
2.384	45.47	57.59	69.98	84.42	97.20	106.96	111.08
2.386	45.46	57.62	69.95	84.44	97.21	106.69	111.07
2.389	45.45	57.64	69.95	84.49	97.21	106.70	111.06
2.392	45.45	57.67	69.95	84.54	97.23	106.70	111.06
2.395	45.44	57.68	69.96	84.51	97.34	106.70	111.05
2.397	45.44	57.71	69.96	84.50	97.32	106.62	111.05
2.400	45.43	57.72	69.97	84.48	97.30	106.57	111.04
2.403	45.43	57.73	69.97	84.47	97.26	106.52	111.03
2.406	45.42	57.76	69.98	84.45	97.26	106.52	111.02
2.408	45.41	57.77	69.98	84.43	97.27	106.53	111.02
2.411	45.41	57.79	69.96	84.41	97.28	106.48	111.01
2.414	45.40	57.80	69.92	84.40	97.29	106.39	111.01
2.417	45.40	57.81	69.88	84.37	97.21	106.36	111.00
2.419	45.32	57.84	69.85	84.33	97.21	106.36	110.99
2.422	45.39	57.80	69.79	84.32	97.21	106.36	110.99
2.425	45.38	57.69	69.83	84.32	97.21	106.36	110.98
2.428	45.37	57.57	69.76	84.30	97.21	106.36	110.97
2.430	45.37	57.46	69.77	84.25	97.21	106.36	110.97
2.433	45.36	57.35	69.77	84.24	97.21	106.36	110.96
2.436	45.36	57.22	69.74	84.25	97.21	106.36	110.96
2.438	45.35	57.13	69.78	84.23	97.21	106.36	110.95
2.441	45.77	57.15	69.81	84.21	97.21	106.36	110.94
2.444	45.49	57.23	69.82	84.20	97.21	106.36	110.93
2.447	45.33	57.21	69.83	84.18	97.21	106.36	110.93
2.449	45.33	57.25	69.84	84.19	97.21	106.36	110.92
2.452	45.32	57.28	69.84	84.24	97.21	106.36	110.92
2.455	45.31	57.30	69.82	84.25	97.21	106.36	110.91
2.458	45.31	57.60	69.79	84.26	97.21	106.36	110.90
2.460	45.27	57.66	69.78	84.26	97.21	106.38	110.89
2.463	45.21	57.71	69.75	84.26	97.21	106.42	110.88
2.466	45.14	57.67	69.73	84.27	97.21	106.46	110.87
2.469	45.08	57.63	69.74	84.27	97.21	106.50	110.86
2.471	44.98	57.55	69.67	84.25	97.21	106.54	110.85
2.474	44.91	57.51	69.65	84.26	97.20	106.58	110.84
2.477	44.84	57.53	69.60	84.26	97.17	106.62	110.82
2.479	44.78	57.55	69.62	84.25	97.14	106.66	110.85
2.482	44.71	57.58	69.60	84.29	97.14	106.70	110.84
2.485	44.65	57.63	69.57	84.29	97.17	106.74	110.84
2.488	44.55	57.65	69.56	84.30	97.15	106.78	110.83
2.490	44.48	57.68	69.54	84.30	97.12	106.80	110.82
2.493	44.42	57.69	69.51	84.30	97.08	106.81	110.82
2.496	44.35	57.57	69.50	84.31	97.08	106.81	110.82
2.499	44.28	57.51	69.47	84.31	97.08	106.81	110.83
2.501	44.22	57.39	69.45	84.32	97.09	106.82	110.83
2.504	44.15	57.28	69.42	84.32	97.09	106.82	110.79
2.507	44.05	57.22	69.41	84.32	97.10	106.82	110.78
2.510	43.99	57.10	69.38	84.33	97.10	106.82	110.78
2.512	43.97	56.98	69.40	84.33	97.14	106.83	110.77
2.515	43.95	56.92	69.47	84.33	97.14	106.83	110.76
2.518	43.97	56.80	69.55	84.34	97.14	106.83	110.76
2.521	44.15	56.68	69.69	84.34	97.14	106.84	110.75
2.523	44.33	56.63	69.73	84.34	97.12	107.12	110.74
2.526	44.69	56.51	69.67	84.40	97.13	107.12	110.74
2.529	44.87	56.46	69.56	84.45	97.13	107.11	110.73
2.531	45.05	56.38	69.45	84.44	97.14	107.11	110.72
2.534	45.15	56.34	69.35	84.47	97.14	107.10	110.72
2.537	45.14	56.30	69.33	84.50	97.14	107.09	110.71
2.540	45.14	56.27	69.36	84.53	97.14	107.09	110.70
2.542	45.13	56.29	69.38	84.59	97.14	107.08	110.70
2.545	45.12	56.31	69.39	84.63	97.14	106.95	110.69
2.548	45.05	56.32	69.42	84.45	97.14	106.86	110.69
2.551	45.11	56.34	69.43	84.44	97.14	106.87	110.68
2.553	45.11	56.35	69.46	84.40	97.14	106.87	110.67
2.556	45.10	56.37	69.51	84.42	97.14	106.87	110.73
2.559	45.10	56.38	69.50	84.40	97.14	106.87	110.79
2.562	45.09	56.40	69.50	84.40	97.14	106.88	110.84
2.564	45.08	56.41	69.53	84.40	97.14	106.88	110.84
2.567	45.08	56.43	69.54	84.40	97.14	106.89	110.84
2.570	45.07	56.44	69.56	84.41	97.14	106.89	110.84
2.572	45.59	56.46	69.58	84.41	97.14	106.89	110.84
2.575	45.99	56.47	69.60	84.41	97.14	106.89	110.84
2.578	46.79	56.49	69.61	84.42	97.14	107.00	110.85
2.581	46.76	56.52	69.59	84.35	97.14	106.99	110.85
2.583	46.75	56.53	69.58	84.36	97.14	106.98	110.85
2.586	46.71	56.55	69.56	84.37	97.14	106.98	110.85
2.589	46.69	56.56	69.54	84.39	97.14	106.97	110.85
2.592	46.66	56.58	69.47	84.40	97.14	106.96	110.67
2.594	46.64	56.59	69.43	84.41	97.14	106.96	110.68
2.597	46.61	56.61	69.37	84.43	97.11	106.92	110.68
2.600	46.59	56.62	69.31	84.43	97.04	106.92	110.69
2.603	46.56	56.64	69.20	84.45	97.01	106.92	110.69
2.605	46.54	56.65	69.23	84.45	97.06	106.68	110.70
2.608	46.50	56.67	69.16	84.45	97.09	106.36	110.70
2.611	46.49	56.68	69.13	84.40	97.12	106.36	110.71
2.614	46.45	56.70	69.06	84.31	97.10	106.36	110.71
2.616	46.44	56.71	69.02	84.22	96.86	106.36	110.72
2.619	46.40	56.73	69.00	84.18	96.93	106.36	110.72
2.622	46.38	56.75	69.00	84.16	96.92	106.36	110.72
2.624	46.35	56.76	69.00	84.16	96.96	106.36	110.73
2.627	46.33	56.78	69.00	84.16	96.99	106.36	110.73
2.630	46.30	56.79	69.00	84.16	96.95	106.49	110.74
2.633	46.28	56.82	69.04	84.11	96.88	106.67	110.74
2.635	46.25	56.84	69.07	84.12	96.84	106.60	110.75
2.638	46.23	56.85	69.09	84.13	96.77	106.57	110.75
2.641	46.19	56.87	69.10	84.15	96.78	106.50	110.76
2.644	46.18	56.88	69.12	84.15	96.83	106.41	110.76
2.646	46.14	56.90	69.13	84.12	96.86	106.36	110.77
2.649	46.13	56.91	69.10	84.08	96.91	106.36	110.77
2.652	46.09	56.93	69.08	84.05	96.88	106.30	110.78
2.655	46.07	56.93	69.07	84.03	96.86	106.27	110.78
2.657	46.06	56.90	69.05	84.03	96.84	106.26	110.79
2.660	46.02	56.94	69.03	83.94	96.72	106.26	110.79
2.663	46.00	56.96	69.00	83.95	96.78	106.26	110.87
2.665	45.97	56.98	69.00	84.00	96.76	106.26	110.87
2.668	45.95	56.99	69.00	84.01	96.78	106.26	110.87
2.671	45.92	57.01	69.01	84.01	96.80	106.26	110.87
2.674	45.90	57.02	69.03	84.01	96.83	106.21	110.87
2.676	45.87	57.05	69.05	84.01	96.92	106.08	110.87
2.679	45.85	57.07	69.07	84.12	96.99	106.02	110.87
2.682	45.81	57.09	69.09	84.16	96.99	105.99	110.87
2.685	45.80	57.10	69.11	84.16	96.98	105.99	110.87
2.687	45.76	57.12	69.12	84.16	96.98	105.99	110.87
2.690	45.75	57.13	69.14	84.16	96.98	105.99	110.87
2.693	45.71	57.17	69.11	84.07	96.97	105.99	110.87
2.696	45.69	57.18	69.01	84.08	96.96	105.99	110.87
2.698	45.66	57.20	69.00	84.09	96.98	105.99	110.88
2.701	45.64	57.21	69.00	84.10	96.99	105.99	110.88
2.704	45.61	57.23	69.00	84.09	96.97	105.99	110.88
2.707	45.59	57.24	69.00	84.08	96.96	105.99	110.88
2.709	45.56	57.26	69.00	84.06	96.98	105.99	110.88
2.712	45.53	57.28	69.00	83.97	97.01	105.99	110.88
2.715	45.37	57.29	69.00	83.96	97.05	105.99	110.89
2.717	45.22	57.31	69.00	83.96	97.09	105.99	110.89
2.720	45.14	57.32	69.00	83.95	97.12	105.99	110.90
2.723	44.98	57.34	69.00	83.95	97.13	105.99	110.90
2.726	44.90	57.35	68.97	83.95	97.14	105.99	110.91
2.728	44.74	57.37	68.96	83.94	97.14	105.99	110.91
2.731	44.73	57.38	68.93	83.94	97.14	105.99	110.92
2.734	44.73	57.40	68.92	83.94	97.14	105.99	110.91
2.737	44.72	57.39	68.90	83.92	97.14	106.12	110.90
2.739	44.71	57.11	68.88	83.90	97.09	106.20	110.89
2.742	44.71	56.83	68.87	83.89	97.06	106.26	110.89
2.745	44.70	56.78	68.89	83.89	96.99	106.26	110.89
2.748	44.70	56.84	68.90	83.92	96.92	106.26	110.89
2.750	44.69	56.89	68.88	83.87	96.86	106.35	110.88
2.753	44.69	57.00	68.86	83.84	96.86	106.36	110.83
2.756	44.68	57.05	68.86	83.82	96.85	106.36	110.82
2.758	44.67	57.10	68.86	83.81	96.78	106.36	110.81
2.761	44.67	57.16	68.86	83.79	96.72	106.36	110.80
2.764	44.66	57.21	68.86	83.80	96.77	106.36	110.83
2.767	44.66	57.24	68.86	83.85	96.83	106.36	110.87
2.769	44.65	57.23	68.87	83.88	96.83	106.36	110.89
2.772	44.65	57.22	69.00	83.89	96.82	106.36	110.89
2.775	44.64	57.20	69.00	83.89	96.82	106.36	110.89
2.778	44.63	57.19	69.00	83.88	96.81	106.36	110.89
2.780	44.63	57.17	68.86	83.88	96.81	106.36	110.90
2.783	44.67	57.15	68.86	83.88	96.80	106.36	110.90
2.786	44.71	57.14	68.86	83.86	96.80	106.36	110.90
2.789	44.76	57.12	68.86	83.84	96.79	106.36	110.90
2.791	44.80	57.11	68.86	83.82	96.79	106.36	110.90
2.794	44.85	57.09	68.86	83.79	96.78	106.35	111.03
2.797	44.89	57.08	68.86	83.79	96.78	106.28	111.03
2.799	44.98	57.06	68.86	83.79	96.77	106.26	111.04
2.802	45.03	57.05	68.86	83.80	96.77	106.26	111.04
2.805	45.07	57.03	68.86	83.81	96.76	106.26	111.05
2.808	45.11	57.02	68.86	83.81	96.76	106.26	111.05
2.810	45.16	57.01	68.86	83.82	96.77	106.26	111.05
2.813	45.20	56.99	68.86	83.82	96.82	106.26	111.06
2.816	45.25	56.95	68.86	83.83	96.82	106.26	111.06
2.819	45.34	56.93	68.86	83.83	96.74	106.26	111.07
2.821	45.38	56.90	68.86	83.83	96.73	106.26	111.07
2.824	45.43	56.88	68.86	83.83	96.72	106.26	111.08
2.827	45.47	56.83	68.80	83.85	96.72	106.26	111.08
2.830	45.52	56.80	68.83	83.86	96.65	106.26	111.09
2.832	45.66	56.66	68.80	83.87	96.61	106.26	111.07
2.835	45.92	56.57	68.80	83.91	96.61	106.26	111.10
2.838	45.85	56.50	68.80	83.96	96.61	106.26	111.10
2.841	45.79	56.46	68.80	84.07	96.61	106.26	111.11
2.843	45.79	56.40	68.80	84.13	96.61	106.26	111.11
2.846	45.83	56.36	68.80	84.17	96.61	106.26	111.12
2.849	45.88	56.29	68.86	84.17	96.61	106.26	111.12
2.851	45.92	56.26	68.86	84.17	96.61	106.26	111.13
2.854	45.97	56.24	68.86	84.17	96.59	106.26	111.13
2.857	46.06	56.30	68.86	84.17	96.53	106.26	111.14
2.860	46.10	56.41	68.86	84.17	96.47	106.26	111.14
2.862	46.15	56.38	68.86	84.17	96.43	106.26	111.15
2.865	46.19	56.33	68.86	84.17	96.43	106.26	111.15
2.868	46.24	56.31	68.86	84.17	96.43	106.26	111.15
2.871	46.28	56.26	68.86	84.19	96.43	106.31	111.16
2.873	46.33	56.39	68.86	84.18	96.43	106.30	111.17
2.876	46.42	56.46	68.86	84.18	96.43	106.29	111.17
2.879	46.46	56.42	68.85	84.14	96.43	106.29	111.17
2.882	46.51	56.36	68.80	84.14	96.43	106.26	111.13
2.884	46.55	56.30	68.80	84.18	96.43	106.26	111.08
2.887	46.60	56.06	68.80	84.18	96.43	106.26	111.04
2.890	46.64	56.01	68.80	84.08	96.43	106.26	110.95
2.892	46.68	56.06	68.78	84.00	96.43	106.25	110.92
2.895	46.70	56.15	68.74	84.01	96.35	106.25	110.92
2.898	46.66	56.34	68.67	84.01	96.34	106.24	110.92
2.901	46.67	56.35	68.63	84.02	96.35	106.18	110.93
2.903	46.70	56.28	68.61	84.03	96.36	106.21	110.93
2.906	46.65	56.15	68.57	84.03	96.37	106.22	110.93
2.909	46.54	56.08	68.56	84.04	96.40	106.21	110.93
2.912	46.54	56.01	68.57	84.04	96.43	106.21	110.93
2.914	46.64	55.95	68.58	84.05	96.43	106.20	110.93
2.917	46.73	55.81	68.59	84.06	96.43	106.20	110.93
2.920	46.79	55.74	68.59	84.06	96.43	106.19	110.93
2.923	46.80	55.67	68.60	84.07	96.43	106.18	110.93
2.925	46.82	55.61	68.61	84.07	96.43	106.18	110.93
2.928	46.83	55.51	68.62	84.08	96.43	106.17	110.93
2.931	46.86	55.49	68.62	84.09	96.43	106.17	110.93
2.934	46.88	55.44	68.61	84.10	96.43	106.16	110.93
2.936	46.89	55.49	68.60	84.10	96.43	106.15	110.93
2.939	46.91	55.55	68.64	84.11	96.43	106.14	110.93
2.942	46.92	55.61	68.66	84.11	96.45	106.14	110.94
2.944	46.94	55.66	68.66	84.12	96.48	106.13	110.94
2.947	46.95	55.73	68.66	84.13	96.50	106.12	110.94
2.950	46.97	55.78	68.64	84.13	96.49	106.12	110.95
2.953	46.98	55.85	68.60	84.20	96.49	106.11	110.97
2.955	47.01	55.90	68.58	84.14	96.49	106.11	110.98
2.958	47.02	55.92	68.70	84.22	96.49	106.11	111.01
2.961	47.02	55.80	68.70	84.29	96.50	106.14	111.02
2.964	47.02	55.73	68.72	84.26	96.49	106.17	111.03
2.966	47.02	55.61	68.80	84.28	96.51	106.19	111.05
2.969	47.02	55.55	68.80	84.33	96.52	106.22	110.99
2.972	47.10	55.42	68.76	84.32	96.53	106.20	111.01
2.975	47.12	55.38	68.75	84.30	96.49	106.18	111.05
2.977	47.13	55.38	68.79	84.26	96.44	106.16	111.06
2.980	47.15	55.38	68.80	84.24	96.44	106.14	111.05
2.983	47.17	55.20	68.80	84.23	96.45	106.13	111.05
2.985	47.19	54.99	68.80	84.21	96.45	106.14	111.05
2.988	47.20	54.86	68.86	84.39	96.46	106.14	111.04
2.991	47.25	54.80	68.86	84.38	96.51	106.14	111.04
2.994	47.31	54.67	68.92	84.36	96.58	106.15	111.04
2.996	47.42	54.64	68.92	84.35	96.59	106.20	111.03
2.999	47.47	54.65	68.91	84.33	96.60	106.22	111.03
3.002	47.53	54.66	68.91	84.44	96.58	106.26	111.03
3.005	47.58	54.67	68.89	84.44	96.61	106.26	111.02
3.007	47.64	54.68	68.89	84.43	96.61	106.26	111.02
3.010	47.75	54.69	68.88	84.39	96.61	106.26	111.02
3.013	47.81	54.69	68.88	84.42	96.61	106.26	111.01
3.016	47.86	54.70	68.86	84.41	96.61	106.26	111.01
3.018	47.92	54.72	68.86	84.40	96.61	106.26	111.01
3.021	47.97	54.73	68.86	84.39	96.64	106.26	111.00
3.024	48.08	54.73	68.86	84.38	96.66	106.26	111.00
3.027	48.14	54.74	68.87	84.37	96.66	106.26	111.00
3.029	48.20	54.75	68.88	84.37	96.66	106.26	110.99
3.032	48.25	54.76	68.90	84.36	96.63	106.26	110.99
3.035	48.31	54.78	68.90	84.35	96.62	106.26	110.99
3.037	48.42	54.88	68.91	84.33	96.61	106.26	110.98
3.040	48.97	54.98	68.86	84.35	96.61	106.26	110.98
3.043	49.40	55.08	68.93	84.34	96.61	106.26	110.98
3.046	49.37	55.18	68.94	84.35	96.61	106.26	111.13
3.048	49.34	55.28	68.94	84.36	96.61	106.26	111.35
3.051	49.26	55.38	68.95	84.36	96.60	106.26	111.48
3.054	49.04	55.38	68.96	84.36	96.57	106.26	111.48
3.057	48.86	55.38	68.97	84.37	96.54	106.26	111.48
3.059	48.92	55.38	68.97	84.36	96.51	106.25	111.49
3.062	48.97	55.38	68.98	84.31	96.53	106.24	111.50
3.065	49.08	55.38	68.91	84.32	96.54	106.22	111.50
3.068	49.13	55.38	68.99	84.35	96.55	106.22	111.50
3.070	49.10	55.38	68.86	84.37	96.61	106.22	111.51
3.073	49.07	55.38	68.88	84.28	96.61	106.22	111.51
3.076	49.04	55.58	68.95	84.24	96.61	106.22	111.52
3.078	49.02	55.64	68.86	84.24	96.61	106.23	111.52
3.081	48.99	55.70	68.86	84.23	96.62	106.23	111.53
3.084	48.96	55.73	68.86	84.22	96.63	106.23	111.53
3.087	48.93	55.69	68.86	84.21	96.65	106.22	111.54
3.089	48.91	55.63	68.86	84.20	96.66	106.21	111.54
3.092	48.85	55.58	68.86	84.19	96.67	106.20	111.55
3.095	48.82	55.52	68.86	84.19	96.65	106.19	111.55
3.098	48.80	55.48	68.86	84.18	96.61	106.23	111.56
3.100	48.77	55.42	68.86	84.17	96.61	106.25	111.56
3.103	48.74	55.39	68.86	84.17	96.61	106.25	111.57
3.106	48.72	55.39	68.86	84.25	96.61	106.23	111.57
3.109	48.69	55.26	68.86	84.25	96.61	106.22	111.57
3.111	48.66	55.21	68.86	84.25	96.61	106.20	111.61
3.114	48.63	55.17	68.86	84.25	96.61	106.16	111.85
3.117	48.58	55.11	68.86	84.25	96.62	106.15	111.85
3.120	48.55	55.06	68.86	84.25	96.63	106.22	111.85
3.122	48.52	55.06	68.86	84.25	96.64	106.21	111.85
3.125	48.02	55.27	68.86	84.25	96.66	106.20	111.85
3.128	48.03	55.39	68.86	84.25	96.67	106.20	111.85
3.130	48.05	55.39	68.86	84.36	96.68	106.21	111.85
3.133	48.06	55.39	68.66	84.42	96.69	106.23	111.85
3.136	48.08	55.39	68.63	84.41	96.69	106.25	111.85
3.139	48.11	55.39	68.62	84.41	96.67	106.26	111.85
3.141	48.12	55.39	68.64	84.41	96.66	106.26	111.85
3.144	48.14	55.39	68.68	84.40	96.65	106.26	111.85
3.147	48.15	55.39	68.63	84.40	96.64	106.26	111.85
3.150	48.17	55.39	68.66	84.40	96.61	106.26	111.85
3.152	48.18	55.39	68.66	84.39	96.62	106.26	111.85
3.155	48.17	55.39	68.61	84.39	96.72	106.26	111.85
3.158	48.14	55.39	68.55	84.39	96.80	106.26	111.85
3.161	48.11	55.39	68.50	84.42	96.81	106.26	111.85
3.163	48.09	55.39	68.46	84.45	96.83	106.26	111.85
3.166	48.03	55.39	68.45	84.42	96.84	106.28	111.85
3.169	48.00	55.39	68.63	84.37	96.85	106.30	111.85
3.171	47.98	55.39	68.78	84.37	96.86	106.32	111.85
3.174	47.95	55.39	68.79	84.37	96.83	106.32	111.85
3.177	47.92	55.39	68.79	84.37	96.81	106.32	111.85
3.180	47.89	55.39	68.77	84.36	96.84	106.33	111.84
3.182	47.87	55.39	68.75	84.51	96.89	106.33	111.83
3.185	47.84	55.39	68.74	84.49	96.88	106.33	111.81
3.188	47.81	55.39	68.72	84.47	96.89	106.33	111.80
3.191	47.76	55.39	68.71	84.44	96.88	106.34	111.79
3.193	47.73	55.30	68.74	84.56	96.88	106.34	111.78
3.196	47.70	55.33	68.78	84.56	96.87	106.34	111.77
3.199	47.68	55.39	68.82	84.55	96.87	106.35	111.75
3.202	47.63	55.39	68.86	84.54	96.86	106.35	111.74
3.204	47.51	55.39	68.86	84.34	96.86	106.35	111.74
3.207	47.45	55.35	68.86	84.33	96.85	106.37	111.75
3.210	47.32	55.36	68.86	84.35	96.85	106.38	111.75
3.213	47.26	55.37	68.86	84.40	96.84	106.39	111.76
3.215	47.41	55.38	68.86	84.42	96.83	106.36	111.76
3.218	47.46	55.39	68.86	84.36	96.83	106.39	111.73
3.221	47.43	55.39	68.86	84.32	96.82	106.40	111.67
3.223	47.40	55.39	68.86	84.28	96.82	106.39	111.66
3.226	47.37	55.39	68.88	84.31	96.81	106.38	111.64
3.229	47.02	55.39	68.86	84.31	96.80	106.37	111.63
3.232	47.02	55.39	68.86	84.40	96.80	106.38	111.62
3.234	47.02	55.39	68.86	84.38	96.79	106.38	111.61
3.237	47.02	55.39	68.86	84.30	96.79	106.38	111.59
3.240	47.02	55.39	68.86	84.29	96.78	106.39	111.58
3.243	46.90	55.39	68.87	84.29	96.77	106.39	111.57
3.245	46.83	55.39	68.91	84.29	96.77	106.39	111.56
3.248	46.75	55.39	68.92	84.29	96.96	106.39	111.55
3.251	47.02	55.39	68.94	84.29	96.97	106.40	111.53
3.254	47.02	55.39	69.00	84.29	96.96	106.40	111.52
3.256	47.02	55.39	69.00	84.29	96.96	106.40	111.51
3.259	47.02	55.39	69.00	84.28	97.00	106.40	111.50
3.262	46.99	55.39	69.00	84.27	97.08	106.41	111.49
3.264	46.94	55.42	69.00	84.27	97.12	106.41	111.57
3.267	46.91	55.46	69.00	84.27	97.14	106.41	111.69
3.270	46.88	55.50	69.00	84.26	97.10	106.41	111.86
3.273	46.86	55.54	69.00	84.26	97.04	106.42	111.86
3.275	46.83	55.58	69.00	84.26	97.01	106.42	111.87
3.278	46.80	55.59	69.00	84.25	96.95	106.42	111.87
3.281	46.77	55.60	69.00	84.25	96.94	106.43	111.88
3.284	46.75	55.62	69.00	84.24	96.99	106.43	111.88
3.286	46.72	55.61	69.02	84.23	96.95	106.46	111.89
3.289	46.66	55.62	69.07	84.19	97.03	106.50	111.89
3.292	46.64	55.57	69.18	84.15	97.19	106.53	111.90
3.295	46.61	55.55	69.23	84.09	97.31	106.74	111.90
3.297	46.58	55.51	69.28	84.04	97.34	106.99	111.90
3.300	46.55	55.49	69.48	84.01	97.34	107.02	111.91
3.303	46.53	55.47	69.52	84.00	97.35	107.03	111.92
3.306	46.50	55.45	69.53	84.06	97.35	107.05	111.92
3.308	46.47	55.48	69.56	84.13	97.36	107.06	111.84
3.311	46.44	55.67	69.60	84.14	97.37	107.08	111.78
3.314	46.39	55.67	69.66	84.13	97.46	107.12	111.66
3.316	46.36	55.65	69.67	84.13	97.53	107.13	111.54
3.319	46.34	55.65	69.61	84.21	97.58	107.14	111.48
3.322	46.31	55.64	69.62	84.20	97.58	107.16	111.36
3.325	46.28	55.63	69.65	84.16	97.54	107.19	111.30
3.327	46.25	55.63	69.66	84.10	97.51	107.20	111.20
3.330	46.23	55.54	69.68	84.07	97.48	107.22	111.18
3.333	46.20	55.40	69.69	84.19	97.52	107.23	111.17
3.336	46.17	55.40	69.70	84.19	97.55	107.25	111.16
3.338	46.12	55.40	69.72	84.18	97.58	107.25	111.17
3.341	46.09	55.40	69.74	84.18	97.62	107.25	111.20
3.344	46.06	55.40	69.75	84.18	97.65	107.25	111.21
3.347	46.03	55.40	69.75	84.22	97.65	107.28	111.23
3.349	46.01	55.40	69.76	84.25	97.65	107.33	111.25
3.352	45.98	55.40	69.77	84.20	97.65	107.35	111.27
3.355	45.95	55.40	69.74	84.17	97.65	107.39	111.28
3.357	45.92	55.40	69.70	84.14	97.65	107.40	111.30
3.360	45.90	55.40	69.66	84.10	97.65	107.43	111.32
3.363	45.84	55.40	69.62	83.97	97.70	107.45	111.33
3.366	45.82	55.40	69.56	83.94	97.70	107.46	111.36
3.368	45.79	55.40	69.51	83.94	97.70	107.49	111.37
3.371	45.76	55.40	69.47	83.92	97.70	107.53	111.39
3.374	45.73	55.40	69.49	83.92	97.70	107.55	111.41
3.377	45.71	55.40	69.46	83.87	97.70	107.56	111.42
3.379	45.68	55.40	69.49	83.84	97.70	107.57	111.44
3.382	45.65	55.40	69.51	83.81	97.70	107.58	111.46
3.385	45.62	55.40	69.54	83.80	97.70	107.60	111.48
3.388	45.57	55.40	69.57	83.81	97.70	107.61	111.50
3.390	46.00	55.40	69.53	83.82	97.70	107.62	111.52
3.393	46.15	55.40	69.44	83.68	97.70	107.62	111.56
3.396	46.13	55.40	69.38	83.64	97.70	107.63	111.61
3.399	46.08	55.40	69.29	83.61	97.69	107.65	111.63
3.401	46.06	55.40	69.20	83.54	97.66	107.66	111.68
3.404	46.04	55.42	69.14	83.67	97.65	107.67	111.70
3.407	46.01	55.41	69.10	83.79	97.63	107.68	111.75
3.409	45.99	55.42	69.10	83.78	97.61	107.69	111.79
3.412	45.97	55.44	69.13	83.78	97.62	107.70	111.78
3.415	45.95	55.45	69.18	83.77	97.65	107.71	111.86
3.418	45.93	55.40	69.24	83.76	97.65	107.72	111.86
3.420	45.90	55.40	69.29	83.75	97.65	107.74	111.86
3.423	45.88	55.50	69.35	83.74	97.65	107.71	111.86
3.426	45.84	55.51	69.31	83.72	97.66	107.61	111.86
3.429	45.81	55.53	69.22	83.71	97.66	107.67	111.86
3.431	45.79	55.54	69.13	83.71	97.67	107.74	111.86
3.434	45.77	55.56	69.12	83.72	97.68	107.79	111.86
3.437	45.75	55.57	69.12	83.80	97.68	107.80	111.86
3.440	45.73	55.59	69.12	83.84	97.69	107.80	111.86
3.442	45.70	55.61	69.13	83.82	97.69	107.83	111.86
3.445	45.68	55.62	69.09	83.81	97.70	107.91	111.86
3.448	45.66	55.63	69.10	83.80	97.70	107.91	111.89
3.450	45.61	55.65	69.13	83.79	97.69	107.91	111.90
3.453	45.59	55.67	69.14	83.76	97.67	107.91	111.93
3.456	45.57	55.67	69.14	83.75	97.65	107.91	111.94
3.459	45.55	55.69	69.14	83.74	97.69	107.91	111.97
3.461	45.53	55.71	69.14	83.73	97.70	107.91	111.98
3.464	45.50	55.69	69.14	83.72	97.70	107.93	112.00
3.467	45.48	55.65	69.19	83.69	97.70	108.00	112.02
3.470	45.46	55.61	69.23	83.68	97.70	108.00	112.04
3.472	45.44	55.57	69.17	83.67	97.70	107.98	112.07
3.475	45.39	55.52	69.15	83.66	97.70	107.97	112.08
3.478	45.28	55.48	69.16	83.65	97.70	107.96	112.11
3.481	45.20	55.44	69.18	83.53	97.70	107.97	112.13
3.483	45.25	55.41	69.19	83.52	97.70	107.97	112.14
3.486	45.30	55.46	69.16	83.51	97.70	107.99	112.17
3.489	45.28	55.52	69.08	83.50	97.70	108.00	112.18
3.492	45.26	55.56	69.02	83.49	97.65	108.01	112.21
3.494	45.24	55.62	69.00	83.55	97.65	108.02	112.23
3.497	45.21	55.67	68.97	83.54	97.65	108.03	112.25
3.500	45.19	55.73	68.92	83.53	97.65	108.04	112.26
3.502	45.15	55.78	68.86	83.52	97.65	108.05	112.26
3.505	45.12	55.84	68.81	83.50	97.64	108.06	112.27
3.508	45.10	55.88	68.75	83.49	97.65	108.08	112.27
3.511	45.08	55.94	68.68	83.47	97.65	108.09	112.27
3.513	45.06	55.97	68.67	83.46	97.65	108.09	112.26
3.516	45.04	55.96	68.68	83.44	97.65	108.04	112.25
3.519	45.01	55.95	68.70	83.43	97.67	108.01	112.23
3.522	44.99	55.94	68.71	83.42	97.70	107.98	112.23
3.524	44.97	55.82	68.73	83.47	97.70	107.95	112.28
3.527	44.95	55.71	68.75	83.44	97.72	107.89	112.30
3.530	44.90	55.60	68.76	83.42	97.86	107.86	112.31
3.533	44.88	55.50	68.77	83.40	97.90	107.83	112.32
3.535	44.86	55.44	68.79	83.39	97.82	107.80	112.32
3.538	44.84	55.55	68.65	83.41	97.78	107.77	112.33
3.541	44.81	55.77	68.67	83.39	97.71	107.71	112.33
3.543	44.79	55.83	68.69	83.43	97.75	107.73	112.34
3.546	44.77	55.81	68.70	83.44	97.82	107.74	112.34
3.549	44.75	55.80	68.71	83.45	97.86	107.76	112.35
3.552	44.72	55.79	68.73	83.53	97.91	107.78	112.35
3.554	44.81	55.78	68.74	83.51	97.87	107.79	112.35
3.557	45.00	55.76	68.75	83.49	97.81	107.80	112.36
3.560	45.27	55.72	68.81	83.54	97.76	107.78	112.36
3.563	45.60	55.68	68.87	83.60	97.79	107.75	112.37
3.565	45.80	55.65	68.94	83.65	97.82	107.73	112.37
3.568	45.92	55.57	68.95	83.54	97.85	107.73	112.37
3.571	45.89	55.53	68.98	83.54	97.91	107.75	112.37
3.574	46.14	55.49	68.99	83.55	97.90	107.76	112.37
3.576	46.12	55.45	69.00	83.57	97.90	107.77	112.37
3.579	46.08	55.41	69.00	83.58	97.91	107.75	112.37
3.582	46.06	55.41	69.00	83.56	97.91	107.73	112.37
3.585	46.02	55.41	69.00	83.53	97.91	107.72	112.37
3.587	46.00	55.41	69.00	83.49	97.91	107.68	112.37
3.590	45.98	55.41	69.00	83.46	97.91	107.66	112.37
3.593	45.94	55.41	69.00	83.48	97.91	107.65	112.37
3.595	45.92	55.41	69.00	83.47	97.91	107.63	112.37
3.598	45.88	55.41	69.00	83.47	97.91	107.62	112.37
3.601	45.86	55.41	69.00	83.35	97.90	107.62	112.37
3.604	45.82	55.41	69.05	83.29	97.90	107.62	112.37
3.606	45.80	55.41	69.09	83.31	97.90	107.63	112.37
3.609	45.76	55.41	69.08	83.22	97.88	107.63	112.37
3.612	45.74	55.41	69.06	83.19	97.83	107.64	112.26
3.615	45.70	55.41	69.05	83.21	97.86	107.64	112.28
3.617	45.68	55.41	69.07	83.22	97.88	107.65	112.31
3.620	45.64	55.41	69.08	83.16	97.88	107.65	112.36
3.623	45.61	55.41	69.00	83.13	97.88	107.66	112.37
3.626	45.57	55.41	69.00	83.13	97.87	107.66	112.37
3.628	45.55	55.41	69.00	83.13	97.87	107.67	112.37
3.631	45.51	55.45	69.00	83.15	97.86	107.67	112.37
3.634	45.49	55.47	69.00	83.18	97.86	107.68	112.37
3.636	45.54	55.45	69.00	83.30	97.86	107.68	112.37
3.639	45.59	55.44	69.00	83.28	97.91	107.69	112.37
3.642	45.43	55.42	69.00	83.27	97.91	107.69	112.37
3.645	45.37	55.41	69.00	83.28	97.91	107.70	112.37
3.647	45.34	55.41	69.11	83.31	97.91	107.70	112.37
3.650	45.26	55.41	69.21	83.34	97.99	107.70	112.37
3.653	45.23	55.41	69.25	83.36	98.05	107.61	112.37
3.656	45.15	55.41	69.26	83.39	98.07	107.38	112.37
3.658	45.11	55.41	69.28	83.25	98.07	107.38	112.36
3.661	45.04	55.41	69.29	83.28	98.04	107.38	112.27
3.664	45.02	55.41	69.30	83.32	97.98	107.38	112.19
3.667	44.99	55.41	69.13	83.35	97.92	107.39	112.11
3.669	44.97	55.37	69.00	83.38	97.91	107.58	112.08
3.672	45.06	55.35	69.00	83.34	97.91	107.72	112.11
3.675	45.10	55.31	69.00	83.39	97.91	107.75	112.13
3.678	45.19	55.29	69.00	83.42	97.91	107.76	112.15
3.680	45.24	55.27	69.00	83.33	97.90	107.76	112.17
3.683	45.33	55.23	69.00	83.38	97.84	107.76	112.20
3.686	45.38	55.22	69.00	83.33	97.79	107.77	112.22
3.688	45.47	55.25	69.00	83.28	97.79	107.77	112.24
3.691	45.56	55.41	69.00	83.25	97.78	107.78	112.26
3.694	45.61	55.41	69.00	83.20	97.78	107.78	112.29
3.697	45.65	55.41	69.00	83.24	97.77	107.79	112.31
3.699	45.55	55.41	69.00	83.29	97.77	107.79	112.33
3.702	45.47	55.43	69.07	83.24	97.77	107.80	112.35
3.705	45.37	55.46	69.16	83.19	97.76	107.80	112.37
3.708	45.26	55.49	69.25	83.14	97.76	107.81	112.37
3.710	45.18	55.52	69.23	83.13	97.76	107.81	112.37
3.713	45.08	55.57	69.19	83.13	97.73	107.82	112.37
3.716	44.98	55.47	69.23	83.13	97.75	107.82	112.37
3.719	44.90	55.42	69.31	83.13	97.75	107.83	112.37
3.721	44.79	55.37	69.35	83.13	97.73	107.83	112.26
3.724	44.69	55.32	69.35	83.13	97.70	107.84	112.20
3.727	44.61	55.22	69.35	83.13	97.70	107.84	112.14
3.729	44.51	55.17	69.35	83.13	97.70	107.84	112.02
3.732	44.40	55.12	69.36	83.13	97.70	107.85	111.96
3.735	44.35	55.07	69.23	83.13	97.72	107.85	111.90
3.738	44.32	55.09	69.15	83.13	97.72	107.86	111.91
3.740	44.30	55.34	69.06	83.13	97.72	107.86	111.91
3.743	44.27	55.42	69.00	83.13	97.72	107.87	111.92
3.746	44.25	55.42	69.00	83.13	97.74	107.87	111.93
3.749	44.22	55.42	69.29	83.11	97.79	107.88	111.93
3.751	44.19	55.42	69.34	83.02	97.76	107.88	111.93
3.754	44.17	55.42	69.32	82.95	97.70	107.89	111.94
3.757	44.14	55.42	69.38	82.95	97.70	107.89	111.95
3.760	44.18	55.42	69.38	82.95	97.70	107.90	111.95
3.762	44.28	55.42	69.51	82.89	97.70	107.90	111.96
3.765	44.33	55.42	69.62	82.85	97.70	107.91	111.96
3.768	44.38	55.22	69.63	82.80	97.70	107.91	112.00
3.771	44.43	55.33	69.64	82.83	97.73	107.92	112.03
3.773	44.48	55.39	69.65	82.71	97.73	107.95	112.06
3.776	44.58	55.42	69.65	82.60	97.71	108.12	112.10
3.779	44.63	55.42	69.66	82.59	97.70	108.12	112.13
3.781	44.68	55.58	69.80	82.60	97.68	108.12	112.16
3.784	44.73	55.67	69.75	82.60	97.67	108.12	112.20
3.787	44.78	55.78	69.73	82.55	97.66	108.12	112.24
3.790	44.88	55.84	69.69	82.57	97.65	108.12	112.26
3.792	44.93	55.90	69.69	82.60	97.65	108.12	112.29
3.795	44.98	55.95	69.70	82.67	97.64	108.12	112.24
3.798	45.03	56.07	69.70	82.81	97.64	108.11	112.19
3.801	45.13	56.12	69.71	82.86	97.64	108.03	112.14
3.803	45.18	56.18	69.72	82.88	97.65	108.01	112.09
3.806	44.86	56.29	69.72	82.86	97.63	108.05	112.05
3.809	44.65	56.35	69.73	82.86	97.62	108.12	112.05
3.812	44.45	56.40	69.73	82.88	97.62	108.12	112.05
3.814	44.24	56.52	69.75	82.95	97.62	108.12	112.06
3.817	43.82	56.54	69.56	82.97	97.61	108.12	112.06
3.820	43.62	56.53	69.58	82.98	97.62	108.05	112.07
3.822	43.64	56.52	69.60	82.95	97.64	108.00	112.37
3.825	43.66	56.52	69.62	82.95	97.65	108.01	112.37
3.828	43.68	56.51	69.64	82.95	97.65	108.01	112.37
3.831	43.70	56.50	69.67	82.95	97.65	108.02	112.37
3.833	43.72	56.50	69.49	82.95	97.69	108.02	112.37
3.836	43.74	56.49	69.53	82.95	97.68	107.91	112.37
3.839	43.76	56.48	69.58	82.95	97.67	107.91	112.37
3.842	43.78	56.47	69.63	83.13	97.66	107.91	112.37
3.844	43.80	56.46	69.52	83.13	97.65	107.91	112.37
3.847	43.82	56.46	69.45	83.13	97.65	107.91	112.37
3.850	43.84	56.45	69.45	83.13	97.65	107.91	112.37
3.853	43.86	56.44	69.45	83.13	97.65	107.91	112.37
3.855	43.88	56.42	69.45	83.09	97.65	107.91	112.37
3.858	43.90	56.39	69.46	83.07	97.65	107.91	112.37
3.861	43.92	56.41	69.36	83.03	97.65	107.91	112.37
3.864	43.94	56.41	69.22	82.99	97.65	107.86	112.37
3.866	43.96	56.40	69.08	82.97	97.65	107.74	112.37
3.869	43.98	56.40	69.22	83.01	97.64	107.68	112.37
3.872	44.00	56.39	69.29	82.95	97.64	107.56	112.37
3.874	44.02	56.38	69.10	82.93	97.65	107.50	112.37
3.877	44.04	56.38	69.01	82.95	97.66	107.48	112.37
3.880	44.05	56.36	69.13	82.95	97.68	107.48	112.37
3.883	44.08	56.36	69.04	82.95	97.70	107.48	112.37
3.885	44.10	56.35	69.05	82.95	97.68	107.48	112.37
3.888	44.11	56.34	69.04	82.95	97.67	107.48	112.37
3.891	44.14	56.34	69.02	83.08	97.64	107.48	112.37
3.894	44.16	56.33	68.98	83.13	97.67	107.48	112.37
3.896	44.17	56.32	68.96	83.13	97.70	107.48	112.37
3.899	44.19	56.32	68.93	83.13	97.70	107.58	112.37
3.902	44.22	56.30	68.91	83.13	97.70	107.63	112.37
3.905	44.23	56.30	68.87	83.13	97.70	107.55	112.37
3.907	44.25	56.29	69.00	83.08	97.70	107.49	112.37
3.910	44.28	56.28	69.00	83.05	97.70	107.51	112.37
3.913	44.29	56.28	69.00	83.08	97.75	107.53	112.37
3.915	44.28	56.27	69.00	83.10	97.76	107.56	112.37
3.918	44.23	56.26	69.00	83.13	97.77	107.58	112.37
3.921	44.20	56.26	69.15	83.13	97.77	107.61	112.37
3.924	44.18	56.24	69.15	83.13	97.78	107.63	112.37
3.926	44.15	56.24	69.29	83.20	97.79	107.66	112.37
3.929	44.13	56.23	69.26	83.25	97.80	107.65	112.37
3.932	44.10	56.22	69.15	83.30	97.80	107.63	112.37
3.935	44.08	56.22	69.07	83.32	97.81	107.61	112.37
3.937	44.05	56.21	69.05	83.35	97.82	107.59	112.37
3.940	44.03	56.23	69.03	83.37	97.83	107.57	112.37
3.943	44.00	56.26	69.03	83.40	97.83	107.50	112.31
3.946	43.98	56.28	69.17	83.45	97.84	107.50	112.31
3.948	43.95	56.31	69.23	83.47	97.84	107.51	112.32
3.951	43.92	56.33	69.34	83.50	97.86	107.49	112.32
3.954	43.90	56.36	69.40	83.49	97.86	107.48	112.33
3.956	43.87	56.16	69.46	83.49	97.87	107.45	112.33
3.959	43.85	56.15	69.52	83.52	97.88	107.44	112.34
3.962	43.82	56.14	69.52	83.63	97.88	107.42	112.34
3.965	43.79	56.13	69.49	83.73	97.89	107.39	112.35
3.967	43.74	56.12	69.48	83.78	97.90	107.38	112.35
3.970	43.72	56.12	69.43	83.81	97.91	107.35	112.36
3.973	43.69	56.11	69.37	83.83	97.91	107.34	112.37
3.976	43.64	56.10	69.27	83.84	97.92	107.33	112.37
3.978	43.61	56.10	69.30	83.88	97.93	107.30	112.37
3.981	43.56	56.09	69.37	83.89	97.94	107.29	112.29
3.984	43.55	56.08	69.32	83.91	97.92	107.26	112.14
3.987	43.55	56.16	69.32	83.94	97.92	107.24	111.98
3.989	43.54	56.10	69.31	83.95	97.95	107.22	111.86
3.992	43.52	56.06	69.16	83.99	97.97	107.20	111.86
3.995	43.49	56.05	69.16	84.00	97.97	107.14	111.88
3.998	43.47	55.88	69.16	84.02	97.98	107.12	111.92
4.000	43.44	55.89	69.16	84.05	97.97	107.13	112.00
4.003	43.42	55.91	69.16	84.07	97.91	107.12	112.04
4.006	43.39	55.93	69.16	84.08	97.91	107.11	112.08
4.008	43.36	55.86	69.16	83.96	97.91	107.09	112.16
4.011	43.34	55.88	69.14	83.84	97.89	107.07	112.20
4.014	43.31	55.90	69.11	83.87	97.89	107.05	112.24
4.017	43.29	55.91	69.12	83.81	97.91	107.03	112.32
4.019	43.26	55.92	69.07	83.87	97.91	107.01	112.36
4.022	43.24	55.94	69.06	83.81	97.91	106.99	112.37
4.025	43.26	55.97	69.03	83.82	97.91	106.97	112.37
4.028	43.27	55.96	69.02	83.81	97.91	106.96	112.37
4.030	43.30	55.98	69.00	83.79	97.91	106.95	112.37
4.033	43.30	56.02	69.00	83.79	97.91	107.00	112.37
4.036	43.26	56.06	69.00	83.79	97.91	107.09	112.37
4.039	43.23	56.07	69.00	83.79	97.91	107.16	112.37
4.041	43.20	56.09	69.00	83.79	97.92	107.15	112.37
4.044	43.16	56.10	69.00	83.79	97.93	107.14	112.37
4.047	43.10	56.11	69.00	83.55	97.93	107.12	112.37
4.049	43.15	56.12	69.00	83.43	97.93	107.09	112.37
4.052	43.34	56.14	69.00	83.49	97.94	106.96	112.37
4.055	43.43	56.15	69.00	83.48	97.93	106.99	112.37
4.058	43.44	56.16	69.00	83.37	97.93	107.00	112.37
4.060	43.46	56.18	69.00	83.37	97.93	106.94	112.37
4.063	43.47	56.19	69.00	83.37	97.96	106.94	112.37
4.066	43.48	56.20	68.86	83.38	97.96	106.94	112.37
4.069	43.50	56.21	68.86	83.40	98.04	106.94	112.37
4.071	43.51	56.22	68.86	83.44	98.07	106.94	112.37
4.074	43.54	56.24	68.86	83.43	98.07	106.94	112.37
4.077	43.55	56.29	68.86	83.46	98.07	106.93	112.37
4.080	43.55	56.39	68.86	83.45	97.99	106.91	112.37
4.082	43.55	56.39	68.92	83.42	98.00	106.91	112.37
4.085	43.55	56.44	68.99	83.40	98.04	106.91	112.37
4.088	43.55	56.49	69.00	83.39	98.07	106.91	112.37
4.091	43.55	56.54	68.88	83.39	98.07	106.92	112.37
4.093	43.55	56.59	68.86	83.38	98.07	106.93	112.37
4.096	43.55	56.64	68.86	83.37	98.06	106.91	112.37
4.099	43.55	56.52	68.82	83.36	98.02	106.91	112.37
4.101	43.55	56.39	68.76	83.35	98.03	106.91	112.37
4.104	43.55	56.39	68.77	83.35	98.04	106.91	112.37
4.107	43.55	56.39	68.78	83.34	98.04	106.91	112.37
4.110	43.55	56.40	68.79	83.34	98.05	106.91	112.37
4.112	43.55	56.43	68.80	83.36	98.05	106.91	112.26
4.115	43.55	56.44	68.81	83.38	98.06	106.91	112.10
4.118	43.55	56.47	68.82	83.40	98.06	106.91	111.93
4.121	43.55	56.48	68.84	83.30	98.07	106.91	111.86
4.123	43.55	56.49	68.85	83.30	98.07	106.91	111.86
4.126	43.55	56.48	68.86	83.30	98.07	106.91	111.86
4.129	43.55	56.49	68.86	83.29	98.04	106.91	111.86
4.132	43.55	56.47	68.87	83.29	98.06	106.91	111.86
4.134	43.55	56.43	68.89	83.29	98.07	106.91	111.86
4.137	43.55	56.39	68.90	83.28	98.07	106.91	111.86
4.140	43.32	56.36	68.91	83.28	98.07	106.91	111.86
4.142	43.09	56.33	68.99	83.28	98.07	106.91	111.86
4.145	42.86	56.29	69.01	83.27	98.07	106.91	111.86
4.148	42.64	56.26	69.04	83.26	98.07	106.91	111.86
4.151	42.41	56.22	69.08	83.22	98.07	106.91	111.86
4.153	42.38	56.19	69.11	83.21	98.07	106.91	111.86
4.156	42.38	56.15	69.10	83.20	98.04	106.91	111.86
4.159	42.37	56.12	69.08	83.20	97.91	106.91	111.86
4.162	42.37	56.08	69.07	83.13	97.91	106.91	111.86
4.164	42.37	56.05	69.05	83.13	97.91	106.91	111.86
4.167	42.37	56.01	69.03	83.13	97.91	106.91	111.86
4.170	42.36	55.98	69.03	83.16	97.91	106.91	111.86
4.173	42.36	55.94	69.04	83.16	97.85	106.91	111.86
4.175	42.36	55.91	69.05	83.15	97.85	106.91	111.86
4.178	42.36	55.87	69.06	83.14	97.85	106.91	111.86
4.181	42.35	55.84	69.00	83.13	97.85	106.91	111.86
4.184	42.35	55.80	69.05	83.13	97.82	106.91	111.86
4.186	42.35	55.77	69.04	83.12	97.76	106.91	111.86
4.189	42.35	55.77	69.03	83.08	97.70	106.91	111.86
4.192	42.10	55.92	69.03	83.04	97.70	106.91	111.86
4.194	41.84	55.99	69.02	83.04	97.70	106.91	111.86
4.197	41.67	56.07	69.00	83.02	97.70	106.85	111.86
4.200	41.67	56.15	69.00	82.95	97.70	106.85	111.86
4.203	41.67	56.22	69.00	82.97	97.70	106.85	111.86
4.205	41.67	56.30	69.00	82.99	97.70	106.85	111.86
4.208	41.67	56.37	69.00	83.02	97.71	106.85	111.86
4.211	41.67	56.47	69.00	83.03	97.78	106.85	111.86
4.214	41.67	56.31	68.97	83.00	97.83	106.85	111.86
4.216	41.67	56.23	68.96	82.96	97.83	106.85	111.86
4.219	41.67	56.08	68.88	82.99	97.81	106.85	111.86
4.222	41.67	56.00	68.88	83.02	97.74	106.85	111.86
4.225	41.67	56.00	68.88	83.01	97.70	106.85	111.86
4.227	41.67	56.12	68.88	83.01	97.70	106.85	111.86
4.230	41.67	56.23	68.88	83.00	97.70	106.85	111.86
4.233	41.67	56.21	68.88	82.99	97.70	106.85	111.86
4.235	41.67	56.15	68.88	82.98	97.70	106.85	111.86
4.238	41.67	56.10	68.88	83.04	97.70	106.85	111.86
4.241	41.67	56.05	68.90	83.04	97.70	106.85	111.86
4.244	41.67	56.00	68.89	83.04	97.70	106.85	111.86
4.246	41.67	55.98	68.88	83.04	97.70	106.85	111.86
4.249	41.67	55.93	68.88	83.04	97.70	106.85	111.86
4.252	41.67	55.88	68.87	83.04	97.70	106.83	111.86
4.255	41.67	55.83	68.87	83.04	97.79	106.81	111.86
4.257	41.67	55.80	68.86	83.04	97.80	106.79	111.86
4.260	41.67	55.75	68.86	83.04	97.80	106.81	111.86
4.263	41.67	55.70	68.86	82.95	97.80	106.85	111.86
4.266	41.67	55.65	68.83	82.90	97.80	106.85	111.86
4.268	41.67	55.60	68.73	82.89	97.78	106.85	111.86
4.271	41.67	55.57	68.66	82.88	97.75	106.85	111.86
4.274	41.67	55.52	68.66	82.95	97.72	106.85	111.86
4.277	41.67	55.47	68.53	82.96	97.70	106.85	111.86
4.279	41.67	55.45	68.41	83.03	97.70	106.85	111.86
4.282	41.67	55.45	68.29	82.97	97.70	106.85	111.86
4.285	41.67	55.46	68.29	82.99	97.67	106.85	111.86
4.287	41.67	55.46	68.29	83.03	97.70	106.85	111.86
4.290	41.67	55.47	68.25	83.04	97.70	106.85	111.86
4.293	41.67	55.41	68.20	83.04	97.70	106.85	111.86
4.296	41.88	55.36	68.13	83.04	97.70	106.85	111.86
4.298	42.12	55.30	68.13	83.04	97.70	106.85	111.86
4.301	42.24	55.21	68.14	82.95	97.70	106.85	111.86
4.304	42.24	55.20	68.14	82.95	97.70	106.85	111.86
4.307	42.24	55.19	68.14	82.97	97.70	106.85	111.86
4.309	42.23	55.18	68.15	83.00	97.65	106.85	111.86
4.312	42.23	55.18	68.15	83.02	97.65	106.85	111.86
4.315	42.23	55.17	68.15	83.04	97.65	106.85	111.85
4.318	42.23	55.17	68.16	83.04	97.65	106.85	111.73
4.320	42.16	55.17	68.16	83.04	97.66	106.85	111.60
4.323	42.02	55.17	68.17	83.08	97.66	106.85	111.41
4.326	41.88	55.17	68.17	83.13	97.70	106.84	111.29
4.328	41.74	55.17	68.17	83.17	97.70	106.83	111.16
4.331	41.67	55.17	68.18	83.19	97.70	106.81	111.05
4.334	41.67	55.17	68.21	83.22	97.70	106.83	111.05
4.337	41.67	55.17	68.25	83.25	97.70	106.85	111.05
4.339	41.67	55.17	68.29	83.27	97.70	106.85	111.05
4.342	41.67	55.17	68.29	83.30	97.70	106.85	111.05
4.345	41.67	55.13	68.29	83.24	97.70	106.85	111.05
4.348	41.67	55.08	68.29	83.20	97.70	106.85	111.05
4.350	41.67	55.07	68.29	83.15	97.70	106.85	111.05
4.353	41.94	55.06	68.29	83.13	97.70	106.85	111.05
4.356	42.10	55.06	68.29	83.08	97.74	106.85	111.05
4.359	42.19	55.05	68.29	83.04	97.74	106.85	111.05
4.361	42.19	55.04	68.29	83.04	97.74	106.85	111.05
4.364	42.18	55.04	68.29	83.04	97.74	106.85	111.05
4.367	42.18	55.17	68.29	83.04	97.74	106.85	111.05
4.370	42.18	55.17	68.29	83.04	97.73	106.85	111.05
4.372	42.18	55.17	68.29	83.04	97.71	106.85	111.05
4.375	42.17	55.17	68.29	83.04	97.73	106.85	111.05
4.378	42.17	55.17	68.29	83.04	97.73	106.73	111.05
4.380	42.17	55.17	68.38	83.13	97.73	106.66	111.05
4.383	42.16	55.17	68.49	83.13	97.73	106.66	111.05
4.386	42.16	55.17	68.53	83.12	97.72	106.66	111.05
4.389	42.16	55.17	68.52	83.11	97.72	106.66	111.05
4.391	42.16	55.17	68.52	83.09	97.72	106.66	111.05
4.394	42.15	55.17	68.51	83.08	97.72	106.66	111.05
4.397	42.15	55.17	68.50	83.06	97.72	106.85	111.05
4.400	42.15	55.17	68.49	83.06	97.72	106.85	111.05
4.402	42.14	55.17	68.48	83.04	97.71	106.85	111.05
4.405	42.00	55.17	68.48	83.04	97.71	106.85	111.05
4.408	41.90	55.17	68.47	83.04	97.71	106.85	111.05
4.411	41.96	55.12	68.47	83.04	97.71	106.83	111.05
4.413	41.96	54.94	68.46	83.04	97.71	106.70	111.19
4.416	41.96	54.89	68.45	83.13	97.71	106.66	111.69
4.419	41.96	54.88	68.45	83.04	97.70	106.66	111.86
4.421	41.96	54.88	68.43	83.04	97.68	106.66	111.86
4.424	41.96	54.87	68.43	83.04	97.65	106.66	111.86
4.427	41.96	54.86	68.42	83.04	97.65	106.75	111.86
4.430	41.96	54.58	68.42	83.04	97.65	106.80	111.86
4.432	41.96	54.60	68.41	83.04	97.65	106.85	111.86
4.435	41.96	54.62	68.40	83.04	97.65	106.85	111.86
4.438	41.96	54.64	68.40	82.97	97.40	106.85	111.86
4.441	41.96	54.66	68.29	82.95	97.36	106.85	111.86
4.443	41.96	54.68	68.29	82.95	97.39	106.87	111.86
4.446	41.96	54.70	68.29	82.96	97.41	106.90	111.86
4.449	41.96	54.72	68.29	83.00	97.42	106.91	111.86
4.452	41.96	54.74	68.29	83.01	97.44	106.91	111.86
4.454	41.96	54.76	68.29	83.04	97.46	106.88	111.86
4.457	41.96	54.78	68.35	83.04	97.48	106.85	111.86
4.460	41.96	54.77	68.34	83.04	97.46	106.85	111.86
4.463	41.96	54.76	68.33	82.95	97.44	106.85	111.86
4.465	41.96	54.76	68.33	82.95	97.42	106.85	111.86
4.468	41.96	54.75	68.32	82.95	97.34	106.85	111.86
4.471	41.96	54.74	68.31	82.90	97.30	106.85	111.86
4.473	41.96	54.77	68.29	82.85	97.36	106.85	111.86
4.476	41.96	54.78	68.29	82.77	97.33	106.85	111.86
4.479	41.98	54.80	68.29	82.72	97.32	106.90	111.86
4.482	42.07	54.82	68.29	82.85	97.29	106.91	111.86
4.484	42.07	54.85	68.29	82.95	97.28	106.91	111.86
4.487	42.07	54.87	68.29	82.95	97.25	106.91	111.83
4.490	41.96	54.89	68.29	82.95	97.23	106.91	111.64
4.493	41.96	54.91	68.29	82.98	97.21	106.91	111.36
4.495	41.96	54.93	68.29	82.95	97.19	106.91	111.29
4.498	41.99	54.96	68.29	82.95	97.37	106.91	111.30
4.501	42.07	54.98	68.29	83.04	97.65	106.90	111.32
4.504	42.07	55.00	68.29	83.04	97.65	106.85	111.35
4.506	42.07	55.01	68.29	83.04	97.65	106.85	111.36
4.509	42.07	55.05	68.29	83.13	97.65	106.85	111.39
4.512	42.07	55.07	68.29	83.13	97.65	106.85	111.41
4.514	42.07	55.08	68.29	83.13	97.69	106.85	111.42
4.517	41.96	55.10	68.29	83.15	97.69	106.85	111.45
4.520	41.96	55.12	68.18	83.13	97.65	106.85	111.47
4.523	41.96	55.16	68.18	83.12	97.65	106.85	111.49
4.525	42.00	55.17	68.17	83.14	97.65	106.85	111.51
4.528	42.04	55.19	68.17	83.16	97.65	106.85	111.54
4.531	42.07	55.21	68.16	83.14	97.53	106.85	111.55
4.534	42.07	55.24	68.16	83.08	97.29	106.85	111.57
4.536	42.19	55.23	68.16	83.13	97.29	106.85	111.60
4.539	42.22	55.17	68.16	83.13	97.30	106.85	111.61
4.542	42.26	55.17	68.16	83.13	97.30	106.85	111.78
4.545	42.30	55.17	68.13	83.13	97.31	106.85	111.82
4.547	42.34	55.17	68.13	83.13	97.32	106.85	111.80
4.550	42.37	55.17	68.16	83.05	97.32	106.85	111.78
4.553	42.41	55.17	68.16	83.05	97.17	106.85	111.75
4.556	42.45	55.26	68.16	83.05	97.13	106.74	111.75
4.558	42.52	55.21	68.16	83.05	97.14	106.77	111.76
4.561	42.56	55.17	68.16	83.05	97.15	106.82	111.79
4.564	42.60	55.17	68.16	83.11	97.16	106.85	111.81
4.566	42.63	55.17	68.16	83.13	97.04	106.85	111.82
4.569	42.67	55.17	68.16	83.13	97.04	106.85	111.85
4.572	42.71	55.17	68.16	83.13	97.04	106.85	111.86
4.575	42.74	55.19	68.29	83.13	97.01	106.85	111.86
4.577	42.82	55.36	68.29	83.13	97.04	106.85	111.86
4.580	42.86	55.34	68.29	83.05	97.04	106.85	111.86
4.583	42.89	55.33	68.29	83.05	97.04	106.85	111.86
4.586	42.93	55.33	68.29	83.05	97.04	106.85	111.86
4.588	42.97	55.32	68.29	83.05	97.04	106.91	111.77
4.591	43.00	55.31	68.29	83.05	97.04	106.91	111.69
4.594	43.04	55.31	68.29	83.13	97.04	106.91	111.52
4.597	43.08	55.34	68.29	83.13	97.04	106.87	111.53
4.599	43.15	55.35	68.29	83.11	97.04	106.85	111.58
4.602	43.19	55.36	68.29	83.06	97.04	106.85	111.78
4.605	43.23	55.39	68.29	83.04	97.13	106.85	111.86
4.607	43.26	55.36	68.29	83.04	97.10	106.85	111.86
4.610	43.30	55.36	68.29	83.04	97.05	106.85	111.92
4.613	43.34	55.36	68.29	83.04	97.30	106.85	111.97
4.616	43.55	55.36	68.29	83.05	97.31	106.85	112.03
4.618	43.55	55.36	68.29	83.05	97.31	106.85	112.14
4.621	43.55	55.36	68.29	83.13	97.32	106.85	112.19
4.624	43.55	55.36	68.38	83.13	97.33	106.85	112.17
4.627	43.56	55.36	68.29	83.13	97.34	106.85	112.12
4.629	43.55	55.36	68.29	83.13	97.34	106.85	112.10
4.632	43.55	55.36	68.29	83.13	97.35	106.85	112.05
4.635	43.55	55.36	68.29	83.13	97.36	106.87	112.02
4.638	43.55	55.36	68.38	83.13	97.37	106.90	111.97
4.640	43.55	55.36	68.38	83.13	97.37	106.91	111.94
4.643	43.55	55.36	68.38	83.13	97.45	106.91	111.92
4.646	43.55	55.36	68.38	83.10	97.58	106.91	111.87
4.649	43.55	55.40	68.38	83.10	97.59	106.91	111.86
4.651	43.55	55.40	68.43	83.13	97.60	106.91	111.86
4.654	43.55	55.40	68.49	83.13	97.53	106.91	111.86
4.657	43.55	55.60	68.55	83.13	97.48	106.94	111.86
4.659	43.55	56.01	68.60	83.10	97.43	106.94	111.86
4.662	43.55	56.10	68.65	83.10	97.44	106.94	111.86
4.665	43.55	56.10	68.53	83.13	97.45	106.94	111.86
4.668	43.55	56.10	68.42	83.13	97.45	106.94	111.86
4.670	43.55	56.10	68.38	83.13	97.46	106.94	111.86
4.673	43.55	56.10	68.38	83.13	97.47	106.94	111.64
4.676	43.55	56.10	68.38	83.13	97.48	106.94	111.59
4.679	43.55	56.10	68.38	83.13	97.62	106.94	111.59
4.681	43.55	56.10	68.38	83.13	97.65	106.94	111.59
4.684	43.55	56.10	68.66	83.13	97.65	106.94	111.59
4.687	43.55	56.10	68.76	83.13	97.65	106.94	111.59
4.690	43.55	56.10	68.76	83.13	97.65	106.94	111.59
4.692	43.55	56.10	68.76	83.17	97.69	106.94	111.59
4.695	43.55	56.10	68.74	83.17	97.69	106.94	111.59
4.698	43.55	56.10	68.69	83.17	97.69	106.94	111.59
4.700	43.55	56.10	68.74	83.17	97.69	106.94	111.59
4.703	43.55	56.10	68.74	83.17	97.69	106.94	111.59
4.706	43.55	56.10	68.73	83.17	97.70	106.94	111.59
4.709	43.55	56.10	68.73	83.20	97.70	106.94	111.59
4.711	43.55	56.10	68.73	83.26	97.70	106.94	111.59
4.714	43.55	55.93	68.72	83.26	97.76	106.94	111.59
4.717	43.55	55.61	68.72	83.26	97.76	106.94	111.59
4.720	43.55	55.40	68.71	83.26	97.76	106.94	111.59
4.722	43.55	55.40	68.71	83.29	97.91	106.94	111.59
4.725	43.55	55.40	68.70	83.40	97.91	106.91	111.59
4.728	43.55	55.40	68.70	83.41	97.91	106.91	111.59
4.731	43.55	55.40	68.70	83.41	97.91	106.91	111.59
4.733	43.55	55.40	68.69	83.45	97.91	106.91	111.59
4.736	43.55	55.40	68.69	83.51	97.91	106.91	111.59
4.739	43.55	55.40	68.68	83.44	97.90	106.94	111.59
4.742	43.55	55.40	68.68	83.41	97.91	106.94	111.59
4.744	43.55	55.40	68.66	83.41	97.91	106.94	111.59
4.747	43.55	55.40	68.66	83.41	97.91	106.94	111.59
4.750	43.55	55.40	68.66	83.41	97.91	106.94	111.59
4.752	43.55	55.40	68.66	83.41	97.91	106.94	111.59
4.755	43.55	55.40	68.66	83.41	97.91	106.94	111.59
4.758	43.55	55.40	68.65	83.41	97.91	106.94	111.59
4.761	43.55	55.40	68.65	83.41	97.91	106.94	111.59
4.763	43.55	55.40	68.65	83.41	97.91	106.94	111.59
4.766	43.55	55.40	68.64	83.41	97.91	106.94	111.59
4.769	43.55	55.40	68.64	83.66	97.91	106.93	111.59
4.772	43.55	55.40	68.64	83.72	97.91	106.91	111.59
4.774	43.55	55.40	68.63	83.72	97.91	106.91	111.59
4.777	43.55	55.40	68.62	83.72	97.91	106.90	111.59
4.780	43.55	55.40	68.62	83.72	97.91	106.90	111.59
4.783	43.55	55.40	68.66	83.72	97.91	106.90	111.59
4.785	43.55	55.40	68.66	83.72	97.91	106.90	111.59
4.788	43.55	55.40	68.66	83.72	97.91	106.90	111.59
4.791	43.55	55.46	68.66	83.72	97.91	106.90	111.59
4.793	43.55	55.60	68.66	83.72	97.91	106.90	111.59
4.796	43.55	55.73	68.66	83.72	97.91	106.90	111.59
4.799	43.55	55.75	68.66	83.41	97.91	106.90	111.59
4.802	43.55	55.69	68.66	83.41	97.93	106.90	111.59
4.804	43.55	55.64	68.66	83.56	97.93	106.90	111.59
4.807	43.55	55.60	68.66	83.72	97.93	106.90	111.59
4.810	43.55	55.54	68.66	83.72	97.93	106.90	111.59
4.813	43.55	55.51	68.66	83.72	97.93	106.90	111.59
4.815	43.55	55.45	68.66	83.72	97.93	106.90	111.59
4.818	43.55	55.40	68.66	83.72	97.93	106.90	111.59
4.821	43.57	55.40	68.66	83.72	97.93	106.90	111.59
4.824	43.60	55.40	68.66	83.72	97.93	106.90	111.59
4.826	43.64	55.40	68.66	83.72	97.93	106.90	111.59
4.829	43.67	55.40	68.66	83.72	97.93	106.90	111.59
4.832	43.74	55.40	68.66	83.72	97.93	106.90	111.59
4.835	43.77	55.40	68.66	83.72	97.93	106.91	111.59
4.837	43.78	55.40	68.66	83.72	97.93	106.91	111.59
4.840	43.78	55.40	68.66	83.72	97.94	106.91	111.59
4.843	43.78	55.40	68.66	83.72	97.95	106.91	111.59
4.845	43.78	55.40	68.66	83.72	97.96	106.91	111.59
4.848	43.78	55.40	68.66	83.72	97.97	106.91	111.59
4.851	43.78	55.40	68.66	83.72	97.97	106.91	111.59
4.854	43.78	55.40	68.66	83.72	97.98	106.94	111.59
4.856	43.78	55.40	68.66	83.72	97.93	106.94	111.59
4.859	43.78	55.40	68.66	83.72	97.93	106.94	111.59
4.862	43.78	55.40	68.66	83.72	97.93	106.94	111.59
4.865	43.78	55.40	68.66	83.72	97.93	106.94	111.59
4.867	43.78	55.40	68.66	83.72	97.93	106.94	111.59
4.870	43.78	55.40	68.66	83.72	97.93	106.94	111.59
4.873	43.78	55.40	68.66	83.72	97.93	106.94	111.59
4.876	43.78	55.40	68.65	83.72	97.93	106.94	111.59
4.878	43.78	55.40	68.66	83.72	97.93	106.94	111.59
4.881	43.78	55.40	68.66	83.72	97.93	106.94	111.59
4.884	43.84	55.40	68.66	83.72	97.93	106.94	111.59
4.886	43.88	55.40	68.66	83.72	97.93	106.94	111.59
4.889	43.96	55.40	68.66	83.72	97.93	106.94	111.59
4.892	44.00	55.40	68.66	83.72	97.93	106.94	111.59
4.895	44.00	55.40	68.66	83.72	97.93	106.94	111.59
4.897	44.00	55.40	68.66	83.72	97.93	106.94	111.59
4.900	44.00	55.40	68.66	83.72	97.93	106.94	111.59
4.903	44.00	55.40	68.66	83.72	97.93	106.94	111.59
4.906	44.00	55.40	68.66	83.72	97.93	106.94	111.59
4.908	44.00	55.40	68.66	83.72	97.93	106.94	111.59
4.911	44.00	55.40	68.66	83.72	97.98	106.94	111.59
4.914	44.00	55.40	68.66	83.72	97.98	106.94	111.59
4.917	44.00	55.40	68.66	83.72	97.98	106.94	111.59
4.919	44.00	55.40	68.66	83.72	97.98	106.94	111.59
4.922	44.00	55.40	68.66	83.72	97.98	106.94	111.59
4.925	44.00	55.40	68.66	83.79	97.98	106.94	111.59
4.928	44.00	55.40	68.66	83.79	97.98	106.94	111.59
4.930	44.00	55.40	68.66	83.79	97.98	106.94	111.59
4.933	44.00	55.40	68.66	83.79	97.98	106.94	111.59
4.936	44.00	55.40	68.66	83.79	97.98	106.94	111.59
4.938	44.00	55.40	68.66	83.79	97.98	106.94	111.59
4.941	44.00	55.40	68.66	83.79	97.98	106.94	111.59
4.944	44.00	55.40	68.66	83.79	97.98	106.94	111.59
4.947	44.00	55.40	68.66	83.79	97.98	106.94	111.59
4.949	44.00	55.40	68.66	83.79	97.98	106.94	111.59
4.952	44.00	55.40	68.66	83.79	97.98	106.94	111.59
4.955	44.00	55.40	68.66	83.79	97.98	106.94	111.59
4.958	44.00	55.40	68.66	83.79	97.98	106.94	111.59
4.960	44.00	55.40	68.66	83.79	97.98	106.94	111.59
4.963	44.00	55.40	68.66	83.79	97.98	106.94	111.59
4.966	44.00	55.40	68.66	83.79	97.98	106.94	111.59
4.969	44.00	55.40	68.66	83.79	97.98	106.94	111.59
4.971	44.00	55.40	68.66	83.79	97.98	106.94	111.59
4.974	44.00	55.40	68.66	83.79	97.98	106.94	111.59
4.977	44.00	55.40	68.66	83.79	97.98	106.94	111.59
4.979	44.00	55.40	68.66	83.79	97.98	106.94	111.59
4.982	44.00	55.40	68.66	83.79	97.98	106.94	111.59
4.985	44.00	55.40	68.66	83.79	97.98	106.94	111.59
4.988	44.00	55.40	68.66	83.79	97.98	106.94	111.59
4.990	44.00	55.40	68.66	83.79	97.98	106.94	111.59