X	Percentil5	Percentil10	Percentil25	Percentil50	Percentil75	Percentil90	Percentil95
2019.501	44.29	4.70	18.95	15.42	10.70	10.67	5.01
2019.504	44.29	4.70	18.95	15.42	10.70	10.67	5.01
2019.507	44.29	4.70	18.95	15.42	10.70	10.67	5.01
2019.510	44.29	4.70	18.95	15.42	10.70	10.67	5.01
2019.512	44.29	4.70	18.95	15.42	10.70	10.67	5.01
2019.515	44.29	4.70	18.95	15.42	10.70	10.67	5.01
2019.518	44.29	4.70	18.95	15.42	10.70	10.67	5.01
2019.521	44.29	4.70	18.82	15.55	10.70	10.67	5.01
2019.523	44.29	4.70	18.81	15.56	10.70	10.67	5.01
2019.526	44.29	4.70	18.81	15.56	10.70	10.67	5.01
2019.529	44.29	4.70	18.81	15.56	10.70	10.67	5.01
2019.532	44.29	4.70	18.81	15.56	10.70	10.67	5.01
2019.534	44.29	4.70	18.81	15.56	10.70	10.67	5.01
2019.537	44.29	4.70	18.81	15.56	10.70	10.67	5.01
2019.540	44.29	4.70	18.81	15.56	10.70	10.67	5.01
2019.542	44.29	4.70	18.74	15.63	10.70	10.67	5.01
2019.545	44.29	4.70	18.74	15.63	10.70	10.67	5.01
2019.548	44.29	4.70	18.74	15.63	10.70	10.67	5.01
2019.551	44.29	4.70	18.74	15.63	10.70	10.67	5.01
2019.553	44.29	4.70	18.74	15.63	10.70	10.67	5.01
2019.556	44.29	4.70	18.74	15.63	10.70	10.67	5.01
2019.559	44.29	4.70	18.74	15.63	10.70	10.67	5.01
2019.562	44.29	4.70	18.74	15.63	10.70	10.67	5.01
2019.564	44.29	4.70	18.74	15.63	10.70	10.67	5.01
2019.567	44.29	4.70	18.74	15.63	10.70	10.67	5.01
2019.570	44.29	4.70	18.74	15.63	10.70	10.67	5.01
2019.573	44.29	4.70	18.74	15.63	10.70	10.67	5.01
2019.575	44.29	4.70	18.74	15.63	10.70	10.67	5.01
2019.578	44.29	4.64	18.80	15.63	10.70	10.67	5.01
2019.581	44.29	4.64	18.80	15.63	10.70	10.67	5.01
2019.584	44.29	4.64	18.80	15.63	10.70	10.67	5.01
2019.586	44.29	4.64	18.80	15.55	10.78	10.67	5.01
2019.589	44.06	4.86	18.80	15.55	10.79	10.67	5.01
2019.592	43.92	5.01	18.80	15.55	10.79	10.67	5.01
2019.595	43.77	5.15	18.80	15.55	10.79	10.67	5.01
2019.597	43.58	5.34	18.80	15.55	10.79	10.67	5.01
2019.600	43.37	5.56	18.80	15.55	10.79	10.67	5.01
2019.603	43.15	5.75	18.83	15.55	10.79	10.67	5.01
2019.605	42.94	5.93	18.85	15.55	10.79	10.67	5.01
2019.608	42.73	6.15	18.85	15.55	10.79	10.67	5.01
2019.611	42.64	6.26	18.83	15.55	10.79	10.67	5.01
2019.614	42.64	6.29	18.80	15.55	10.79	10.67	5.01
2019.616	42.64	6.29	18.80	15.53	10.87	10.60	5.01
2019.619	42.64	6.29	18.80	15.34	11.13	10.53	5.01
2019.622	42.64	6.29	18.80	15.25	11.26	10.49	5.01
2019.625	42.64	6.29	18.80	15.15	11.35	10.49	5.01
2019.627	42.64	6.29	18.80	15.14	11.36	10.49	5.01
2019.630	42.64	6.29	18.80	15.14	11.36	10.49	5.01
2019.633	42.64	6.29	18.80	15.13	11.37	10.49	5.00
2019.636	42.64	6.29	18.80	15.14	11.36	10.49	4.99
2019.638	42.64	6.29	18.80	15.14	11.36	10.49	4.97
2019.641	42.64	6.29	18.80	15.14	11.36	10.49	4.96
2019.644	42.64	6.29	18.80	15.14	11.36	10.49	4.96
2019.647	42.64	6.29	18.87	15.08	11.36	10.49	4.95
2019.649	42.64	6.29	18.87	15.08	11.36	10.49	4.93
2019.652	42.63	6.29	18.88	15.06	11.36	10.49	4.92
2019.655	42.63	6.34	18.85	15.05	11.36	10.49	4.91
2019.658	42.63	6.38	18.84	15.03	11.36	10.49	4.91
2019.660	42.63	6.40	18.84	15.01	11.36	10.49	4.89
2019.663	42.63	6.44	18.82	14.99	11.36	10.49	4.88
2019.666	42.63	6.47	18.80	14.97	11.36	10.49	4.87
2019.668	42.63	6.51	18.79	14.95	11.36	10.49	4.86
2019.671	42.62	6.58	18.73	14.93	11.36	10.49	4.85
2019.674	42.62	6.62	18.70	14.93	11.36	10.49	4.84
2019.677	42.62	6.65	18.66	14.93	11.26	10.59	4.83
2019.679	42.62	6.69	18.63	14.93	11.19	10.67	4.82
2019.682	42.62	6.68	18.64	14.93	11.19	10.67	4.82
2019.685	42.62	6.56	18.76	14.93	11.19	10.67	4.80
2019.688	42.62	6.34	18.99	14.93	11.19	10.67	4.79
2019.690	42.61	6.35	18.97	14.93	11.19	10.67	4.78
2019.693	42.61	6.37	18.95	14.93	11.19	10.67	4.77
2019.696	42.61	6.39	18.94	14.93	11.19	10.67	4.76
2019.699	42.61	6.42	18.91	14.93	11.19	10.67	4.75
2019.701	42.61	6.53	18.80	14.93	11.19	10.67	4.74
2019.704	42.61	6.74	18.59	14.93	11.19	10.67	4.73
2019.707	42.61	6.94	18.39	14.93	11.19	10.67	4.72
2019.710	42.61	7.15	18.18	14.93	11.19	10.67	4.71
2019.712	42.60	7.20	18.14	14.93	11.19	10.67	4.70
2019.715	42.60	7.23	18.11	14.93	11.19	10.67	4.70
2019.718	42.60	7.25	18.09	14.93	11.19	10.67	4.70
2019.721	42.60	7.30	18.04	14.93	11.19	10.67	4.70
2019.723	42.58	7.34	18.02	14.93	11.19	10.67	4.70
2019.726	42.56	7.38	18.00	14.93	11.19	10.67	4.70
2019.729	42.54	7.43	17.97	14.93	11.19	10.67	4.70
2019.732	42.52	7.47	17.95	14.93	11.19	10.67	4.70
2019.734	42.50	7.52	17.92	14.93	11.19	10.67	4.70
2019.737	42.48	7.56	17.90	14.93	11.19	10.67	4.70
2019.740	42.45	7.63	17.86	14.93	11.19	10.67	4.70
2019.742	42.43	7.67	17.83	14.93	11.19	10.67	4.70
2019.745	42.41	7.72	17.81	14.93	11.19	10.67	4.70
2019.748	42.39	7.76	17.78	14.93	11.19	10.67	4.70
2019.751	42.37	7.81	17.76	14.93	11.19	10.67	4.70
2019.753	42.35	7.85	17.73	14.93	11.19	10.66	4.70
2019.756	42.33	7.92	17.69	14.93	11.19	10.65	4.72
2019.759	42.31	7.96	17.67	14.93	11.19	10.64	4.72
2019.762	42.29	7.96	17.69	14.93	11.19	10.63	4.73
2019.764	42.27	7.96	17.71	14.93	11.19	10.61	4.75
2019.767	42.25	7.97	17.73	14.93	11.19	10.59	4.78
2019.770	42.22	7.95	17.76	14.93	11.36	10.39	4.81
2019.773	42.20	7.96	17.78	14.93	11.36	10.36	4.83
2019.775	42.18	7.96	17.80	14.93	11.36	10.33	4.86
2019.778	42.16	7.94	17.83	14.93	11.36	10.31	4.89
2019.781	42.14	7.95	17.85	14.93	11.36	10.25	4.94
2019.784	42.12	7.93	17.89	14.93	11.36	10.23	4.96
2019.786	42.10	7.94	17.90	14.93	11.36	10.24	4.96
2019.789	42.08	7.96	17.90	14.93	11.34	10.29	4.93
2019.792	42.06	7.96	17.92	14.93	11.33	10.36	4.87
2019.795	42.04	8.09	17.81	14.93	11.28	10.44	4.84
2019.797	42.01	8.19	17.74	14.93	11.24	10.50	4.81
2019.800	41.99	8.27	17.67	14.93	11.20	10.57	4.78
2019.803	41.97	8.37	17.63	14.90	11.19	10.62	4.75
2019.805	41.95	8.46	17.59	14.86	11.19	10.64	4.73
2019.808	41.93	8.57	17.55	14.83	11.19	10.64	4.72
2019.811	41.91	8.61	17.53	14.83	11.19	10.65	4.71
2019.814	41.89	8.63	17.52	14.85	11.16	10.66	4.71
2019.816	41.88	8.65	17.52	14.83	11.17	10.68	4.70
2019.819	41.86	8.67	17.52	14.83	11.16	10.70	4.70
2019.822	41.84	8.70	17.51	14.81	11.16	10.71	4.70
2019.825	41.82	8.72	17.51	14.80	11.15	10.73	4.70
2019.827	41.79	8.75	17.50	14.78	11.15	10.74	4.70
2019.830	41.77	8.77	17.50	14.78	11.13	10.76	4.70
2019.833	41.75	8.80	17.50	14.81	11.09	10.78	4.70
2019.836	41.72	8.83	17.49	14.83	11.05	10.80	4.70
2019.838	41.69	8.87	17.49	14.83	11.04	10.81	4.70
2019.841	41.66	8.90	17.48	14.81	11.04	10.83	4.70
2019.844	41.63	8.93	17.37	14.90	11.04	10.84	4.70
2019.847	41.60	8.97	17.37	14.89	11.04	10.86	4.70
2019.849	41.57	9.00	17.36	14.87	11.04	10.88	4.70
2019.852	41.54	8.89	17.51	14.86	11.03	10.90	4.70
2019.855	41.51	8.76	17.67	14.83	11.04	10.91	4.70
2019.858	41.48	8.75	17.70	14.82	11.17	10.80	4.70
2019.860	41.45	8.68	17.80	14.81	11.18	10.80	4.70
2019.863	41.44	8.67	17.82	14.79	11.19	10.80	4.70
2019.866	41.44	8.67	17.82	14.77	11.22	10.70	4.80
2019.868	41.44	8.69	17.80	14.75	11.23	10.36	5.14
2019.871	41.44	8.69	17.80	14.74	11.25	10.36	5.14
2019.874	41.44	8.71	17.79	14.68	11.31	10.36	5.14
2019.877	41.44	8.72	17.78	14.67	11.32	10.35	5.15
2019.879	41.44	8.73	17.77	14.66	11.28	10.40	5.15
2019.882	41.44	8.74	17.76	14.66	11.23	10.89	4.70
2019.885	41.44	8.69	17.80	14.66	11.22	10.91	4.70
2019.888	41.44	8.53	17.96	14.64	11.23	10.91	4.70
2019.890	41.45	8.37	18.12	14.62	11.26	10.91	4.70
2019.893	41.45	8.21	18.28	14.60	11.27	10.91	5.15
2019.896	41.44	8.05	18.44	14.59	11.29	10.91	5.15
2019.899	41.44	7.89	18.60	14.58	11.40	10.81	5.15
2019.901	41.44	7.74	18.76	14.55	11.44	10.80	5.15
2019.904	41.44	7.43	19.06	14.53	11.42	10.83	5.15
2019.907	41.44	7.40	19.10	14.52	11.35	10.91	5.15
2019.910	41.44	7.40	19.10	14.51	11.36	10.91	5.15
2019.912	41.44	7.40	19.10	14.50	11.37	10.91	5.15
2019.915	41.44	7.40	19.10	14.49	11.38	10.91	5.15
2019.918	41.44	7.40	19.10	14.47	11.40	10.91	5.15
2019.921	41.44	7.40	19.10	14.46	11.41	10.91	5.15
2019.923	41.44	7.40	19.10	14.45	11.42	10.91	5.15
2019.926	41.44	7.40	19.10	14.44	11.43	10.91	5.15
2019.929	41.30	7.54	19.10	14.42	11.46	10.91	5.15
2019.932	41.34	7.51	19.10	14.37	11.50	10.91	5.15
2019.934	41.37	7.47	19.10	14.36	11.52	10.91	5.16
2019.937	41.40	7.44	19.10	14.33	11.54	10.91	5.16
2019.940	41.44	7.40	19.10	14.32	11.56	10.91	5.16
2019.942	41.44	7.40	19.10	14.30	11.57	10.91	5.16
2019.945	41.41	7.43	19.10	14.29	11.58	10.91	5.16
2019.948	41.34	7.50	19.10	14.26	11.61	10.91	5.16
2019.951	41.26	7.59	19.10	14.25	11.63	10.91	5.16
2019.953	41.15	7.69	19.10	14.24	11.64	10.91	5.16
2019.956	41.19	7.65	19.10	14.22	11.65	10.91	5.16
2019.959	41.28	7.56	19.10	14.21	11.67	10.91	5.16
2019.962	41.40	7.44	19.10	14.18	11.69	10.91	5.16
2019.964	41.44	7.40	19.10	14.17	11.71	10.91	5.15
2019.967	41.44	7.40	19.10	14.15	11.72	10.91	5.15
2019.970	41.44	7.40	19.10	14.14	11.73	10.91	5.14
2019.973	41.44	7.40	19.10	14.11	11.76	10.91	5.14
2019.975	41.44	7.40	19.10	14.10	11.77	10.91	5.14
2019.978	41.44	7.40	19.10	14.09	11.79	10.91	5.13
2019.981	41.44	7.40	19.10	14.07	11.80	10.91	5.13
2019.984	41.44	7.40	19.10	14.06	11.82	10.91	5.12
2019.986	41.44	7.40	19.10	14.03	11.77	10.98	5.12
2019.989	41.42	7.42	19.10	13.98	11.75	11.06	5.11
2019.992	41.40	7.44	19.10	13.86	11.87	11.06	5.11
2019.995	41.38	7.46	19.10	13.85	11.88	11.06	5.10
2019.997	41.36	7.48	19.10	13.85	11.88	11.06	5.10
2020.000	41.31	7.53	19.10	13.85	11.88	11.06	5.10
2020.003	41.28	7.68	18.98	13.85	11.87	11.06	5.09
2020.005	41.24	7.83	18.86	13.86	11.87	11.06	5.09
2020.008	41.21	7.98	18.74	13.86	11.87	11.06	5.08
2020.011	41.18	8.25	18.51	13.87	11.86	11.06	5.08
2020.014	41.15	8.40	18.39	13.87	11.86	11.06	5.07
2020.016	41.12	8.55	18.27	13.86	11.87	11.06	5.07
2020.019	41.05	8.73	18.15	13.84	11.89	11.06	5.07
2020.022	41.02	8.88	18.02	13.83	11.88	11.09	5.06
2020.025	40.99	9.03	17.86	13.85	11.88	11.11	5.06
2020.027	40.96	9.18	17.71	13.88	11.89	11.11	5.05
2020.030	40.93	9.33	17.55	13.91	11.89	11.11	5.05
2020.033	40.90	9.37	17.53	13.95	11.92	11.06	5.04
2020.036	40.85	9.42	17.53	14.00	11.87	11.06	5.04
2020.038	40.87	9.39	17.53	13.98	11.89	11.06	5.04
2020.041	40.92	9.35	17.53	13.95	11.92	11.06	5.04
2020.044	40.94	9.32	17.53	13.93	11.94	11.06	5.03
2020.047	40.97	9.30	17.53	13.92	11.95	11.06	5.03
2020.049	40.99	9.28	17.53	13.90	11.97	11.06	5.03
2020.052	41.21	9.06	17.53	13.89	11.99	11.06	5.02
2020.055	41.44	8.82	17.53	13.87	12.00	11.06	5.02
2020.058	41.44	8.90	17.45	13.85	12.02	11.06	5.02
2020.060	41.44	8.94	17.41	13.82	12.05	11.06	5.02
2020.063	41.44	8.98	17.35	13.83	12.10	11.02	5.01
2020.066	41.44	9.02	17.27	13.85	12.19	10.95	5.01
2020.068	41.44	9.06	17.19	13.88	12.24	10.91	5.01
2020.071	41.44	9.10	17.11	13.90	12.26	10.91	5.00
2020.074	41.44	9.14	17.03	13.93	12.28	10.91	5.00
2020.077	41.44	9.23	16.90	13.95	12.29	10.91	5.00
2020.079	41.44	9.39	16.65	14.02	12.31	10.91	5.00
2020.082	41.44	9.55	16.45	14.03	12.34	10.91	4.99
2020.085	41.44	9.71	16.25	14.05	12.36	10.91	4.99
2020.088	41.44	9.82	16.11	14.08	12.37	10.91	4.99
2020.090	41.46	9.78	16.10	14.08	12.39	10.91	4.98
2020.093	41.49	9.79	16.07	14.06	12.40	10.91	4.98
2020.096	41.52	9.77	16.11	13.98	12.42	10.91	4.98
2020.099	41.59	9.75	16.17	13.86	12.46	10.89	4.97
2020.101	41.66	9.77	16.19	13.72	12.47	10.90	4.97
2020.104	41.73	9.82	16.19	13.60	12.48	10.91	4.97
2020.107	41.79	9.97	16.04	13.52	12.50	10.91	4.97
2020.110	41.86	9.90	16.04	13.50	12.52	10.91	4.96
2020.112	41.99	9.76	16.04	13.49	12.53	10.91	4.96
2020.115	42.05	9.69	16.05	13.47	12.55	10.91	4.96
2020.118	42.12	9.62	16.05	13.45	12.56	10.91	4.95
2020.121	42.19	9.55	16.06	13.44	12.58	10.91	4.95
2020.123	42.25	9.48	16.06	13.41	12.61	10.91	4.95
2020.126	42.34	9.39	16.06	13.39	12.63	10.91	4.95
2020.129	42.41	9.32	16.12	13.32	12.64	10.91	4.94
2020.132	42.47	9.26	16.21	13.25	12.62	10.91	4.94
2020.134	42.54	9.18	16.22	13.27	12.60	10.91	4.94
2020.137	42.60	9.12	16.22	13.29	12.59	10.91	4.93
2020.140	42.66	9.05	16.24	13.31	12.58	10.88	4.93
2020.142	42.74	8.98	16.31	13.26	12.68	10.76	4.93
2020.145	42.79	8.92	16.30	13.29	12.76	10.67	4.93
2020.148	42.85	8.86	16.29	13.32	12.74	10.67	4.92
2020.151	42.88	8.82	16.29	13.36	12.71	10.66	4.93
2020.153	42.89	8.81	16.29	13.36	12.72	10.65	4.93
2020.156	42.91	8.78	16.28	13.34	12.74	10.65	4.93
2020.159	42.92	8.77	16.27	13.38	12.72	10.64	4.93
2020.162	42.92	8.77	16.27	13.42	13.18	10.14	4.94
2020.164	42.92	8.76	16.26	13.46	12.65	10.63	4.94
2020.167	42.93	8.75	16.34	13.45	12.58	10.62	4.95
2020.170	42.95	8.72	16.37	13.47	12.55	10.62	4.94
2020.173	42.96	8.69	16.39	13.51	12.52	10.63	4.93
2020.175	42.96	8.66	16.41	13.52	12.50	10.64	4.92
2020.178	42.97	8.63	16.44	13.54	12.48	10.64	4.92
2020.181	42.98	8.60	16.46	13.56	12.46	10.64	4.91
2020.184	43.00	8.57	16.47	13.60	12.43	10.64	4.91
2020.186	43.00	8.57	16.47	13.62	12.41	10.65	4.90
2020.189	43.00	8.56	16.48	13.63	12.39	10.65	4.90
2020.192	43.01	8.54	16.49	13.65	12.36	10.66	4.89
2020.195	42.77	8.78	16.50	13.69	12.16	10.83	4.89
2020.197	42.34	9.20	16.50	13.71	12.07	10.90	4.88
2020.200	42.01	9.51	16.51	13.73	12.05	11.02	4.76
2020.203	42.02	9.49	16.51	13.76	12.03	11.03	4.75
2020.205	42.03	9.47	16.51	13.81	11.99	11.04	4.74
2020.208	42.04	9.47	16.47	13.85	11.98	11.05	4.72
2020.211	42.05	9.50	16.41	13.87	11.98	11.05	4.72
2020.214	42.07	9.52	16.35	13.82	12.05	11.05	4.71
2020.216	42.08	9.54	16.31	13.76	12.11	11.05	4.71
2020.219	42.09	9.57	16.27	13.70	12.17	11.06	4.70
2020.222	42.10	9.64	16.19	13.64	12.24	11.06	4.70
2020.225	42.12	9.65	16.17	13.57	12.30	11.06	4.69
2020.227	42.12	9.64	16.18	13.51	12.36	11.06	4.69
2020.230	42.10	9.65	16.19	13.45	12.43	11.07	4.68
2020.233	42.09	9.65	16.19	13.32	12.55	11.07	4.67
2020.236	42.09	9.66	16.20	13.26	12.62	11.07	4.67
2020.238	42.08	9.66	16.20	13.19	12.68	11.07	4.66
2020.241	42.07	9.66	16.21	13.13	12.77	11.05	4.66
2020.244	42.07	9.66	16.21	13.07	12.83	11.06	4.65
2020.247	42.06	9.67	16.21	13.17	12.73	11.05	4.65
2020.249	42.05	9.66	16.22	13.29	12.64	11.02	4.64
2020.252	42.04	9.67	16.23	13.42	12.55	10.99	4.64
2020.255	42.03	9.68	16.23	13.54	12.47	10.96	4.63
2020.258	42.02	9.68	16.24	13.66	12.42	10.89	4.63
2020.260	42.01	9.49	16.44	13.78	12.33	10.86	4.62
2020.263	42.01	9.25	16.69	13.90	12.22	10.85	4.62
2020.266	42.00	8.89	17.05	14.02	12.10	10.86	4.61
2020.268	41.99	8.86	17.08	14.09	12.04	10.86	4.60
2020.271	41.98	8.86	17.10	13.81	12.32	10.86	4.60
2020.274	41.97	8.83	17.14	13.53	12.60	10.86	4.59
2020.277	41.96	8.82	17.16	13.25	12.88	10.86	4.59
2020.279	41.96	8.80	17.18	12.81	13.31	10.87	4.58
2020.282	41.95	8.79	17.20	12.80	13.35	10.84	4.58
2020.285	41.94	8.78	17.21	12.79	13.37	10.83	4.57
2020.288	41.94	8.77	17.23	12.78	13.40	10.82	4.57
2020.290	41.93	8.76	17.25	12.76	13.43	10.80	4.56
2020.293	41.91	8.75	17.27	12.75	13.46	10.79	4.56
2020.296	41.91	8.74	17.29	12.74	13.50	10.76	4.55
2020.299	41.90	8.75	17.29	12.73	13.52	10.75	4.55
2020.301	41.89	8.75	17.30	12.71	13.55	10.74	4.55
2020.304	41.89	8.75	17.30	12.76	13.48	10.80	4.50
2020.307	41.88	8.75	17.31	12.83	13.40	10.89	4.42
2020.310	41.87	8.76	17.31	12.90	13.32	10.99	4.34
2020.312	41.87	8.76	17.32	12.97	13.23	11.09	4.25
2020.315	41.85	8.77	17.32	13.04	13.15	11.17	4.18
2020.318	41.84	8.77	17.33	13.11	13.06	11.21	4.16
2020.321	41.84	8.77	17.34	13.18	12.98	11.23	4.15
2020.323	41.83	8.77	17.34	13.24	12.89	11.25	4.14
2020.326	41.82	8.77	17.34	13.31	12.81	11.27	4.13
2020.329	41.81	8.77	17.35	13.38	12.74	11.27	4.12
2020.332	41.81	8.78	17.35	13.45	12.67	11.28	4.12
2020.334	41.80	8.78	17.41	13.48	12.60	11.28	4.11
2020.337	41.56	9.02	17.46	13.50	12.53	11.29	4.10
2020.340	41.40	9.18	17.46	13.57	12.46	11.29	4.09
2020.342	41.40	9.18	17.45	13.64	12.39	11.30	4.08
2020.345	41.40	9.18	17.45	13.61	12.41	11.34	4.04
2020.348	41.40	9.19	17.45	13.59	12.43	11.39	3.98
2020.351	41.40	9.19	17.45	13.56	12.46	11.42	3.95
2020.353	41.40	9.19	17.45	13.53	12.49	11.48	3.89
2020.356	41.40	9.20	17.44	13.51	12.51	11.52	3.85
2020.359	41.40	9.20	17.44	13.48	12.55	11.52	3.83
2020.362	41.39	9.20	17.44	13.47	12.60	11.52	3.80
2020.364	41.39	9.20	17.44	13.47	12.63	11.50	3.79
2020.367	41.39	9.21	17.44	13.53	12.57	11.50	3.78
2020.370	41.39	9.21	17.43	13.57	12.54	11.51	3.77
2020.373	41.39	9.21	17.43	13.60	12.50	11.53	3.76
2020.375	41.39	9.22	17.44	13.66	12.42	11.55	3.75
2020.378	41.39	9.22	17.44	13.69	12.39	11.56	3.74
2020.381	41.39	9.22	17.43	13.73	12.35	11.57	3.73
2020.384	41.39	9.22	17.42	13.69	12.39	11.59	3.72
2020.386	41.39	9.23	17.42	13.67	12.40	11.60	3.72
2020.389	41.39	9.23	17.41	13.79	12.29	11.61	3.72
2020.392	41.39	9.23	17.32	13.98	12.18	11.61	3.72
2020.395	41.38	9.24	17.32	14.07	12.09	11.62	3.71
2020.397	41.38	9.24	17.32	14.02	12.12	11.63	3.71
2020.400	41.38	9.24	17.31	13.91	12.23	11.64	3.71
2020.403	41.38	9.24	17.31	13.86	12.28	11.65	3.74
2020.405	41.38	9.25	17.31	13.80	12.33	11.65	3.77
2020.408	41.38	9.25	17.31	13.69	12.43	11.66	3.81
2020.411	41.38	9.25	17.30	13.60	12.53	11.66	3.85
2020.414	41.38	9.26	17.30	13.55	12.71	11.54	3.92
2020.416	41.37	9.26	17.30	13.43	12.86	11.50	3.96
2020.419	41.36	9.28	17.30	13.32	12.96	11.52	4.00
2020.422	41.35	9.30	17.30	13.21	13.06	11.53	4.04
2020.425	41.34	9.31	17.29	13.10	13.16	11.55	4.09
2020.427	41.33	9.32	17.29	13.04	13.20	11.56	4.15
2020.430	41.32	9.33	17.29	12.95	13.28	11.57	4.22
2020.433	41.31	9.34	17.29	12.92	13.30	11.59	4.26
2020.436	41.30	9.35	17.29	12.90	13.30	11.60	4.27
2020.438	41.29	9.37	17.28	12.93	13.26	11.61	4.27
2020.441	41.27	9.39	17.28	12.85	13.32	11.62	4.27
2020.444	41.26	9.40	17.28	12.82	13.36	11.61	4.28
2020.447	41.25	9.42	17.27	12.80	13.38	11.61	4.27
2020.449	41.25	9.43	17.26	12.77	13.41	11.64	4.24
2020.452	41.23	9.45	17.26	12.75	13.43	11.65	4.23
2020.455	41.23	9.47	17.25	12.72	13.47	11.65	4.23
2020.458	41.21	9.49	17.23	12.70	13.49	11.65	4.22
2020.460	41.20	9.51	17.23	12.69	13.51	11.64	4.22
2020.463	41.18	9.54	17.22	12.69	13.51	11.63	4.23
2020.466	41.16	9.56	17.21	12.69	13.52	11.63	4.23
2020.468	41.15	9.58	17.20	12.69	13.52	11.63	4.22
2020.471	41.14	9.60	17.20	12.69	13.53	11.63	4.22
2020.474	41.11	9.64	17.18	12.69	13.53	11.63	4.22
2020.477	41.12	9.65	17.18	12.69	13.53	11.63	4.22
2020.479	41.15	9.62	17.17	12.69	13.54	11.63	4.21
2020.482	41.15	9.63	17.16	12.69	13.54	11.62	4.21
2020.485	41.02	9.77	17.15	12.69	13.55	11.62	4.21
2020.488	41.00	9.80	17.24	12.59	13.55	11.62	4.21
2020.490	40.98	9.82	17.24	12.59	13.56	11.62	4.21
2020.493	40.96	9.86	17.22	12.59	13.56	11.61	4.20
2020.496	40.93	9.89	17.12	12.69	13.57	11.61	4.20
2020.499	40.91	9.92	17.11	12.69	13.57	11.61	4.20
2020.501	40.89	9.94	17.10	12.69	13.58	11.61	4.20
2020.504	40.87	9.97	17.10	12.69	13.51	11.68	4.20
2020.507	40.83	10.02	17.09	12.69	13.47	11.72	4.20
2020.510	40.82	10.04	17.07	12.69	13.48	11.71	4.19
2020.512	40.82	10.05	17.07	12.69	13.49	11.71	4.19
2020.515	40.82	10.06	17.06	12.66	13.52	11.70	4.19
2020.518	40.81	10.08	17.05	12.62	13.58	11.69	4.19
2020.521	40.80	10.09	17.04	12.57	13.64	11.68	4.19
2020.523	40.79	10.11	17.04	12.48	13.74	11.68	4.18
2020.526	40.78	10.14	17.02	12.47	13.75	11.67	4.18
2020.529	40.77	10.15	17.02	12.49	13.75	11.66	4.18
2020.532	40.76	10.15	17.03	12.51	13.74	11.66	4.18
2020.534	40.75	10.14	17.04	12.52	13.74	11.65	4.17
2020.537	40.74	10.13	16.93	12.64	13.77	11.64	4.17
2020.540	40.75	10.10	16.94	12.65	13.77	11.63	4.17
2020.542	40.76	10.08	16.96	12.67	13.76	11.63	4.16
2020.545	40.77	10.04	16.98	12.67	13.77	11.62	4.14
2020.548	40.79	10.01	17.00	12.68	13.77	11.61	4.13
2020.551	40.80	9.99	17.01	12.70	13.77	11.60	4.12
2020.553	40.81	9.96	17.03	12.71	13.76	11.60	4.12
2020.556	40.82	9.92	17.04	12.74	13.76	11.59	4.10
2020.559	40.83	9.90	17.06	12.74	13.76	11.58	4.09
2020.562	40.82	9.89	17.08	12.74	13.76	11.58	4.08
2020.564	40.81	9.87	17.11	12.76	13.76	11.57	4.07
2020.567	40.81	9.86	17.12	12.77	13.75	11.57	4.06
2020.570	40.81	9.85	17.11	12.81	13.74	11.57	4.05
2020.573	40.80	9.89	17.06	12.83	13.74	11.57	4.04
2020.575	40.79	9.94	16.98	12.88	13.73	11.57	4.03
2020.578	40.77	9.99	16.93	12.92	13.72	11.56	4.02
2020.581	40.76	10.04	16.88	12.96	13.70	11.56	4.01
2020.584	40.74	10.09	16.82	12.98	13.70	11.56	4.00
2020.586	40.72	10.14	16.74	13.03	13.70	11.55	3.99
2020.589	40.71	10.19	16.65	13.08	13.71	11.55	3.99
2020.592	40.69	10.24	16.51	13.18	13.72	11.54	3.98
2020.595	40.68	10.29	16.43	13.23	13.72	11.53	3.97
2020.597	40.67	10.33	16.34	13.28	13.73	11.53	3.96
2020.600	40.66	10.38	16.21	13.39	13.73	11.52	3.96
2020.603	40.65	10.43	16.12	13.44	13.74	11.52	3.95
2020.605	40.63	10.44	16.15	13.41	13.74	11.51	3.95
2020.608	40.62	10.42	16.24	13.35	13.74	11.51	3.93
2020.611	40.60	10.39	16.36	13.26	13.77	11.50	3.93
2020.614	40.59	10.37	16.40	13.17	13.85	11.49	3.92
2020.616	40.57	10.36	16.41	13.15	13.89	11.49	3.92
2020.619	40.56	10.35	16.42	13.13	13.94	11.48	3.91
2020.622	40.54	10.34	16.42	13.17	13.93	11.48	3.90
2020.625	40.52	10.32	16.41	13.22	13.91	11.47	3.90
2020.627	40.51	10.29	16.45	13.27	13.89	11.47	3.89
2020.630	40.49	10.27	16.46	13.30	13.88	11.46	3.89
2020.633	40.48	10.26	16.45	13.38	13.84	11.46	3.88
2020.636	40.43	10.28	16.45	13.41	13.84	11.45	3.90
2020.638	40.39	10.29	16.46	13.45	13.83	11.45	3.93
2020.641	40.36	10.30	16.46	13.50	13.81	11.44	3.96
2020.644	40.32	10.33	16.44	13.54	13.80	11.44	3.99
2020.647	40.28	10.36	16.43	13.56	13.86	11.37	4.05
2020.649	40.24	10.40	16.41	13.58	13.97	11.26	4.08
2020.652	40.21	10.44	16.37	13.62	13.99	11.24	4.11
2020.655	40.17	10.48	16.34	13.64	14.00	11.23	4.14
2020.658	40.13	10.53	16.32	13.66	14.01	11.22	4.19
2020.660	40.09	10.56	16.28	13.70	14.02	11.21	4.19
2020.663	40.07	10.58	16.27	13.71	14.03	11.20	4.19
2020.666	40.07	10.57	16.25	13.73	14.04	11.19	4.20
2020.668	40.04	10.59	16.24	13.75	14.05	11.18	4.20
2020.671	40.04	10.60	16.20	13.79	14.06	11.16	4.20
2020.674	40.03	10.61	16.19	13.81	14.07	11.16	4.20
2020.677	40.02	10.61	16.17	13.83	14.08	11.15	4.20
2020.679	40.03	10.59	16.13	13.89	14.07	11.14	4.20
2020.682	40.07	10.56	16.11	13.94	14.05	11.14	4.20
2020.685	40.10	10.53	16.09	13.99	14.03	11.12	4.20
2020.688	40.11	10.53	16.07	14.04	14.01	11.12	4.20
2020.690	40.11	10.52	16.03	14.00	14.10	11.11	4.19
2020.693	40.14	10.50	16.01	13.99	14.08	11.16	4.19
2020.696	40.18	10.46	15.99	14.00	14.06	11.18	4.19
2020.699	40.23	10.41	15.99	14.00	14.04	11.20	4.19
2020.701	40.27	10.37	16.00	14.01	14.04	11.19	4.19
2020.704	40.32	10.33	16.00	14.01	14.05	11.17	4.19
2020.707	40.34	10.30	16.00	13.99	13.94	11.30	4.19
2020.710	40.37	10.28	16.01	13.98	13.92	11.32	4.19
2020.712	40.39	10.26	16.01	13.97	13.91	11.34	4.19
2020.715	40.38	10.26	16.02	13.97	13.87	11.37	4.19
2020.718	40.37	10.28	16.02	14.05	13.74	11.42	4.19
2020.721	40.36	10.29	16.02	14.09	13.68	11.44	4.18
2020.723	40.35	10.31	16.03	14.10	13.65	11.45	4.18
2020.726	40.32	10.33	16.03	14.12	13.61	11.48	4.18
2020.729	40.31	10.35	16.03	14.12	13.60	11.47	4.18
2020.732	40.30	10.36	16.04	14.15	13.57	11.47	4.18
2020.734	40.28	10.37	16.04	14.17	13.56	11.46	4.18
2020.737	40.27	10.39	16.04	14.18	13.56	11.45	4.18
2020.740	40.26	10.41	16.04	14.19	13.54	11.45	4.18
2020.742	40.25	10.43	16.04	14.20	13.53	11.45	4.18
2020.745	40.23	10.44	16.04	14.48	13.25	11.44	4.18
2020.748	40.22	10.46	16.04	14.46	13.28	11.44	4.18
2020.751	40.21	10.48	16.06	14.42	13.29	11.43	4.18
2020.753	40.20	10.50	16.08	14.39	13.31	11.42	4.18
2020.756	40.13	10.57	16.09	14.36	13.32	11.42	4.18
2020.759	40.06	10.65	16.11	14.33	13.34	11.41	4.18
2020.762	39.99	10.73	16.10	14.32	13.35	11.40	4.18
2020.764	39.83	10.89	16.05	14.35	13.44	11.33	4.19
2020.767	39.75	10.98	16.03	14.35	13.52	11.27	4.19
2020.770	39.64	11.09	16.03	14.34	13.53	11.26	4.19
2020.773	39.63	11.11	16.03	14.35	13.52	11.25	4.19
2020.775	39.62	11.12	16.03	14.56	13.30	11.25	4.19
2020.778	39.61	11.14	16.02	14.51	13.35	11.24	4.19
2020.781	39.61	11.15	16.03	14.48	13.38	11.24	4.19
2020.784	39.59	11.17	16.03	14.46	13.41	11.24	4.20
2020.786	39.59	11.18	16.02	14.43	13.43	11.23	4.20
2020.789	39.58	11.19	16.03	14.46	13.40	11.22	4.20
2020.792	39.57	11.22	16.01	14.64	13.22	11.22	4.20
2020.795	39.57	11.41	15.83	14.67	13.16	11.25	4.20
2020.797	39.56	11.73	15.52	14.67	13.09	11.31	4.20
2020.800	39.55	11.73	15.54	14.68	13.08	11.30	4.20
2020.803	39.55	11.72	15.57	14.67	13.08	11.30	4.20
2020.805	39.55	11.71	15.63	14.62	13.08	11.31	4.19
2020.808	39.54	11.71	15.67	14.61	13.07	11.34	4.15
2020.811	39.55	11.70	15.70	14.59	13.07	11.35	4.14
2020.814	39.55	11.69	15.74	14.58	13.06	11.35	4.13
2020.816	39.56	11.67	15.72	14.62	13.05	11.35	4.13
2020.819	39.56	11.66	15.65	14.70	13.05	11.33	4.14
2020.822	39.56	11.64	15.65	14.72	13.04	11.31	4.15
2020.825	39.57	11.62	15.67	14.73	13.04	11.31	4.15
2020.827	39.58	11.57	15.72	14.74	13.03	11.30	4.15
2020.830	39.58	11.54	15.75	14.74	13.03	11.30	4.14
2020.833	39.59	11.51	15.78	14.75	13.03	11.35	4.09
2020.836	39.59	11.48	15.80	14.76	13.02	11.46	3.98
2020.838	39.60	11.46	15.84	14.78	13.00	11.48	3.95
2020.841	39.60	11.43	15.86	14.81	12.97	11.50	3.92
2020.844	39.61	11.38	15.91	14.84	12.94	11.51	3.91
2020.847	39.62	11.35	15.94	14.91	12.90	11.49	3.89
2020.849	39.62	11.34	15.95	14.98	12.85	11.47	3.88
2020.852	39.63	11.33	15.95	15.06	12.79	11.48	3.86
2020.855	39.63	11.33	15.96	15.14	12.71	11.48	3.85
2020.858	39.63	11.32	15.97	15.21	12.64	11.50	3.83
2020.860	39.64	11.31	15.98	15.26	12.59	11.49	3.84
2020.863	39.64	11.30	15.98	15.28	12.57	11.48	3.84
2020.866	39.65	11.30	15.98	15.29	12.56	11.47	3.85
2020.868	39.66	11.29	15.99	15.29	12.55	11.46	3.85
2020.871	39.66	11.29	15.99	15.31	12.53	11.45	3.86
2020.874	39.67	11.29	16.00	15.32	12.53	11.44	3.87
2020.877	39.67	11.28	16.00	15.42	12.42	11.43	3.87
2020.879	39.68	11.27	16.01	15.47	12.37	11.42	3.88
2020.882	39.68	11.26	16.03	15.51	12.33	11.41	3.89
2020.885	39.69	11.25	16.04	15.54	12.30	11.40	3.89
2020.888	39.69	11.22	16.06	15.56	12.28	11.39	3.90
2020.890	39.66	11.25	16.13	15.53	12.25	11.38	3.91
2020.893	39.64	11.26	16.18	15.47	12.32	11.33	3.91
2020.896	39.60	11.29	16.22	15.36	12.57	11.15	3.93
2020.899	39.58	11.30	16.27	15.25	12.77	11.01	4.00
2020.901	39.56	11.31	16.34	15.19	12.76	11.01	4.04
2020.904	39.46	11.39	16.40	15.17	12.75	11.00	4.08
2020.907	39.34	11.50	16.44	15.16	12.73	11.00	4.12
2020.910	39.19	11.64	16.48	15.13	12.69	11.02	4.15
2020.912	39.02	11.81	16.56	15.07	12.70	10.99	4.24
2020.915	38.84	11.98	16.61	15.06	12.68	10.98	4.30
2020.918	38.83	11.97	16.66	15.04	12.67	10.98	4.35
2020.921	38.85	11.94	16.69	15.03	12.66	10.98	4.39
2020.923	38.89	11.90	16.69	15.05	12.64	10.98	4.44
2020.926	38.90	11.87	16.70	15.07	12.63	10.98	4.53
2020.929	38.90	11.87	16.70	15.08	12.62	10.98	4.58
2020.932	38.88	11.87	16.71	15.11	12.59	10.98	4.63
2020.934	38.88	11.87	16.69	15.16	12.59	10.98	4.67
2020.937	38.85	11.88	16.34	15.55	12.59	10.94	4.76
2020.940	38.85	11.88	16.34	15.60	12.58	10.91	4.81
2020.942	38.85	11.87	16.36	15.63	12.60	10.84	4.86
2020.945	38.81	11.89	16.38	15.68	12.59	10.81	4.90
2020.948	38.79	11.90	16.39	15.76	12.57	10.74	4.95
2020.951	38.74	11.95	16.41	15.77	12.59	10.71	5.04
2020.953	38.73	11.95	16.42	15.73	12.66	10.67	5.09
2020.956	38.71	11.96	16.43	15.69	12.77	10.61	5.13
2020.959	38.66	12.00	16.45	15.65	12.84	10.57	5.18
2020.962	38.64	12.02	16.46	15.57	12.98	10.50	5.23
2020.964	38.59	12.06	16.46	15.55	13.03	10.47	5.32
2020.967	38.57	12.08	16.47	15.57	13.05	10.42	5.37
2020.970	38.55	12.10	16.48	15.69	12.95	10.41	5.41
2020.973	38.52	12.13	16.48	15.71	12.93	10.39	5.46
2020.975	38.60	12.04	16.49	15.69	12.94	10.40	5.50
2020.978	38.75	11.89	16.50	15.67	12.95	10.41	5.49
2020.981	38.83	11.81	16.51	15.66	12.95	10.43	5.47
2020.984	38.92	11.71	16.52	15.64	12.96	10.51	5.41
2020.986	39.08	11.56	16.52	15.65	12.93	10.66	5.27
2020.989	39.16	11.47	16.53	15.67	12.90	10.73	5.20
2020.992	39.30	11.33	16.54	15.68	12.88	10.81	5.13
2020.995	39.37	11.25	16.55	15.69	12.86	10.86	5.09
2020.997	39.43	11.19	16.55	15.70	12.84	10.87	5.08
2021.000	39.46	11.16	16.56	15.73	12.80	10.90	5.07
2021.003	39.48	11.14	16.57	15.73	12.78	10.93	5.04
2021.005	39.50	11.12	16.58	15.73	12.77	10.95	5.02
2021.008	39.51	11.10	16.58	15.73	12.76	10.96	5.02
2021.011	39.53	11.08	16.59	15.73	12.75	10.95	5.03
2021.014	39.54	11.07	16.60	15.65	12.82	10.94	5.06
2021.016	39.57	11.04	16.60	15.57	12.89	10.91	5.10
2021.019	39.58	11.02	16.61	15.51	12.93	10.89	5.12
2021.022	39.60	11.00	16.62	15.52	12.91	10.87	5.14
2021.025	39.61	10.99	16.63	15.54	12.94	10.76	5.21
2021.027	39.62	10.97	16.64	15.55	12.99	10.63	5.28
2021.030	39.64	10.95	16.64	15.58	12.94	10.57	5.35
2021.033	39.65	10.93	16.65	15.59	12.90	10.47	5.48
2021.036	39.67	10.92	16.66	15.60	12.86	10.49	5.48
2021.038	39.68	10.90	16.66	15.62	12.81	10.52	5.48
2021.041	39.71	10.87	16.63	15.67	12.77	10.54	5.48
2021.044	39.78	10.80	16.61	15.71	12.71	10.59	5.48
2021.047	39.86	10.72	16.63	15.71	12.68	10.61	5.48
2021.049	39.93	10.64	16.68	15.34	13.00	10.61	5.48
2021.052	39.99	10.53	16.74	15.33	12.99	10.62	5.48
2021.055	40.02	10.46	16.80	15.36	12.93	10.63	5.48
2021.058	40.04	10.40	16.85	15.40	12.87	10.64	5.47
2021.060	40.05	10.29	16.94	15.45	12.72	10.74	5.47
2021.063	40.07	10.23	16.99	15.50	12.64	10.77	5.48
2021.066	40.10	10.17	17.04	15.54	12.61	10.82	5.41
2021.068	40.11	10.11	17.09	15.59	12.58	10.84	5.37
2021.071	40.13	10.04	17.13	15.69	12.51	10.83	5.35
2021.074	40.15	9.98	17.18	15.73	12.48	10.83	5.32
2021.077	40.17	9.93	17.22	15.78	12.43	10.84	5.32
2021.079	40.20	9.88	17.24	15.81	12.38	10.86	5.32
2021.082	40.22	9.85	17.27	15.82	12.22	10.99	5.32
2021.085	40.23	9.81	17.29	15.83	12.33	10.87	5.31
2021.088	40.25	9.77	17.32	15.81	12.34	10.88	5.31
2021.090	40.27	9.73	17.35	15.78	12.36	10.89	5.31
2021.093	40.29	9.69	17.37	15.72	12.40	10.90	5.31
2021.096	40.30	9.66	17.40	15.69	12.42	10.90	5.31
2021.099	40.31	9.63	17.42	15.67	12.43	10.91	5.32
2021.101	40.31	9.61	17.44	15.67	12.42	10.91	5.32
2021.104	40.31	9.58	17.48	15.67	12.41	10.92	5.32
2021.107	40.31	9.56	17.50	15.66	12.40	10.93	5.31
2021.110	40.31	9.55	17.52	15.66	12.39	10.94	5.31
2021.112	40.30	9.53	17.55	15.66	12.38	10.94	5.31
2021.115	40.30	9.51	17.57	15.66	12.37	10.95	5.31
2021.118	40.30	9.49	17.60	15.66	12.36	10.96	5.31
2021.121	40.30	9.47	17.63	15.65	12.35	10.97	5.31
2021.123	40.30	9.45	17.65	15.65	12.34	10.97	5.32
2021.126	40.30	9.43	17.67	15.65	12.33	10.97	5.33
2021.129	40.30	9.42	17.70	15.65	12.33	10.97	5.33
2021.132	40.30	9.19	17.87	15.70	12.31	10.98	5.33
2021.134	40.31	8.92	18.07	15.78	12.30	11.00	5.32
2021.137	40.32	8.53	18.44	15.78	12.29	11.03	5.29
2021.140	40.34	8.48	18.53	15.73	12.29	11.06	5.27
2021.142	40.35	8.42	18.59	15.71	12.28	11.10	5.24
2021.145	40.39	8.32	18.68	15.73	12.23	11.12	5.26
2021.148	40.40	8.26	18.78	15.72	12.20	11.17	5.30
2021.151	40.40	8.15	18.90	15.70	12.22	11.19	5.32
2021.153	40.41	8.06	18.99	15.66	12.23	11.23	5.38
2021.156	40.42	7.97	19.07	15.64	12.22	11.29	5.45
2021.159	40.43	7.86	19.18	15.63	12.23	11.30	5.51
2021.162	40.41	7.79	19.14	15.75	12.29	11.27	5.53
2021.164	40.42	7.71	19.23	15.75	12.29	11.29	5.59
2021.167	40.42	7.64	19.26	15.81	12.24	11.34	5.66
2021.170	40.42	7.60	19.18	15.95	12.13	11.47	5.71
2021.173	40.42	7.55	19.16	16.04	12.11	11.45	5.77
2021.175	40.42	7.50	19.20	16.06	12.09	11.41	5.94
2021.178	40.43	7.45	19.24	16.09	12.07	11.38	6.10
2021.181	40.43	7.40	19.26	16.13	12.06	11.34	6.28
2021.184	40.43	7.36	19.25	16.20	12.04	11.26	6.41
2021.186	40.43	7.31	19.20	16.33	12.04	11.20	6.45
2021.189	40.43	7.26	19.19	16.39	12.05	11.10	6.52
2021.192	40.44	7.22	19.13	16.52	12.07	10.98	6.59
2021.195	40.44	7.17	19.12	16.59	12.08	10.94	6.60
2021.197	40.45	7.12	19.07	16.71	12.10	10.90	6.60
2021.200	40.45	7.03	19.10	16.77	12.12	10.86	6.60
2021.203	40.44	6.99	19.05	16.84	12.16	10.85	6.59
2021.205	40.41	6.98	19.04	16.86	12.21	10.83	6.59
2021.208	40.39	6.95	18.98	16.99	12.19	10.80	6.61
2021.211	40.36	6.94	18.98	16.95	12.27	10.78	6.62
2021.214	40.34	6.91	19.03	16.88	12.35	10.75	6.64
2021.216	40.32	6.89	19.07	16.89	12.35	10.72	6.65
2021.219	40.29	6.87	19.12	16.90	12.34	10.70	6.66
2021.222	40.27	6.85	19.16	16.90	12.34	10.67	6.68
2021.225	40.24	6.84	19.22	16.91	12.33	10.62	6.71
2021.227	40.22	6.81	19.30	16.88	12.33	10.60	6.73
2021.230	40.20	6.79	19.41	16.83	12.32	10.57	6.74
2021.233	40.16	6.77	19.49	16.81	12.32	10.56	6.74
2021.236	40.15	6.75	19.57	16.78	12.32	10.58	6.71
2021.238	40.11	6.74	19.64	16.77	12.31	10.59	6.69
2021.241	40.09	6.71	19.72	16.74	12.33	10.57	6.66
2021.244	40.08	6.68	19.80	16.74	12.33	10.55	6.65
2021.247	40.04	6.67	20.04	16.56	12.38	10.50	6.63
2021.249	40.03	6.64	20.23	16.44	12.39	10.47	6.61
2021.252	39.99	6.63	20.25	16.49	12.41	10.43	6.62
2021.255	39.97	6.60	20.25	16.53	12.47	10.29	6.68
2021.258	39.95	6.58	20.21	16.60	12.53	10.18	6.75
2021.260	39.93	6.56	20.30	16.56	12.55	10.08	6.81
2021.263	39.92	6.54	20.36	16.54	12.58	10.01	6.84
2021.266	39.90	6.52	20.42	16.51	12.64	9.93	6.85
2021.268	39.89	6.53	20.45	16.48	12.67	9.89	6.85
2021.271	39.87	6.56	20.48	16.44	12.71	9.85	6.85
2021.274	39.86	6.62	20.47	16.41	12.77	9.77	6.86
2021.277	39.85	6.65	20.48	16.38	12.77	9.76	6.86
2021.279	39.84	6.68	20.46	16.38	12.77	9.75	6.87
2021.282	39.82	6.74	20.41	16.26	12.88	9.74	6.88
2021.285	39.80	6.78	20.38	16.27	12.88	9.73	6.88
2021.288	39.79	6.84	20.33	16.31	12.84	9.72	6.81
2021.290	39.78	6.88	20.30	16.37	12.78	9.71	6.74
2021.293	39.77	6.92	20.27	16.40	12.76	9.70	6.71
2021.296	39.76	6.99	20.21	16.33	12.83	9.69	6.64
2021.299	39.74	7.04	20.16	16.37	12.79	9.69	6.57
2021.301	39.72	7.09	20.13	16.41	12.75	9.68	6.47
2021.304	39.71	7.07	20.16	16.41	12.75	9.67	6.28
2021.307	39.70	7.04	20.19	16.36	12.81	9.66	6.15
2021.310	39.69	7.02	20.17	16.39	12.84	9.65	6.06
2021.312	39.68	6.95	20.18	16.46	12.84	9.63	5.93
2021.315	39.66	6.94	20.27	16.41	12.86	9.59	5.75
2021.318	39.64	6.91	20.34	16.38	12.85	9.58	5.72
2021.321	39.63	6.88	20.40	16.36	12.84	9.59	5.74
2021.323	39.62	6.86	20.44	16.37	12.83	9.59	5.75
2021.326	39.61	6.83	20.47	16.37	12.82	9.60	5.70
2021.329	39.59	6.85	20.47	16.38	12.81	9.60	5.73
2021.332	39.58	6.86	20.47	16.39	12.80	9.60	5.81
2021.334	39.57	6.87	20.46	16.39	12.80	9.60	5.89
2021.337	39.55	6.90	20.45	16.40	12.81	9.58	5.92
2021.340	39.54	6.91	20.44	16.41	12.83	9.55	6.00
2021.342	39.53	6.95	20.46	16.37	12.85	9.52	6.08
2021.345	39.51	6.97	20.48	16.34	12.89	9.47	6.15
2021.348	39.50	6.98	20.50	16.33	12.91	9.44	6.12
2021.351	39.49	7.00	20.52	16.23	13.00	9.41	6.12
2021.353	39.48	7.03	20.53	15.97	13.26	9.39	6.11
2021.356	39.46	7.09	20.51	15.72	13.54	9.34	6.11
2021.359	39.44	7.14	20.51	15.57	13.68	9.31	6.10
2021.362	39.43	7.17	20.53	15.34	13.89	9.29	6.10
2021.364	39.42	7.21	20.53	15.32	13.87	9.30	6.10
2021.367	39.39	7.26	20.53	15.32	13.72	9.42	6.09
2021.370	39.36	7.33	20.51	15.32	13.64	9.48	6.09
2021.373	39.33	7.40	20.51	15.31	13.53	9.58	6.08
2021.375	39.30	7.45	20.51	15.31	13.50	9.58	6.08
2021.378	39.27	7.51	20.53	15.13	13.64	9.58	6.07
2021.381	39.24	7.56	20.52	15.04	13.70	9.58	6.07
2021.384	39.21	7.63	20.51	15.02	13.68	9.58	6.07
2021.386	39.17	7.69	20.51	15.02	13.66	9.57	6.06
2021.389	39.15	7.75	20.51	15.01	13.65	9.57	6.06
2021.392	39.10	7.82	20.51	15.00	13.63	9.57	6.06
2021.395	39.07	7.88	20.51	15.01	13.59	9.57	6.06
2021.397	39.06	7.93	20.52	14.97	13.57	9.49	6.15
2021.400	39.05	7.97	20.52	14.97	13.56	9.48	6.16
2021.403	39.05	7.99	20.51	14.96	13.54	9.47	6.17
2021.405	39.04	8.03	20.51	14.96	13.51	9.47	6.17
2021.408	39.03	8.05	20.53	14.95	13.49	9.46	6.17
2021.411	39.02	8.03	20.59	14.95	13.47	9.46	6.18
2021.414	39.00	8.02	20.66	14.92	13.45	9.46	6.19
2021.416	38.98	7.96	20.76	14.91	13.43	9.45	6.19
2021.419	38.96	8.00	20.81	14.86	13.41	9.45	6.19
2021.422	38.91	8.08	20.77	14.90	13.39	9.44	6.20
2021.425	38.88	8.12	20.78	14.91	13.35	9.43	6.21
2021.427	38.86	8.16	20.77	14.91	13.33	9.43	6.21
2021.430	38.84	8.20	20.75	14.93	13.31	9.42	6.22
2021.433	38.85	8.21	20.73	14.95	13.29	9.42	6.23
2021.436	38.88	8.21	20.71	14.97	13.27	9.42	6.23
2021.438	38.90	8.20	20.66	15.02	13.26	9.40	6.23
2021.441	38.94	8.19	20.31	15.38	13.25	9.37	6.24
2021.444	38.96	8.19	20.13	15.56	13.26	9.33	6.25
2021.447	38.99	8.18	20.02	15.62	13.32	9.29	6.25
2021.449	39.01	8.18	19.95	15.64	13.39	9.25	6.26
2021.452	39.03	8.18	19.87	15.64	13.46	9.20	6.28
2021.455	39.06	8.17	19.75	15.70	13.54	9.11	6.34
2021.458	39.09	8.16	19.67	15.72	13.60	9.02	6.41
2021.460	39.12	8.15	19.60	15.72	13.68	8.99	6.41
2021.463	39.15	8.15	19.56	15.69	13.72	8.99	6.41
2021.466	39.17	8.15	19.53	15.65	13.76	9.00	6.40
2021.468	39.19	8.15	19.49	15.63	13.79	9.00	6.41
2021.471	39.21	8.15	19.46	15.59	13.83	9.01	6.40
2021.474	39.24	8.16	19.41	15.56	13.87	9.02	6.40
2021.477	39.28	8.14	19.38	15.53	13.90	9.03	6.40
2021.479	39.30	8.16	19.33	15.50	13.94	9.03	6.40
2021.482	39.32	8.16	19.30	15.46	13.98	9.04	6.40
2021.485	39.35	8.17	19.25	15.44	14.01	9.05	6.40
2021.488	39.37	8.17	19.22	15.39	14.05	9.06	6.38
2021.490	39.40	8.17	19.18	15.36	14.09	9.08	6.38
2021.493	39.44	8.16	19.14	15.33	14.12	9.07	6.39
2021.496	39.46	8.09	19.18	15.30	14.16	9.07	6.40
2021.499	39.48	7.94	19.30	15.26	14.20	9.07	6.40
2021.501	39.50	7.86	19.34	15.24	14.23	9.08	6.40
2021.504	39.53	7.77	19.39	15.20	14.27	9.08	6.41
2021.507	39.56	7.63	19.49	15.17	14.32	9.07	6.41
2021.510	39.58	7.55	19.54	15.14	14.36	9.06	6.41
2021.512	39.62	7.46	19.59	15.10	14.42	9.04	6.42
2021.515	39.64	7.31	19.70	15.06	14.47	9.03	6.43
2021.518	39.67	7.23	19.75	15.04	14.52	9.02	6.43
2021.521	39.69	7.08	19.86	15.05	14.51	9.01	6.43
2021.523	39.71	7.00	19.92	15.07	14.51	9.00	6.43
2021.526	39.73	6.92	19.97	15.15	14.44	8.99	6.44
2021.529	39.76	6.92	19.94	15.80	13.79	8.98	6.44
2021.532	39.80	6.89	19.94	16.12	13.47	8.98	6.43
2021.534	39.82	6.88	19.94	16.17	13.42	8.98	6.43
2021.537	39.85	6.86	19.96	16.07	13.51	8.98	6.37
2021.540	39.87	6.88	19.93	15.98	13.60	8.97	6.30
2021.542	39.89	6.85	19.94	15.86	13.70	8.97	6.23
2021.545	39.91	6.84	19.94	15.77	13.76	9.01	6.16
2021.548	39.96	6.81	19.95	15.66	13.82	9.03	6.09
2021.551	39.98	6.81	19.93	15.55	13.91	9.05	6.04
2021.553	40.00	6.80	19.93	15.45	13.97	9.08	6.00
2021.556	40.03	6.79	19.93	15.36	14.04	9.10	5.95
2021.559	40.05	6.79	19.92	15.24	14.11	9.14	5.91
2021.562	40.05	6.85	19.87	15.15	14.10	9.24	5.87
2021.564	40.05	6.87	19.85	15.09	14.15	9.23	5.83
2021.567	40.05	6.90	19.83	15.09	14.15	9.23	5.81
2021.570	40.05	6.93	19.83	15.08	14.13	9.24	5.82
2021.573	40.01	7.03	19.78	15.08	14.10	9.26	5.83
2021.575	39.90	7.17	19.76	15.08	14.07	9.29	5.83
2021.578	39.83	7.27	19.74	15.08	14.04	9.31	5.83
2021.581	39.77	7.36	19.63	15.18	14.02	9.32	5.84
2021.584	39.70	7.49	19.45	15.30	14.01	9.33	5.84
2021.586	39.63	7.58	19.30	15.44	13.99	9.34	5.85
2021.589	39.57	7.68	19.22	15.51	13.97	9.35	5.85
2021.592	39.43	7.84	19.20	15.50	13.95	9.35	5.87
2021.595	39.37	7.96	19.15	15.51	13.94	9.25	5.97
2021.597	39.30	8.06	19.13	15.52	13.93	9.16	6.07
2021.600	39.24	8.16	19.11	15.51	13.92	9.16	6.08
2021.603	39.17	8.25	18.96	15.64	13.90	9.17	6.08
2021.605	39.04	8.44	18.90	15.66	13.89	9.17	6.08
2021.608	38.98	8.53	18.88	15.66	13.88	9.18	6.09
2021.611	38.91	8.63	18.85	15.67	13.87	9.18	6.10
2021.614	38.84	8.72	18.85	15.66	13.85	9.19	6.10
2021.616	38.78	8.85	18.93	15.53	13.84	9.20	6.09
2021.619	38.65	9.00	18.91	15.53	13.83	9.20	6.09
2021.622	38.58	9.10	18.89	15.60	13.75	9.21	6.08
2021.625	38.51	9.20	18.87	15.57	13.77	9.21	6.07
2021.627	38.44	9.32	18.82	15.53	13.79	9.22	6.06
2021.630	38.38	9.42	18.87	15.46	13.78	9.22	6.06
2021.633	38.36	9.46	18.85	15.47	13.77	9.23	6.05
2021.636	38.41	9.45	18.80	15.50	13.75	9.23	6.05
2021.638	38.43	9.49	18.72	15.53	13.74	9.24	6.04
2021.641	38.45	9.49	18.69	15.55	13.73	9.24	6.04
2021.644	38.47	9.50	18.67	15.55	13.71	9.25	6.03
2021.647	38.49	9.51	18.64	15.55	13.70	9.25	6.02
2021.649	38.51	9.53	18.62	15.55	13.65	9.30	6.02
2021.652	38.55	9.48	18.63	15.55	13.56	9.39	6.02
2021.655	38.57	9.46	18.64	15.56	13.53	9.40	6.02
2021.658	38.58	9.45	18.66	15.55	13.51	9.40	6.02
2021.660	38.60	9.43	18.70	15.53	13.49	9.40	6.02
2021.663	38.60	9.44	18.72	15.52	13.47	9.41	6.02
2021.666	38.59	9.45	18.75	15.50	13.45	9.41	6.02
2021.668	38.58	9.45	18.79	15.47	13.43	9.41	6.03
2021.671	38.57	9.46	18.69	15.58	13.42	9.41	6.04
2021.674	38.56	9.54	18.64	15.58	13.40	9.39	6.06
2021.677	38.55	9.68	18.43	15.66	13.38	9.38	6.08
2021.679	38.54	9.76	18.37	15.66	13.36	9.36	6.10
2021.682	38.53	9.91	18.27	15.63	13.36	9.32	6.13
2021.685	38.53	9.98	18.24	15.61	13.40	9.24	6.15
2021.688	38.52	10.06	18.19	15.59	13.44	9.17	6.17
2021.690	38.50	10.30	17.81	15.77	13.47	9.10	6.19
2021.693	38.49	10.59	17.43	15.89	13.48	9.06	6.22
2021.696	38.48	10.84	17.09	15.98	13.47	9.03	6.23
2021.699	38.48	10.88	17.06	16.00	13.46	9.00	6.27
2021.701	38.47	10.91	17.03	15.83	13.63	8.98	6.29
2021.704	38.60	10.85	16.98	15.81	13.64	8.96	6.31
2021.707	38.68	10.79	16.95	15.84	13.61	8.94	6.33
2021.710	38.77	10.73	16.92	15.88	13.56	8.93	6.33
2021.712	38.86	10.67	16.89	15.91	13.53	8.93	6.34
2021.715	38.95	10.64	16.84	15.94	13.50	8.93	6.34
2021.718	39.04	10.58	16.81	15.97	13.47	8.93	6.33
2021.721	39.12	10.52	16.78	16.00	13.43	8.94	6.33
2021.723	39.17	10.51	16.75	16.03	13.40	8.94	6.33
2021.726	39.15	10.58	16.70	16.06	13.37	8.94	6.32
2021.729	39.12	10.64	16.67	16.09	13.34	8.94	6.32
2021.732	39.07	10.72	16.64	16.12	13.30	8.95	6.32
2021.734	39.04	10.78	16.61	16.12	13.30	8.95	6.31
2021.737	39.01	10.87	16.55	16.14	13.28	8.95	6.31
2021.740	38.94	10.97	16.52	16.15	13.27	8.89	6.37
2021.742	38.91	11.04	16.49	16.16	13.25	8.79	6.48
2021.745	38.84	11.14	16.37	16.30	13.18	8.79	6.49
2021.748	38.80	11.23	16.22	16.49	13.08	8.79	6.49
2021.751	38.77	11.29	16.38	16.34	12.99	8.84	6.50
2021.753	38.70	11.40	16.43	16.29	12.86	8.92	6.51
2021.756	38.66	11.46	16.53	16.15	12.80	9.00	6.52
2021.759	38.62	11.52	16.63	15.89	12.85	9.07	6.52
2021.762	38.55	11.61	16.73	15.77	12.86	9.06	6.53
2021.764	38.52	11.68	16.83	15.66	12.88	9.02	6.54
2021.767	38.48	11.74	16.81	15.66	12.93	8.95	6.55
2021.770	38.41	11.78	16.85	15.66	12.95	8.92	6.55
2021.773	38.38	11.74	16.94	15.66	12.97	8.88	6.56
2021.775	38.34	11.74	16.98	15.67	12.99	8.85	6.57
2021.778	38.27	11.73	17.06	15.68	13.01	8.79	6.57
2021.781	38.24	11.73	17.11	15.68	12.99	8.79	6.58
2021.784	38.20	11.69	17.19	15.67	12.99	8.80	6.60
2021.786	38.19	11.67	17.23	15.67	12.98	8.80	6.60
2021.789	38.17	11.61	17.32	15.54	13.09	8.80	6.60
2021.792	38.16	11.58	17.36	15.47	13.15	8.81	6.60
2021.795	38.15	11.52	17.45	15.34	13.23	8.85	6.60
2021.797	38.15	11.49	17.49	15.38	12.97	9.06	6.60
2021.800	38.14	11.42	17.58	15.42	13.15	8.84	6.60
2021.803	38.13	11.40	17.62	15.46	13.10	8.84	6.60
2021.805	38.12	11.34	17.69	15.49	13.06	8.85	6.60
2021.808	38.11	11.37	17.68	15.57	12.96	8.86	6.60
2021.811	38.10	11.38	17.69	15.61	12.91	8.87	6.60
2021.814	38.09	11.40	17.68	15.61	12.89	8.88	6.60
2021.816	38.08	11.43	17.67	15.59	12.90	8.88	6.60
2021.819	38.07	11.46	17.96	15.26	12.92	8.89	6.60
2021.822	38.05	11.48	17.67	15.54	12.92	8.90	6.60
2021.825	38.04	11.51	17.67	15.50	12.94	8.91	6.60
2021.827	38.01	11.54	17.67	15.48	12.94	8.92	6.61
2021.830	38.00	11.57	17.66	15.52	12.90	8.92	6.60
2021.833	37.98	11.59	17.67	15.54	12.85	8.93	6.61
2021.836	37.97	11.62	17.67	15.40	12.97	8.95	6.60
2021.838	37.95	11.63	17.67	15.38	12.99	8.95	6.60
2021.841	37.94	11.66	17.70	15.31	13.01	8.96	6.60
2021.844	37.92	11.68	17.85	15.14	13.01	9.11	6.46
2021.847	37.89	11.71	18.17	14.87	12.96	9.19	6.39
2021.849	37.88	11.74	18.17	14.91	12.89	9.20	6.39
2021.852	37.87	11.76	18.17	14.83	12.96	9.20	6.39
2021.855	37.85	11.79	18.15	14.85	12.96	9.19	6.40
2021.858	37.84	11.81	18.15	14.86	12.97	9.17	6.40
2021.860	37.82	11.84	18.14	14.89	12.96	9.15	6.39
2021.863	37.79	11.87	18.13	14.90	12.98	9.11	6.39
2021.866	37.78	11.90	18.12	14.75	13.15	9.09	6.38
2021.868	37.76	11.92	18.11	14.78	13.14	9.08	6.38
2021.871	37.75	11.96	18.09	14.80	13.14	9.06	6.38
2021.874	37.74	11.97	18.09	14.83	13.15	9.02	6.37
2021.877	37.72	11.95	18.13	14.85	13.14	9.00	6.37
2021.879	37.69	11.89	18.21	14.88	13.13	8.98	6.36
2021.882	37.68	11.86	18.25	14.90	13.13	8.96	6.36
2021.885	37.66	11.83	18.31	14.95	13.12	8.92	6.36
2021.888	37.64	11.78	18.38	14.95	13.14	8.91	6.35
2021.890	37.62	11.74	18.58	14.79	13.16	8.89	6.35
2021.893	37.60	11.72	18.61	14.80	13.18	8.87	6.35
2021.896	37.58	11.69	18.63	14.83	13.22	8.83	6.34
2021.899	37.54	11.66	18.69	14.83	13.25	8.81	6.34
2021.901	37.52	11.62	18.71	14.86	13.27	8.79	6.33
2021.904	37.50	11.60	18.61	14.99	13.30	8.77	6.33
2021.907	37.48	11.54	18.46	15.23	13.34	8.74	6.33
2021.910	37.46	11.52	18.50	15.22	13.36	8.72	6.32
2021.912	37.44	11.49	18.56	15.21	13.38	8.70	6.32
2021.915	37.40	11.55	18.55	15.19	13.41	8.68	6.32
2021.918	37.38	11.64	18.48	15.18	13.45	8.64	6.31
2021.921	37.36	11.70	18.45	15.17	13.47	8.62	6.31
2021.923	37.32	11.77	18.44	15.15	13.50	8.60	6.30
2021.926	37.29	11.89	18.36	15.14	13.52	8.58	6.30
2021.929	37.25	11.96	18.33	15.15	13.53	8.55	6.30
2021.932	37.21	12.04	18.30	15.11	13.59	8.53	6.29
2021.934	37.14	12.22	18.18	15.12	13.61	8.51	6.29
2021.937	37.10	12.31	18.10	15.15	13.63	8.49	6.29
2021.940	37.06	12.39	18.02	15.17	13.67	8.45	6.28
2021.942	37.03	12.48	17.92	15.22	13.70	8.43	6.28
2021.945	36.99	12.62	17.81	15.23	13.72	8.42	6.27
2021.948	36.95	12.71	17.82	15.15	13.73	8.41	6.27
2021.951	36.88	12.83	17.76	15.16	13.73	8.41	6.27
2021.953	36.84	12.84	17.75	15.19	13.74	8.41	6.26
2021.956	36.80	12.62	18.03	15.16	13.74	8.41	6.26
2021.959	36.77	12.40	18.40	15.05	13.75	8.41	6.26
2021.962	36.73	12.18	18.74	14.97	13.75	8.41	6.25
2021.964	36.69	11.95	19.00	14.97	13.75	8.41	6.25
2021.967	36.68	11.71	19.21	15.01	13.76	8.41	6.24
2021.970	36.69	11.43	19.38	15.10	13.76	8.41	6.24
2021.973	36.70	11.16	19.59	15.15	13.75	8.41	6.24
2021.975	36.71	10.89	19.76	15.25	13.74	8.41	6.23
2021.978	36.72	10.62	19.98	15.32	13.72	8.41	6.23
2021.981	36.73	10.35	20.14	15.42	13.71	8.41	6.23
2021.984	36.74	9.95	20.50	15.54	13.63	8.41	6.22
2021.986	36.76	9.69	20.72	15.92	13.28	8.41	6.22
2021.989	36.77	9.48	20.90	16.21	13.00	8.41	6.21
2021.992	36.78	9.50	20.72	16.36	13.00	8.40	6.22
2021.995	36.79	9.52	20.59	16.46	13.00	8.38	6.23
2021.997	36.80	9.54	20.51	16.51	13.00	8.37	6.24
2022.000	36.81	9.57	20.43	16.56	13.00	8.35	6.26
2022.003	36.94	9.47	20.36	16.58	13.00	8.34	6.27
2022.005	37.04	9.43	20.27	16.61	13.00	8.33	6.27
2022.008	37.15	9.39	20.20	16.61	13.00	8.34	6.26
2022.011	37.25	9.39	20.16	16.55	13.00	8.34	6.26
2022.014	37.44	9.57	19.83	16.51	13.00	8.34	6.25
2022.016	37.51	9.74	19.62	16.49	13.00	8.34	6.25
2022.019	37.53	9.97	19.30	16.56	13.00	8.34	6.24
2022.022	37.53	10.22	19.02	16.59	13.00	8.34	6.24
2022.025	37.53	10.45	18.70	16.67	13.00	8.34	6.23
2022.027	37.54	10.69	18.48	16.65	13.00	8.34	6.23
2022.030	37.55	10.92	18.25	16.64	13.00	8.34	6.22
2022.033	37.56	11.15	18.02	16.62	13.00	8.34	6.22
2022.036	37.49	11.47	17.79	16.61	13.00	8.34	6.21
2022.038	37.45	11.75	17.57	16.48	13.11	8.35	6.21
2022.041	37.41	11.92	17.46	16.24	13.33	8.35	6.21
2022.044	37.36	11.95	17.47	16.11	13.47	8.35	6.20
2022.047	37.32	11.98	17.34	16.25	13.46	8.35	6.20
2022.049	37.28	12.01	17.26	16.36	13.44	8.35	6.19
2022.052	37.20	12.08	17.27	16.37	13.43	8.35	6.18
2022.055	37.15	12.12	17.28	16.38	13.42	8.35	6.18
2022.058	37.11	12.14	17.30	16.39	13.41	8.35	6.18
2022.060	37.05	12.18	17.11	16.60	13.40	8.35	6.17
2022.063	37.00	12.23	16.96	16.78	13.39	8.35	6.17
2022.066	36.96	12.25	16.88	16.88	13.38	8.35	6.16
2022.068	36.97	12.24	16.86	16.91	13.37	8.36	6.16
2022.071	36.98	12.22	16.81	16.98	13.32	8.40	6.15
2022.074	36.98	12.20	16.80	17.03	13.26	8.44	6.14
2022.077	36.99	12.17	16.79	17.07	13.22	8.48	6.13
2022.079	37.00	12.15	16.77	17.10	13.17	8.52	6.13
2022.082	37.00	12.14	16.75	17.07	13.19	8.56	6.12
2022.085	37.00	12.13	16.74	17.06	13.20	8.60	6.11
2022.088	36.99	12.13	16.72	17.00	13.25	8.64	6.10
2022.090	36.99	12.12	16.70	16.97	13.26	8.69	6.10
2022.093	36.99	12.10	16.69	17.01	13.25	8.69	6.08
2022.096	36.99	12.09	16.67	17.00	13.30	8.68	6.08
2022.099	36.99	12.07	16.67	16.99	13.35	8.68	6.07
2022.101	36.99	12.03	16.68	16.87	13.50	8.68	6.06
2022.104	36.99	11.99	16.69	16.85	13.56	8.67	6.05
2022.107	36.99	11.95	16.70	16.93	13.52	8.68	6.03
2022.110	36.98	11.92	16.71	16.93	13.55	8.66	6.03
2022.112	36.97	11.90	16.71	16.87	13.65	8.66	6.02
2022.115	36.96	11.82	16.74	16.88	13.70	8.64	6.02
2022.118	36.95	11.79	16.80	16.82	13.75	8.64	6.01
2022.121	36.93	11.77	16.79	16.84	13.79	8.63	6.00
2022.123	36.92	11.74	16.78	16.89	13.81	8.62	6.00
2022.126	36.91	11.72	16.79	16.91	13.82	8.64	5.97
2022.129	36.89	11.71	16.78	16.94	13.83	8.65	5.94
2022.132	36.87	11.76	16.66	17.03	13.84	8.65	5.93
2022.134	36.85	11.79	16.59	17.07	13.86	8.65	5.91
2022.137	36.84	11.82	16.53	17.12	13.87	8.68	5.87
2022.140	36.81	11.86	16.45	17.17	13.90	8.68	5.84
2022.142	36.80	11.90	16.38	17.22	13.99	8.57	5.86
2022.145	36.78	11.93	16.26	17.32	14.05	8.52	5.85
2022.148	36.77	11.92	16.18	17.42	14.05	8.55	5.81
2022.151	36.74	11.91	16.20	17.42	14.06	8.59	5.77
2022.153	36.69	11.93	16.19	17.46	14.07	8.60	5.76
2022.156	36.66	11.92	16.18	17.45	14.12	8.61	5.73
2022.159	36.62	11.93	16.04	17.63	14.11	8.75	5.59
2022.162	36.59	11.91	16.12	17.59	14.12	8.79	5.54
2022.164	36.56	11.92	16.13	17.59	14.14	8.83	5.50
2022.167	36.52	11.93	16.11	17.61	14.18	8.86	5.46
2022.170	36.48	11.93	16.12	17.61	14.19	8.90	5.43
2022.173	36.45	11.93	16.37	17.37	14.21	8.89	5.48
2022.175	36.41	11.93	16.44	17.32	14.23	8.88	5.49
2022.178	36.38	11.91	16.50	17.29	14.25	8.86	5.50
2022.181	36.35	11.91	16.52	17.26	14.29	8.82	5.53
2022.184	36.31	11.92	16.55	17.25	14.30	8.81	5.54
2022.186	36.25	11.95	16.56	17.25	14.36	8.76	5.54
2022.189	36.22	12.00	16.52	17.26	14.43	8.70	5.55
2022.192	36.18	12.06	16.47	17.27	14.49	8.61	5.60
2022.195	36.21	12.06	16.40	17.26	14.59	8.52	5.62
2022.197	36.29	12.00	16.36	17.27	14.66	8.49	5.60
2022.200	36.37	11.94	16.28	17.24	14.78	8.46	5.58
2022.203	36.54	11.79	16.24	17.13	14.99	8.40	5.57
2022.205	36.59	11.77	16.18	17.23	14.96	8.37	5.56
2022.208	36.64	11.75	16.12	17.30	14.97	8.33	5.55
2022.211	36.67	11.75	16.06	17.33	15.03	8.27	5.54
2022.214	36.72	11.76	15.97	17.33	15.10	8.24	5.53
2022.216	36.75	11.76	15.91	17.34	15.16	8.21	5.51
2022.219	36.73	11.82	15.85	17.35	15.18	8.22	5.50
2022.222	36.72	11.86	15.79	17.36	15.20	8.20	5.51
2022.225	36.71	11.90	15.73	17.35	15.20	8.22	5.52
2022.227	36.68	11.94	15.68	17.36	15.19	8.24	5.53
2022.230	36.67	11.89	15.71	17.37	15.19	8.25	5.54
2022.233	36.66	11.79	15.80	17.38	15.18	8.27	5.55
2022.236	36.64	11.75	15.83	17.39	15.18	8.27	5.51
2022.238	36.63	11.71	15.86	17.38	15.19	8.29	5.46
2022.241	36.62	11.60	15.92	17.42	15.19	8.30	5.46
2022.244	36.60	11.57	15.94	17.43	15.18	8.30	5.47
2022.247	36.59	11.46	16.03	17.44	15.18	8.32	5.48
2022.249	36.58	11.42	16.06	17.46	15.13	8.36	5.48
2022.252	36.58	11.35	16.09	17.49	15.11	8.39	5.47
2022.255	36.60	11.22	16.17	17.51	15.09	8.41	5.47
2022.258	36.61	11.15	16.20	17.54	15.07	8.44	5.46
2022.260	36.63	11.08	16.23	17.56	15.03	8.48	5.45
2022.263	36.64	10.95	16.32	17.59	15.03	8.49	5.45
2022.266	36.65	10.88	16.35	17.61	15.01	8.51	5.44
2022.268	36.67	10.81	16.33	17.69	14.99	8.54	5.43
2022.271	36.61	10.75	16.39	17.74	14.95	8.59	5.43
2022.274	36.55	10.69	16.51	17.71	14.96	8.61	5.42
2022.277	36.48	10.52	16.73	17.66	14.99	8.64	5.42
2022.279	36.42	10.53	16.78	17.55	15.12	8.63	5.41
2022.282	36.33	10.75	16.64	17.51	15.23	8.58	5.40
2022.285	36.24	10.79	16.68	17.50	15.30	8.53	5.39
2022.288	36.13	10.88	16.64	17.53	15.37	8.47	5.39
2022.290	36.07	10.93	16.65	17.51	15.45	8.42	5.39
2022.293	36.07	10.91	16.67	17.49	15.48	8.39	5.39
2022.296	36.06	10.93	16.67	17.45	15.53	8.38	5.38
2022.299	36.06	10.94	16.66	17.51	15.48	8.37	5.38
2022.301	36.06	10.95	16.65	17.55	15.45	8.36	5.38
2022.304	36.04	10.97	16.65	17.64	15.37	8.34	5.38
2022.307	36.04	10.98	16.64	17.72	15.29	8.33	5.38
2022.310	36.04	10.98	16.63	17.78	15.25	8.32	5.38
2022.312	36.03	11.00	16.63	17.77	15.26	8.31	5.38
2022.315	36.03	11.01	16.62	17.77	15.27	8.29	5.38
2022.318	36.03	11.01	16.68	17.71	15.25	8.31	5.38
2022.321	36.02	11.03	17.22	17.49	14.86	8.35	5.39
2022.323	36.02	11.04	17.28	17.47	14.77	8.34	5.44
2022.326	36.02	11.04	17.30	17.55	14.62	8.40	5.42
2022.329	36.02	11.05	17.27	17.63	14.51	8.45	5.42
2022.332	36.00	11.07	17.24	17.66	14.52	8.44	5.42
2022.334	36.00	11.08	17.21	17.67	14.55	8.40	5.44
2022.337	36.00	11.08	17.15	17.72	14.57	8.35	5.37
2022.340	35.99	11.10	17.12	17.74	14.60	8.32	5.29
2022.342	35.99	11.11	17.08	17.76	14.62	8.27	5.28
2022.345	35.98	11.12	17.05	17.90	14.52	8.22	5.31
2022.348	35.97	11.14	17.11	17.78	14.61	8.20	5.32
2022.351	35.98	11.14	17.13	17.68	14.69	8.18	5.32
2022.353	35.98	11.14	17.20	17.61	14.71	8.16	5.33
2022.356	35.97	11.16	17.22	17.57	14.74	8.14	5.33
2022.359	35.96	11.17	17.15	17.63	14.78	8.11	5.34
2022.362	35.96	11.18	17.21	17.57	14.78	8.10	5.34
2022.364	35.95	11.19	17.20	17.57	14.82	8.13	5.27
2022.367	35.95	11.21	17.18	17.57	14.85	8.18	5.18
2022.370	35.95	11.21	17.17	18.08	14.36	8.26	5.08
2022.373	35.93	11.24	17.15	18.11	14.35	8.38	4.92
2022.375	35.92	11.25	17.14	18.09	14.40	8.38	4.88
2022.378	35.91	11.27	17.13	18.25	14.26	8.39	4.83
2022.381	35.89	11.29	17.12	18.24	14.30	8.38	4.98
2022.384	35.88	11.31	17.10	18.23	14.26	8.44	5.05
2022.386	35.87	11.33	17.09	18.23	14.25	8.48	4.86
2022.389	35.85	11.35	16.94	18.35	14.24	8.52	4.75
2022.392	35.83	11.38	16.72	18.66	14.12	8.57	4.76
2022.395	35.82	11.39	16.49	18.76	14.20	8.58	4.79
2022.397	35.81	11.41	16.44	18.82	14.11	8.54	4.94
2022.400	35.79	11.43	16.43	18.89	13.97	8.56	4.89
2022.403	35.80	11.43	16.43	18.90	13.89	8.63	4.81
2022.405	35.80	11.43	16.42	18.88	13.90	8.64	4.80
2022.408	35.81	11.43	16.42	18.93	13.84	8.66	4.79
2022.411	35.82	11.44	16.40	18.93	13.83	8.68	4.77
2022.414	35.82	11.44	16.40	18.93	13.80	8.71	4.74
2022.416	35.83	11.44	16.39	18.95	13.76	8.70	4.75
2022.419	35.83	11.44	16.39	19.00	13.69	8.66	4.78
2022.422	35.84	11.44	16.38	19.06	13.62	8.68	4.75
2022.425	35.85	11.44	16.38	19.11	13.55	8.72	4.72
2022.427	35.85	11.43	16.37	19.16	13.47	8.52	4.94
2022.430	35.86	11.43	16.37	19.20	13.40	8.55	4.92
2022.433	35.86	11.43	16.36	19.18	13.39	8.58	4.90
2022.436	35.87	11.44	16.35	19.15	13.38	8.63	4.88
2022.438	35.88	11.44	16.34	19.11	13.38	8.66	4.87
2022.441	35.88	11.44	16.34	19.22	13.25	8.69	4.85
2022.444	35.89	11.44	16.33	19.33	13.11	8.72	4.83
2022.447	35.89	11.44	16.33	19.44	12.98	8.74	4.82
2022.449	35.90	11.44	16.32	19.55	13.05	8.52	4.83
2022.452	35.91	11.44	16.32	19.48	13.30	8.30	4.87
2022.455	35.91	11.44	16.31	19.38	13.21	8.46	4.89
2022.458	35.92	11.44	16.30	19.29	13.10	8.67	4.90
2022.460	35.93	11.39	16.38	19.15	13.20	8.67	4.91
2022.463	35.93	11.21	16.59	18.93	13.43	8.64	4.92
2022.466	35.94	11.02	16.78	18.91	13.43	8.69	4.89
2022.468	35.95	10.83	16.92	18.98	13.40	8.74	4.88
2022.471	35.95	10.64	17.13	18.97	13.34	8.79	4.88
2022.474	35.96	10.50	17.26	19.03	13.44	8.65	4.89
2022.477	35.96	10.40	17.32	19.08	13.50	8.58	4.93
2022.479	35.97	10.35	17.39	19.01	13.62	8.51	4.94
2022.482	35.98	10.29	17.52	18.84	13.75	8.48	4.95
2022.485	35.98	10.26	17.62	18.72	13.87	8.41	4.96
2022.488	35.99	10.26	17.52	18.82	13.91	8.38	5.00
2022.490	35.99	10.25	17.38	18.96	13.99	8.31	5.09
2022.493	36.00	10.24	17.24	19.10	14.06	8.13	5.25
2022.496	36.01	10.23	17.22	19.13	14.10	8.08	5.32
2022.499	36.01	10.22	17.19	19.16	14.18	8.14	5.24
2022.501	36.02	10.21	17.17	19.19	14.11	8.22	5.32
2022.504	36.02	10.21	17.14	19.21	13.71	8.76	5.23
2022.507	36.03	10.20	17.11	19.24	13.51	8.96	5.30
2022.510	36.04	10.19	17.09	19.27	13.31	9.15	5.36
2022.512	36.04	10.18	17.09	19.27	13.26	9.20	5.41
2022.515	36.05	10.17	17.11	19.25	13.27	9.18	5.44
2022.518	36.06	10.16	17.14	19.22	13.29	9.15	5.47
2022.521	36.07	10.15	17.17	19.18	13.33	9.13	5.53
2022.523	36.07	10.14	17.19	19.11	13.39	9.10	5.64
2022.526	36.08	10.13	17.23	18.99	13.52	9.06	5.65
2022.529	36.08	10.13	17.33	18.90	13.53	9.04	5.61
2022.532	36.09	10.12	17.47	18.79	13.51	9.03	5.57
2022.534	36.10	10.11	17.38	18.92	13.50	9.02	5.53
2022.537	36.10	10.10	17.34	19.00	13.49	9.01	5.72
2022.540	36.11	10.09	17.36	19.02	13.46	9.00	5.78
2022.542	36.11	10.08	17.39	19.00	13.47	8.99	5.78
2022.545	36.12	10.08	17.16	19.22	13.51	8.96	5.89
2022.548	36.13	10.07	17.10	19.29	13.53	8.95	5.97
2022.551	36.13	10.06	17.11	19.28	13.55	8.94	6.10
2022.553	36.14	10.05	17.13	19.01	13.83	8.92	6.11
2022.556	36.14	10.04	17.15	19.02	13.81	8.94	6.08
2022.559	36.15	10.05	17.15	19.04	13.80	8.93	6.07
2022.562	36.16	10.06	17.13	19.07	13.78	8.92	6.07
2022.564	36.16	10.08	17.13	19.09	13.78	8.89	6.07
2022.567	36.17	10.09	17.19	19.08	13.72	8.88	6.07
2022.570	36.17	10.11	17.11	19.19	13.69	8.87	6.07
2022.573	36.18	10.12	17.11	19.17	13.71	8.86	6.07
2022.575	36.19	10.13	17.10	19.20	13.69	8.86	6.06
2022.578	36.20	10.17	17.06	19.22	13.68	8.85	6.06
2022.581	36.17	10.17	17.08	19.23	13.70	8.84	6.06
2022.584	36.08	10.21	17.04	19.28	13.78	8.81	6.05
2022.586	36.00	10.24	16.99	19.35	13.82	8.78	6.07
2022.589	35.94	10.26	16.95	19.44	13.84	8.73	6.12
2022.592	35.95	10.21	16.97	19.45	13.85	8.67	6.16
2022.595	35.95	10.22	16.97	19.44	13.87	8.61	6.21
2022.597	35.96	10.32	16.90	19.41	13.89	8.58	6.23
2022.600	35.97	10.36	16.86	19.40	13.91	8.56	6.24
2022.603	35.97	10.54	16.70	19.37	13.95	8.52	6.25
2022.605	35.98	10.75	16.50	19.36	13.96	8.50	6.26
2022.608	35.99	10.96	16.31	19.33	13.98	8.48	6.27
2022.611	35.99	11.17	16.09	19.33	14.00	8.46	6.27
2022.614	36.00	11.53	15.76	19.29	14.02	8.44	6.28
2022.616	36.01	11.43	15.92	19.22	14.04	8.42	6.29
2022.619	36.02	11.34	16.05	19.18	14.01	8.44	6.30
2022.622	36.02	11.24	16.17	19.14	13.65	8.80	6.31
2022.625	36.03	11.15	16.19	19.21	13.47	8.98	6.32
2022.627	36.04	11.05	16.31	19.19	13.11	9.34	6.32
2022.630	36.04	10.96	16.41	19.17	13.06	9.38	6.34
2022.633	36.05	10.86	16.53	19.14	13.09	9.34	6.35
2022.636	36.06	10.76	16.63	19.13	13.12	9.32	6.35
2022.638	36.07	10.66	16.75	19.10	13.15	9.28	6.36
2022.641	36.08	10.57	16.85	19.09	13.18	9.25	6.37
2022.644	36.08	10.47	16.97	19.06	13.21	9.22	6.39
2022.647	36.09	10.38	17.07	19.04	13.01	9.42	6.40
2022.649	36.10	10.28	17.19	19.02	12.74	9.69	6.41
2022.652	36.11	10.16	17.32	19.00	12.59	9.84	6.42
2022.655	36.11	10.13	17.37	18.72	12.84	9.83	6.43
2022.658	36.12	10.09	17.41	18.66	12.89	9.83	6.44
2022.660	36.13	10.06	17.43	18.66	12.88	9.83	6.46
2022.663	36.13	10.03	17.45	18.69	12.86	9.80	6.49
2022.666	36.14	10.01	17.31	18.85	12.86	9.78	6.52
2022.668	36.15	10.01	16.60	19.57	12.85	9.76	6.56
2022.671	36.15	10.01	16.55	19.61	12.84	9.69	6.63
2022.674	36.16	10.00	16.52	19.65	12.83	9.71	6.60
2022.677	36.17	10.00	16.50	19.68	12.82	9.72	6.51
2022.679	36.18	9.99	16.47	19.72	12.81	9.73	6.42
2022.682	36.18	9.99	16.44	19.76	12.82	9.72	6.33
2022.685	36.19	9.98	16.42	19.78	12.99	9.55	6.25
2022.688	36.20	9.98	16.39	19.83	13.23	9.31	6.08
2022.690	36.20	9.97	16.43	19.79	13.49	9.06	5.98
2022.693	36.21	9.97	16.54	19.69	13.68	8.87	5.92
2022.696	36.22	9.96	16.66	19.58	13.63	8.93	5.80
2022.699	36.23	9.95	16.77	19.47	13.59	8.98	5.71
2022.701	36.24	9.95	16.82	19.43	13.55	9.02	5.62
2022.704	36.24	9.94	16.93	19.33	13.51	9.07	5.56
2022.707	36.25	9.94	17.04	19.22	13.46	9.13	5.55
2022.710	36.26	9.93	17.15	19.12	13.42	9.18	5.53
2022.712	36.27	9.93	17.21	19.07	13.39	9.21	5.51
2022.715	36.27	9.93	17.29	19.00	13.34	9.28	5.48
2022.718	36.28	9.92	17.28	19.01	13.29	9.33	5.47
2022.721	36.29	9.91	17.28	19.03	13.24	9.38	5.45
2022.723	36.29	9.90	17.28	19.04	13.22	9.41	5.43
2022.726	36.30	9.88	17.28	19.06	13.16	9.46	5.42
2022.729	36.31	9.87	17.28	19.08	13.12	9.52	5.40
2022.732	36.31	9.86	17.28	19.09	13.09	9.32	5.61
2022.734	36.32	9.85	17.27	19.11	13.06	9.29	5.66
2022.737	36.33	9.83	17.28	19.12	13.10	9.24	5.66
2022.740	36.34	9.82	17.27	19.15	13.14	9.19	5.65
2022.742	36.34	9.81	17.30	19.13	13.18	9.19	5.61
2022.745	36.35	9.81	17.63	18.80	13.23	9.22	5.52
2022.748	36.36	9.80	17.79	18.63	13.27	9.22	5.47
2022.751	36.36	9.80	17.97	18.44	13.32	9.21	5.43
2022.753	36.37	9.79	17.94	18.48	13.37	9.21	5.38
2022.756	36.38	9.78	17.96	18.46	13.42	9.24	5.29
2022.759	36.39	9.78	18.12	18.29	13.47	9.24	5.25
2022.762	36.40	9.79	18.12	18.27	13.52	9.23	5.20
2022.764	36.41	9.80	18.12	18.08	13.74	9.21	5.18
2022.767	36.41	9.81	18.11	18.04	13.72	9.26	5.17
2022.770	36.42	9.82	18.11	18.01	13.69	9.31	5.17
2022.773	36.43	9.85	18.08	18.17	13.49	9.35	5.16
2022.775	36.43	9.86	18.08	18.22	13.39	9.40	5.15
2022.778	36.44	9.87	18.08	18.20	13.36	9.43	5.14
2022.781	36.45	9.88	18.07	18.19	13.31	9.48	5.13
2022.784	36.46	9.88	18.13	18.12	13.27	9.54	5.13
2022.786	36.49	9.86	18.19	18.04	12.85	9.95	5.12
2022.789	36.53	9.84	18.25	17.96	12.79	10.03	5.11
2022.792	36.57	9.84	18.25	17.93	12.79	10.03	5.10
2022.795	36.60	9.82	18.24	17.87	12.84	10.02	5.09
2022.797	36.60	9.84	18.26	17.75	12.94	10.00	5.11
2022.800	36.58	9.88	18.25	17.77	12.92	9.94	5.16
2022.803	36.57	9.86	18.30	17.85	12.82	9.95	5.13
2022.805	36.56	9.87	18.32	17.83	12.83	9.97	5.11
2022.808	36.54	9.90	18.34	17.80	12.83	9.98	5.09
2022.811	36.54	9.95	18.31	17.79	12.89	9.93	5.08
2022.814	36.53	10.07	18.22	17.76	12.86	9.97	5.07
2022.816	36.53	10.11	18.20	17.75	12.85	9.98	5.06
2022.819	36.51	10.15	18.21	17.72	12.86	9.98	5.05
2022.822	36.50	10.16	18.22	17.70	12.87	9.98	5.04
2022.825	36.49	10.18	18.22	17.69	12.87	9.98	5.03
2022.827	36.48	10.20	18.24	17.66	12.91	9.95	5.03
2022.830	36.46	10.25	18.23	17.65	12.95	9.92	5.02
2022.833	36.45	10.28	18.24	17.62	13.04	9.83	5.02
2022.836	36.43	10.30	18.25	17.61	13.12	9.73	5.03
2022.838	36.41	10.32	18.20	17.64	13.17	9.67	5.05
2022.841	36.38	10.37	18.11	17.72	13.37	9.41	5.10
2022.844	36.36	10.40	17.98	17.84	13.36	9.35	5.17
2022.847	36.34	10.43	17.94	17.88	13.42	9.23	5.23
2022.849	36.31	10.48	17.93	17.88	13.45	9.21	5.21
2022.852	36.29	10.53	17.90	17.90	13.51	9.14	5.19
2022.855	36.28	10.56	17.81	18.00	13.57	9.09	5.16
2022.858	36.26	10.60	17.75	18.09	13.56	9.06	5.14
2022.860	36.22	10.65	17.70	18.12	13.65	9.01	5.12
2022.863	36.21	10.68	17.64	18.17	13.73	8.92	5.11
2022.866	36.19	10.71	17.54	18.29	13.78	8.87	5.07
2022.868	36.17	10.75	17.49	18.37	13.70	8.92	5.05
2022.871	36.14	10.82	17.41	18.45	13.39	9.21	5.04
2022.874	36.13	10.85	17.38	18.51	13.19	9.39	5.01
2022.877	36.12	10.87	17.41	18.50	13.11	9.49	4.95
2022.879	36.09	10.91	17.42	18.50	13.05	9.55	4.91
2022.882	36.09	10.93	17.45	18.47	13.00	9.60	4.87
2022.885	36.09	10.87	17.54	18.47	13.04	9.57	4.83
2022.888	36.09	10.80	17.66	18.40	13.29	9.40	4.76
2022.890	36.06	10.68	17.83	18.35	13.47	9.27	4.71
2022.893	36.06	10.60	17.95	18.33	13.48	9.26	4.67
2022.896	36.06	10.53	18.05	18.37	13.38	9.37	4.58
2022.899	36.05	10.46	18.17	18.35	13.29	9.47	4.53
2022.901	36.03	10.48	18.20	18.36	13.23	9.58	4.44
2022.904	36.03	10.46	18.28	18.34	13.57	9.25	4.38
2022.907	36.03	10.69	18.06	18.39	13.83	9.01	4.29
2022.910	36.02	10.85	17.79	18.51	13.82	9.08	4.21
2022.912	36.00	11.03	17.41	18.74	13.81	9.13	4.14
2022.915	35.98	11.32	17.03	18.86	13.80	9.20	4.06
2022.918	35.96	11.24	16.91	19.09	13.80	9.23	4.01
2022.921	35.92	11.21	16.86	19.21	13.78	9.29	3.94
2022.923	35.90	11.17	16.84	19.38	13.70	9.36	3.85
2022.926	35.88	11.11	16.95	19.37	13.68	9.39	3.81
2022.929	35.86	11.07	17.05	19.46	13.55	9.57	3.61
2022.932	35.82	11.05	17.14	19.46	13.52	9.58	3.59
2022.934	35.80	11.00	17.24	19.45	13.50	9.59	3.56
2022.937	35.78	10.96	17.36	19.41	13.47	9.64	3.50
2022.940	35.76	10.92	17.46	19.40	13.45	9.67	3.45
2022.942	35.72	10.87	17.58	19.37	13.45	9.72	3.40
2022.945	35.70	10.80	17.72	19.31	13.46	9.72	3.38
2022.948	35.68	10.75	17.90	19.18	13.48	9.74	3.35
2022.951	35.66	10.70	18.08	19.05	13.50	9.75	3.33
2022.953	35.62	10.67	18.26	18.92	13.52	9.76	3.31
2022.956	35.60	10.53	18.37	18.96	13.43	9.87	3.29
2022.959	35.58	10.48	18.34	19.04	13.36	9.97	3.26
2022.962	35.54	10.46	18.31	19.12	13.45	9.90	3.25
2022.964	35.52	10.42	18.37	19.18	13.46	9.82	3.27
2022.967	35.50	10.47	18.40	19.18	13.44	9.80	3.28
2022.970	35.48	10.52	18.48	19.12	13.38	9.81	3.30
2022.973	35.44	10.58	18.51	19.12	13.33	9.82	3.34
2022.975	35.42	10.63	18.54	19.17	12.92	10.12	3.31
2022.978	35.40	10.68	18.49	19.20	12.76	10.31	3.26
2022.981	35.38	10.72	18.46	19.21	12.59	10.48	3.29
2022.984	35.34	10.73	18.47	19.23	12.26	10.83	3.32
2022.986	35.32	10.71	18.48	19.25	12.27	10.84	3.36
2022.989	35.30	10.72	18.48	19.26	12.29	10.83	3.40
2022.992	35.26	10.79	18.43	19.28	12.32	10.82	3.44
2022.995	35.24	10.83	18.40	19.29	12.33	10.81	3.48
2022.997	35.22	10.92	18.31	19.32	12.35	10.80	3.52
2023.000	35.20	10.96	18.27	19.33	12.36	10.79	3.52
2023.003	35.16	11.03	18.22	19.12	12.62	10.77	3.45
2023.005	35.14	11.08	18.17	19.12	12.65	10.76	3.36
2023.008	35.11	11.13	18.12	19.19	12.62	10.76	3.31
2023.011	35.09	11.01	18.24	19.25	12.59	10.75	3.22
2023.014	35.09	10.92	18.32	19.31	12.58	10.73	3.12
2023.016	35.11	10.80	18.40	19.37	12.55	10.72	3.06
2023.019	35.13	10.69	18.48	19.39	12.55	10.72	3.02
2023.022	35.15	10.57	18.56	19.37	12.69	10.64	2.96
2023.025	35.17	10.45	18.64	19.33	12.71	10.67	2.97
2023.027	35.19	10.33	18.74	19.32	12.72	10.68	2.98
2023.030	35.22	10.12	18.92	19.33	12.73	10.67	2.99
2023.033	35.26	10.00	18.99	19.45	12.59	10.72	2.98
2023.036	35.30	9.96	18.99	19.48	12.62	10.67	2.99
2023.038	35.38	9.94	18.93	19.51	12.61	10.67	2.99
2023.041	35.42	9.97	18.86	19.54	12.71	10.56	3.02
2023.044	35.46	9.99	18.80	19.54	12.69	10.61	3.01
2023.047	35.51	10.01	18.73	19.54	12.65	10.67	3.02
2023.049	35.55	9.97	18.73	19.54	12.66	10.68	3.03
2023.052	35.59	9.69	18.97	19.54	12.67	10.68	3.04
2023.055	35.63	9.41	19.20	19.54	12.70	10.68	3.04
2023.058	35.67	9.14	19.44	19.54	12.67	10.74	3.07
2023.060	35.71	8.86	19.68	19.54	12.62	10.80	3.14
2023.063	35.75	8.62	19.87	19.54	12.57	10.85	3.16
2023.066	35.79	8.51	19.94	19.49	12.56	10.91	3.19
2023.068	35.83	8.38	20.03	19.48	12.52	10.96	3.19
2023.071	35.87	8.32	20.05	19.49	12.54	10.93	2.99
2023.074	35.91	8.33	20.00	19.50	12.60	10.87	2.90
2023.077	35.95	8.31	19.97	19.52	12.61	10.82	2.92
2023.079	35.99	8.30	19.94	19.53	12.63	10.74	2.96
2023.082	36.03	8.29	19.92	19.53	12.66	10.70	2.97
2023.085	36.07	8.27	19.89	19.50	12.72	10.67	2.97
2023.088	36.12	8.26	19.86	19.48	12.71	10.72	2.96
2023.090	36.16	8.27	19.80	19.46	12.64	10.80	2.96
2023.093	36.20	8.26	19.77	19.44	12.49	10.97	2.97
2023.096	36.24	8.25	19.77	19.39	12.47	10.82	3.16
2023.099	36.28	8.23	19.78	19.32	12.51	10.61	3.36
2023.101	36.32	8.22	19.78	19.27	12.54	10.61	3.36
2023.104	36.36	8.20	19.78	19.31	12.50	10.58	3.36
2023.107	36.40	8.19	19.79	19.32	12.48	10.55	3.36
2023.110	36.48	8.16	19.76	19.35	12.46	10.51	3.37
2023.112	36.52	8.15	19.77	19.32	12.48	10.48	3.37
2023.115	36.56	8.14	19.77	19.28	12.53	10.44	3.35
2023.118	36.60	8.12	19.78	19.25	12.55	10.42	3.32
2023.121	36.64	8.11	19.78	19.22	12.60	10.37	3.26
2023.123	36.69	8.09	19.78	19.19	12.62	10.39	3.19
2023.126	36.73	8.11	19.76	19.17	12.65	10.41	3.10
2023.129	36.77	8.10	19.76	19.15	12.66	10.48	2.98
2023.132	36.70	8.19	19.76	19.15	12.67	10.53	2.84
2023.134	36.63	8.30	19.76	19.14	12.68	10.55	2.78
2023.137	36.50	8.46	19.76	19.11	12.72	10.51	2.74
2023.140	36.35	8.60	19.79	19.12	12.70	10.50	2.71
2023.142	36.21	8.69	19.89	19.09	12.73	10.45	2.67
2023.145	36.07	8.78	19.97	19.07	12.73	10.42	2.67
2023.148	35.92	8.87	20.06	19.07	12.53	10.59	2.68
2023.151	35.78	8.90	20.20	19.05	12.35	10.75	2.68
2023.153	35.64	8.99	20.29	19.05	12.29	10.77	2.69
2023.156	35.51	9.06	20.37	19.04	12.28	10.75	2.70
2023.159	35.61	8.85	20.56	18.97	12.27	10.73	2.71
2023.162	35.68	8.72	20.66	18.96	12.25	10.72	2.71
2023.164	35.75	8.60	20.76	18.95	12.22	10.69	2.73
2023.167	35.80	8.44	20.96	18.88	12.22	10.65	2.77
2023.170	35.83	8.35	21.01	18.89	12.21	10.56	2.86
2023.173	35.82	8.30	21.05	18.92	12.15	10.54	2.93
2023.175	35.85	8.26	21.05	18.94	12.18	10.42	3.02
2023.178	35.89	8.24	21.06	18.91	12.21	10.41	3.00
2023.181	35.92	8.22	21.08	18.88	12.22	10.53	2.87
2023.184	35.95	8.19	21.11	18.80	12.28	10.58	2.82
2023.186	35.98	8.16	21.14	18.74	12.40	10.47	2.85
2023.189	36.01	8.14	21.16	18.70	12.48	10.38	2.88
2023.192	36.04	8.11	21.19	18.66	12.53	10.33	2.89
2023.195	36.07	8.08	21.24	18.60	12.58	10.27	2.92
2023.197	36.10	8.05	21.27	18.55	12.62	10.21	2.95
2023.200	36.09	8.06	21.26	18.51	12.71	10.16	2.97
2023.203	36.08	8.07	21.02	18.67	12.82	10.10	3.00
2023.205	36.07	8.09	20.78	18.88	12.79	10.24	2.92
2023.208	36.05	8.11	20.70	18.91	12.81	10.30	2.53
2023.211	36.04	8.12	20.67	18.92	12.80	10.34	2.55
2023.214	36.03	8.13	20.67	18.89	12.79	10.17	2.77
2023.216	36.02	8.14	20.70	18.87	12.74	10.17	2.81
2023.219	35.99	8.18	20.77	18.85	12.66	10.19	2.84
2023.222	35.92	8.25	20.80	18.84	12.60	10.20	2.88
2023.225	35.85	8.32	20.83	18.83	12.59	10.17	2.93
2023.227	35.78	8.39	20.86	18.82	12.57	10.14	2.97
2023.230	35.71	8.47	20.93	18.77	12.57	10.11	3.01
2023.233	35.70	8.48	20.96	18.73	12.58	10.08	3.05
2023.236	35.69	8.49	20.99	18.69	12.59	10.06	3.08
2023.238	35.69	8.50	21.06	18.60	12.61	10.03	3.13
2023.241	35.69	8.50	21.09	18.56	12.35	10.27	3.19
2023.244	35.69	8.50	21.11	18.53	12.32	10.26	3.24
2023.247	35.69	8.51	21.08	18.55	12.30	10.26	3.29
2023.249	35.91	8.30	21.01	18.60	12.27	10.31	3.30
2023.252	35.95	8.26	20.95	18.63	12.25	10.37	3.29
2023.255	35.85	8.38	20.68	18.89	12.23	10.46	3.30
2023.258	35.67	8.56	20.54	19.01	12.20	10.53	3.34
2023.260	35.66	8.58	20.40	19.19	12.12	10.59	3.32
2023.263	35.66	8.60	20.26	19.37	12.03	10.65	3.30
2023.266	35.66	8.61	20.10	19.25	12.27	10.70	3.22
2023.268	35.65	8.64	20.04	19.28	12.29	10.71	3.22
2023.271	35.65	8.66	20.01	19.29	12.31	10.71	3.22
2023.274	35.64	8.68	19.96	19.32	12.32	10.72	3.21
2023.277	35.64	8.71	19.93	19.34	12.34	10.74	3.18
2023.279	35.64	8.72	19.88	19.37	12.35	10.73	3.19
2023.282	35.64	8.74	19.85	19.38	12.37	10.71	3.20
2023.285	35.63	8.76	19.80	19.41	12.38	10.70	3.23
2023.288	35.63	8.80	19.75	19.42	12.40	10.69	3.24
2023.290	35.63	8.82	19.70	18.96	12.91	10.67	3.25
2023.293	35.62	8.84	19.66	19.04	12.87	10.65	3.27
2023.296	35.62	8.86	19.62	19.16	12.73	10.68	3.28
2023.299	35.61	8.89	19.57	19.24	12.66	10.69	3.30
2023.301	35.59	8.92	19.54	19.31	12.57	10.71	3.31
2023.304	35.59	8.95	19.49	19.40	12.49	10.74	3.24
2023.307	35.58	8.97	19.48	19.45	12.41	10.75	3.20
2023.310	35.58	9.00	19.48	19.45	12.34	10.75	3.22
2023.312	35.57	9.03	19.46	19.27	12.49	10.75	3.26
2023.315	35.58	9.04	19.43	19.12	12.61	10.82	3.23
2023.318	35.58	9.06	19.43	19.18	12.52	10.85	3.23
2023.321	35.57	9.08	19.49	18.89	12.72	10.85	3.24
2023.323	35.56	9.11	19.49	18.89	12.78	10.77	3.25
2023.326	35.54	9.15	19.47	18.91	12.77	10.75	3.26
2023.329	35.52	9.20	19.37	19.06	12.64	10.79	3.28
2023.332	35.51	9.23	19.33	19.25	12.41	10.84	3.30
2023.334	35.49	9.26	19.28	19.45	12.21	10.88	3.31
2023.337	35.48	9.30	19.23	19.58	12.06	10.92	3.32
2023.340	35.46	9.33	19.19	19.59	12.02	10.96	3.34
2023.342	35.44	9.36	19.17	19.60	11.98	11.00	3.38
2023.345	35.43	9.40	19.15	19.60	11.93	11.03	3.46
2023.348	35.41	9.37	19.36	19.43	11.89	11.07	3.55
2023.351	35.40	9.28	19.65	19.24	11.85	11.11	3.56
2023.353	35.39	9.23	19.75	19.20	11.82	11.13	3.57
2023.356	35.37	9.23	19.80	19.17	11.87	11.08	3.58
2023.359	35.35	9.23	19.83	19.15	11.96	10.98	3.60
2023.362	35.34	9.24	19.86	19.13	12.01	10.95	3.58
2023.364	35.32	9.24	19.89	19.11	12.05	10.93	3.57
2023.367	35.31	9.27	19.90	19.09	12.10	10.91	3.56
2023.370	35.29	9.29	19.91	19.07	12.19	10.82	3.56
2023.373	35.27	9.31	19.92	19.05	12.24	10.78	3.57
2023.375	35.26	9.34	19.82	19.14	12.29	10.73	3.59
2023.378	35.24	9.36	19.95	19.00	12.34	10.68	3.68
2023.381	35.23	9.39	19.95	18.92	12.49	10.58	3.70
2023.384	35.21	9.42	19.96	18.92	12.52	10.53	3.71
2023.386	35.20	9.43	19.97	18.94	12.53	10.47	3.72
2023.389	35.18	9.46	19.98	18.93	12.56	10.42	3.74
2023.392	35.15	9.50	19.99	18.91	12.66	10.32	3.75
2023.395	35.13	9.53	20.02	18.84	12.71	10.27	3.79
2023.397	35.11	9.55	20.04	18.79	12.81	10.19	3.83
2023.400	35.09	9.59	20.04	18.73	12.90	10.22	3.78
2023.403	35.04	9.65	20.05	18.68	13.02	10.18	3.75
2023.405	34.98	9.71	20.06	18.62	13.10	10.15	3.76
2023.408	34.90	9.80	19.87	18.76	13.19	10.12	3.76
2023.411	34.86	9.85	19.97	18.62	13.27	9.83	4.03
2023.414	34.85	9.87	20.02	18.53	13.39	9.73	4.04
2023.416	34.81	9.87	19.92	18.67	13.43	9.68	4.02
2023.419	34.80	9.85	19.69	19.18	13.23	9.63	4.02
2023.422	34.78	9.83	19.60	19.33	13.26	9.58	4.01
2023.425	34.76	9.81	19.37	19.59	13.33	9.50	4.02
2023.427	34.72	9.82	19.27	19.72	13.39	9.43	4.01
2023.430	34.72	9.79	19.25	19.78	13.39	9.43	4.02
2023.433	34.70	9.77	19.28	19.81	13.37	9.42	4.02
2023.436	34.65	9.78	19.31	19.91	13.28	9.42	4.02
2023.438	34.64	9.76	19.33	20.01	13.18	9.41	4.02
2023.441	34.62	9.74	19.36	20.11	13.05	9.44	4.02
2023.444	34.58	9.75	19.39	20.27	12.80	9.53	4.04
2023.447	34.55	9.74	19.42	20.30	12.65	9.66	4.05
2023.449	34.51	9.74	19.45	20.32	12.52	9.83	4.01
2023.452	34.44	9.75	19.50	20.37	12.35	9.96	4.02
2023.455	34.40	9.78	19.50	20.39	12.17	10.11	4.03
2023.458	34.36	9.81	19.50	20.42	11.84	10.41	4.05
2023.460	34.34	9.84	19.49	20.44	11.67	10.56	4.07
2023.463	34.26	9.92	19.48	20.47	11.74	10.46	4.08
2023.466	34.22	9.96	19.45	20.51	11.78	10.40	4.10
2023.468	34.19	9.97	19.32	20.71	11.74	10.39	4.11
2023.471	34.11	10.01	19.19	20.89	11.79	10.25	4.19
2023.474	34.08	10.03	19.03	21.08	11.84	10.06	4.32
2023.477	34.05	10.06	18.87	21.26	11.89	10.00	4.33
2023.479	33.97	10.13	18.81	21.35	11.94	9.93	4.33
2023.482	33.93	10.16	18.95	21.24	12.03	9.82	4.33
2023.485	33.88	10.20	19.02	21.21	12.08	9.73	4.33
2023.488	33.81	10.26	19.09	21.17	12.13	9.66	4.33
2023.490	33.77	10.27	19.19	20.95	12.35	9.59	4.41
2023.493	33.73	10.27	19.29	20.94	12.36	9.51	4.49
2023.496	33.70	10.26	19.40	20.85	12.45	9.44	4.55
2023.499	33.66	10.26	19.50	20.75	12.55	9.36	4.56
2023.501	33.63	10.26	19.67	20.58	12.66	9.29	4.56
2023.504	33.58	10.26	19.71	20.55	12.75	9.21	4.58
2023.507	33.54	10.26	19.75	20.52	12.79	9.20	4.58
2023.510	33.51	10.26	19.77	20.46	12.83	9.23	4.59
2023.512	33.47	10.26	19.80	20.43	12.84	9.25	4.59
2023.515	33.43	10.24	19.85	20.41	12.79	9.31	4.60
2023.518	33.38	10.26	19.87	20.61	12.56	9.33	4.60
2023.521	33.35	10.27	19.89	20.59	12.56	9.35	4.61
2023.523	33.31	10.28	19.90	20.58	12.62	9.33	4.60
2023.526	33.28	10.28	19.93	20.59	12.64	9.30	4.59
2023.529	33.24	10.29	19.95	20.67	12.61	9.27	4.58
2023.532	33.19	10.32	19.97	20.71	12.61	9.24	4.57
2023.534	33.16	10.73	19.59	20.76	12.63	9.18	4.57
2023.537	33.12	10.93	19.41	20.81	12.64	9.14	4.59
2023.540	33.08	10.96	19.41	20.85	12.61	9.15	4.64
2023.542	33.05	10.99	19.41	20.89	12.57	9.15	4.73
2023.545	33.01	11.02	19.41	20.84	12.63	9.16	4.81
2023.548	32.96	11.06	19.41	20.46	13.02	9.17	4.89
2023.551	32.93	11.10	19.40	20.50	12.99	9.17	4.92
2023.553	32.89	11.14	19.39	20.53	12.96	9.18	4.95
2023.556	32.85	11.18	19.38	20.56	12.94	9.19	4.97
2023.559	32.82	11.22	19.37	20.59	12.91	9.19	5.00
2023.562	32.77	11.27	19.36	20.63	12.88	9.20	5.04
2023.564	32.73	11.31	19.35	20.66	12.86	9.21	5.08
2023.567	32.70	11.35	19.33	20.70	12.83	9.21	5.12
2023.570	32.68	11.38	19.32	20.73	12.80	9.22	5.15
2023.573	32.65	11.41	19.31	20.76	12.78	9.22	5.19
2023.575	32.60	11.46	19.30	20.79	12.75	9.23	5.23
2023.578	32.58	11.49	19.29	20.83	12.72	9.24	5.26
2023.581	32.55	11.52	19.27	20.87	12.73	9.20	5.31
2023.584	32.53	11.55	19.26	20.90	12.77	9.14	5.35
2023.586	32.50	11.58	19.23	20.95	12.77	9.12	5.40
2023.589	32.48	11.61	19.22	21.01	12.72	9.11	5.44
2023.592	32.44	11.65	19.23	20.99	12.65	9.19	5.48
2023.595	32.41	11.68	19.21	20.94	12.65	9.24	5.52
2023.597	32.39	11.71	19.20	20.86	12.74	9.24	5.56
2023.600	32.36	11.74	19.19	20.89	12.72	9.24	5.61
2023.603	32.34	11.78	19.18	20.92	12.69	9.24	5.64
2023.605	32.30	11.82	19.17	20.95	12.67	9.24	5.62
2023.608	32.27	11.85	19.15	20.99	12.64	9.26	5.60
2023.611	32.25	11.88	19.14	20.96	12.68	9.27	5.57
2023.614	32.22	11.91	19.13	20.93	12.64	9.37	5.55
2023.616	32.20	11.94	19.12	20.91	12.64	9.41	5.52
2023.619	32.16	11.98	19.11	20.86	12.70	9.44	5.48
2023.622	32.13	12.01	19.10	20.85	12.72	9.46	5.44
2023.625	32.11	12.04	19.09	20.83	12.75	9.48	5.42
2023.627	32.08	12.05	19.09	20.78	12.80	9.51	5.39
2023.630	32.05	12.06	19.10	20.75	12.83	9.53	5.36
2023.633	32.02	12.09	19.11	20.89	12.70	9.53	5.35
2023.636	31.99	12.08	19.13	20.84	12.75	9.53	5.33
2023.638	31.97	12.09	19.14	20.81	12.80	9.53	5.33
2023.641	31.94	12.10	19.15	20.76	12.85	9.54	5.32
2023.644	31.91	12.11	19.16	20.66	12.95	9.53	5.32
2023.647	31.89	12.12	19.17	20.62	12.77	9.75	5.30
2023.649	31.85	12.14	19.17	20.57	12.82	9.75	5.30
2023.652	31.83	12.15	19.18	20.54	12.89	9.73	5.30
2023.655	31.80	12.16	19.19	20.53	12.91	9.71	5.30
2023.658	31.78	12.17	19.20	20.48	12.98	9.69	5.31
2023.660	31.75	12.18	19.20	20.47	13.01	9.67	5.31
2023.663	31.70	12.22	19.21	20.48	13.03	9.65	5.30
2023.666	31.64	12.26	19.22	20.49	13.04	9.63	5.26
2023.668	31.61	12.27	19.24	20.50	13.05	9.61	5.23
2023.671	31.55	12.31	19.25	20.50	13.07	9.59	5.19
2023.674	31.50	12.34	19.26	20.51	13.08	9.57	5.14
2023.677	31.46	12.37	19.27	20.52	13.10	9.55	5.11
2023.679	31.41	12.39	19.29	20.53	13.11	9.53	5.08
2023.682	31.36	12.37	19.35	20.53	13.12	9.52	5.05
2023.685	31.32	12.34	19.25	20.70	13.13	9.50	5.01
2023.688	31.27	12.33	19.30	20.72	13.12	9.51	4.96
2023.690	31.21	12.31	19.36	20.72	13.11	9.51	4.93
2023.693	31.18	12.23	19.33	20.87	13.09	9.52	4.90
2023.696	31.11	12.23	19.22	21.05	13.08	9.53	4.86
2023.699	31.04	12.24	19.11	21.23	13.06	9.56	4.83
2023.701	30.96	12.23	19.01	21.41	13.05	9.57	4.78
2023.704	30.91	12.21	18.90	21.59	13.03	9.58	4.74
2023.707	30.83	12.22	18.79	21.75	12.97	9.66	4.70
2023.710	30.76	12.23	18.68	21.83	13.02	9.72	4.68
2023.712	30.76	12.11	18.87	21.55	13.17	9.77	4.66
2023.715	30.77	12.03	18.96	21.43	13.22	9.83	4.64
2023.718	30.79	11.95	18.82	21.53	13.22	9.93	4.62
2023.721	30.80	11.87	18.57	21.75	13.27	9.99	4.61
2023.723	30.82	11.78	18.68	21.60	13.32	10.04	4.59
2023.726	30.85	11.69	18.84	21.34	13.44	10.10	4.58
2023.729	30.87	11.60	18.99	21.37	13.22	10.20	4.55
2023.732	30.89	11.50	19.15	21.40	13.05	10.26	4.53
2023.734	30.93	11.35	19.36	21.55	12.76	10.31	4.52
2023.737	30.96	11.26	19.51	21.58	12.58	10.36	4.50
2023.740	30.98	11.19	19.64	21.61	12.38	10.45	4.49
2023.742	31.01	11.11	19.79	21.44	12.48	10.44	4.46
2023.745	31.03	11.00	19.97	21.47	12.50	10.30	4.43
2023.748	31.05	10.88	20.15	21.51	12.44	10.23	4.39
2023.751	31.08	10.77	20.33	21.44	12.50	10.16	4.39
2023.753	31.09	10.58	20.59	21.35	12.57	10.09	4.40
2023.756	31.09	10.51	20.31	21.71	12.64	10.02	4.38
2023.759	31.09	10.44	20.01	22.08	12.71	9.95	4.37
2023.762	31.10	10.36	19.82	22.33	12.74	9.96	4.32
2023.764	31.09	10.30	19.90	22.33	12.73	10.03	4.25
2023.767	31.08	10.24	19.97	22.32	12.71	10.12	4.16
2023.770	31.07	10.18	20.04	22.32	12.70	10.15	4.13
2023.773	31.07	10.12	20.12	22.31	12.69	10.18	4.11
2023.775	31.06	9.97	20.27	22.31	12.67	10.22	4.09
2023.778	31.03	9.99	20.28	22.31	12.66	10.24	4.07
2023.781	31.02	10.03	20.26	22.30	12.64	10.24	4.06
2023.784	31.02	10.09	20.21	22.30	12.63	10.25	4.05
2023.786	31.01	10.12	20.19	22.29	12.62	10.26	3.95
2023.789	31.00	10.16	20.16	22.29	12.61	10.26	3.78
2023.792	30.99	10.10	20.23	22.29	12.61	10.26	3.74
2023.795	30.97	10.05	20.32	22.28	12.66	10.21	3.67
2023.797	30.96	9.96	20.42	22.28	12.71	10.15	3.66
2023.800	30.95	9.88	20.51	22.27	12.76	10.10	3.63
2023.803	30.94	9.83	20.58	22.17	12.90	10.04	3.61
2023.805	30.95	9.76	20.64	22.06	13.06	9.98	3.59
2023.808	30.92	9.73	20.71	21.95	13.18	9.96	3.56
2023.811	30.91	9.66	20.79	21.84	13.22	10.00	3.56
2023.814	30.90	9.47	20.99	21.75	13.27	10.01	3.57
2023.816	30.91	9.27	21.18	21.64	13.30	9.98	3.66
2023.819	30.93	9.07	21.38	21.53	13.34	10.06	3.65
2023.822	30.94	8.99	21.45	21.42	13.43	10.09	3.63
2023.825	30.95	8.94	21.49	21.33	13.62	9.98	3.64
2023.827	30.98	8.92	21.49	21.22	13.77	9.93	3.64
2023.830	31.05	8.85	21.49	21.19	13.85	9.89	3.62
2023.833	31.09	8.82	21.48	21.19	13.90	9.84	3.62
2023.836	31.13	8.79	21.48	21.19	13.95	9.79	3.61
2023.838	31.17	8.71	21.52	21.18	14.05	9.68	3.62
2023.841	31.21	8.57	21.63	21.18	14.09	9.50	3.75
2023.844	31.28	8.41	21.73	21.17	14.09	9.47	3.78
2023.847	31.32	8.31	21.79	21.17	14.09	9.46	3.79
2023.849	31.36	8.21	21.85	21.16	14.09	9.45	3.80
2023.852	31.40	8.12	21.91	21.16	14.09	9.42	3.83
2023.855	31.44	8.02	21.97	21.15	14.08	9.41	3.84
2023.858	31.51	7.93	21.99	21.15	14.08	9.38	3.86
2023.860	31.55	7.75	22.13	20.98	14.25	9.37	3.87
2023.863	31.59	7.62	22.23	20.69	14.53	9.36	3.88
2023.866	31.63	7.43	22.39	20.41	14.80	9.33	3.91
2023.868	31.67	7.30	22.83	20.04	14.82	9.32	3.92
2023.871	31.74	7.17	23.44	19.50	14.81	9.30	3.93
2023.874	31.78	7.06	23.73	19.27	14.81	9.28	3.96
2023.877	31.82	6.96	23.79	19.27	14.81	9.26	3.97
2023.879	31.86	6.89	23.81	19.28	14.81	9.25	3.98
2023.882	31.90	6.81	23.84	19.31	14.79	9.22	4.00
2023.885	31.97	6.71	23.86	19.36	14.74	9.21	4.02
2023.888	31.84	6.81	23.88	19.39	14.52	9.40	4.03
2023.890	31.86	6.77	23.90	19.32	14.61	9.35	4.05
2023.893	31.88	6.73	23.90	19.32	14.64	9.32	4.06
2023.896	31.90	6.70	23.78	19.46	14.68	9.28	4.07
2023.899	31.95	6.64	23.72	19.53	14.75	9.20	4.07
2023.901	31.97	6.60	23.68	19.59	14.80	9.14	4.07
2023.904	31.97	6.58	23.63	19.66	14.79	9.13	4.08
2023.907	31.98	6.56	23.50	19.80	14.79	9.13	4.09
2023.910	31.99	6.47	23.52	19.86	14.79	9.12	4.09
2023.912	31.99	6.39	23.52	19.93	14.82	9.08	4.07
2023.915	32.00	6.39	23.46	20.00	14.84	9.06	4.05
2023.918	32.01	6.38	23.32	20.14	14.87	9.01	4.02
2023.921	31.98	6.38	23.27	20.20	14.92	8.95	3.96
2023.923	31.96	6.39	23.22	20.27	14.98	8.89	3.93
2023.926	31.93	6.41	23.20	20.30	15.03	8.83	3.90
2023.929	31.91	6.42	23.22	20.29	15.02	8.83	3.87
2023.932	31.88	6.42	23.25	20.29	15.02	8.83	3.83
2023.934	31.86	6.44	23.27	20.28	15.02	8.82	3.84
2023.937	31.83	6.45	23.28	20.28	14.99	8.85	3.84
2023.940	31.81	6.30	23.46	20.27	14.77	9.07	3.85
2023.942	31.78	6.21	23.58	20.27	14.77	9.07	3.86
2023.945	31.74	6.19	23.64	20.27	14.77	9.06	3.86
2023.948	31.51	6.32	23.75	20.26	14.77	9.07	3.86
2023.951	31.03	6.80	23.76	20.26	14.77	9.07	3.86
2023.953	30.84	6.99	23.76	20.25	14.76	9.07	3.86
2023.956	30.81	7.02	23.76	20.25	14.76	9.07	3.87
2023.959	30.78	7.05	23.77	20.24	14.76	9.07	3.88
2023.962	30.76	7.07	23.77	20.24	14.76	9.08	3.88
2023.964	30.73	7.10	23.78	20.23	14.76	9.08	3.90
2023.967	30.71	7.12	23.78	20.23	14.76	9.08	3.91
2023.970	30.68	7.15	23.79	20.22	14.76	9.08	3.94
2023.973	30.66	7.17	23.79	20.22	14.75	9.08	3.96
2023.975	30.63	7.20	23.79	20.22	14.66	9.18	3.97
2023.978	30.61	7.22	23.80	20.21	14.63	9.21	4.01
2023.981	30.58	7.25	23.80	20.21	14.63	9.22	4.02
2023.984	30.55	7.28	23.81	20.20	14.63	9.22	4.03
2023.986	30.53	7.35	23.60	20.36	14.63	9.22	4.06
2023.989	30.50	7.42	23.04	20.88	14.63	9.22	4.08
2023.992	30.48	7.50	23.02	20.84	14.63	9.22	4.10
2023.995	30.45	7.52	23.11	20.76	14.63	9.22	4.09
2023.997	30.43	7.54	23.19	20.79	14.51	9.22	4.07
2024.000	30.39	7.58	23.27	20.60	14.63	9.22	4.05
2024.003	30.35	7.61	23.36	20.52	14.58	9.26	4.01
2024.005	30.26	7.70	23.44	20.44	14.45	9.40	4.00
2024.008	30.14	7.81	23.19	20.70	14.17	9.67	4.01
2024.011	29.99	7.96	22.74	21.16	14.04	9.81	4.03
2024.014	29.87	8.08	22.74	21.16	13.90	9.93	4.05
2024.016	29.74	8.20	22.74	21.16	13.87	9.95	4.09
2024.019	29.62	8.32	22.75	21.16	13.95	9.86	4.12
2024.022	29.49	8.44	22.75	21.16	14.04	9.76	4.16
2024.025	29.45	8.46	22.61	21.32	14.12	9.67	4.18
2024.027	29.42	8.47	22.47	21.48	14.20	9.58	4.21
2024.030	29.40	8.48	22.48	21.43	14.33	9.48	4.25
2024.033	29.37	8.48	22.84	21.03	14.57	9.32	4.26
2024.036	29.35	8.49	22.85	20.99	14.53	9.40	4.28
2024.038	29.32	8.51	22.86	20.99	14.39	9.54	4.30
2024.041	29.29	8.54	22.86	20.99	14.24	9.69	4.32
2024.044	29.27	8.56	22.86	20.99	14.10	9.83	4.34
2024.047	29.23	8.60	22.79	21.06	14.04	9.90	4.36
2024.049	29.19	8.64	22.77	21.15	13.96	9.90	4.38
2024.052	29.15	8.68	22.75	21.26	13.87	9.90	4.41
2024.055	29.12	8.71	22.74	21.25	13.90	9.90	4.42
2024.058	29.08	8.75	22.72	21.21	13.95	9.90	4.44
2024.060	29.04	8.79	22.71	21.30	13.87	9.90	4.46
2024.063	29.00	8.83	22.69	21.32	13.87	9.90	4.49
2024.066	28.96	8.87	22.67	21.34	13.87	9.90	4.49
2024.068	28.89	8.94	22.66	21.30	13.93	9.90	4.51
2024.071	28.85	8.98	22.64	21.21	14.02	9.92	4.51
2024.074	28.81	9.02	22.63	21.22	13.92	10.02	4.52
2024.077	28.77	9.06	22.59	21.26	13.73	10.21	4.52
2024.079	28.73	9.10	22.58	21.27	13.63	10.31	4.53
2024.082	28.69	9.14	22.53	21.32	13.53	10.41	4.54
2024.085	28.66	9.18	22.53	21.32	13.43	10.51	4.54
2024.088	28.62	9.21	22.53	21.32	13.43	10.52	4.55
2024.090	28.58	9.25	22.27	21.58	13.45	10.49	4.56
2024.093	28.54	9.29	22.18	21.74	13.40	10.47	4.57
2024.096	29.25	8.58	22.18	21.83	13.34	10.44	4.57
2024.099	29.43	8.40	22.18	21.83	13.37	10.42	4.59
2024.101	29.40	8.43	22.18	21.83	13.39	10.39	4.59
2024.104	29.37	8.46	22.18	21.83	13.42	10.37	4.60
2024.107	29.34	8.49	22.18	21.83	13.47	10.32	4.60
2024.110	29.31	8.71	21.99	22.12	13.21	10.29	4.61
2024.112	29.28	8.74	21.99	22.37	12.98	10.27	4.61
2024.115	29.24	8.78	21.99	22.37	13.00	10.25	4.62
2024.118	29.19	8.83	21.90	22.47	13.03	10.22	4.63
2024.121	29.15	8.87	21.60	22.76	13.33	9.92	4.63
2024.123	29.10	8.86	21.45	22.98	13.33	9.92	4.64
2024.126	29.05	8.88	21.47	22.98	13.33	9.92	4.64
2024.129	28.96	8.95	21.49	23.18	13.13	9.92	4.64
2024.132	28.92	8.98	21.51	23.18	13.13	9.92	4.65
2024.134	28.89	8.99	21.53	23.18	13.13	9.92	4.66
2024.137	28.89	8.97	21.55	23.18	13.13	9.92	4.66
2024.140	28.89	8.95	21.57	23.18	13.13	9.92	4.67
2024.142	28.89	8.94	22.18	22.57	13.13	9.92	4.67
2024.145	28.89	8.95	22.17	22.58	13.13	10.26	4.34
2024.148	28.89	8.95	22.16	22.60	13.14	10.27	4.34
2024.151	28.89	8.95	22.14	22.61	13.16	10.24	4.34
2024.153	28.88	8.95	22.12	22.63	13.19	10.22	4.39
2024.156	28.88	8.95	22.11	22.64	13.21	10.19	4.49
2024.159	28.88	8.95	22.09	22.71	13.19	10.16	4.49
2024.162	28.88	8.95	22.08	22.68	13.24	10.16	4.50
2024.164	28.88	8.95	22.04	22.71	13.24	10.16	4.50
2024.167	28.88	8.95	22.03	22.72	13.24	10.16	4.51
2024.170	28.88	8.95	22.01	22.74	13.24	10.16	4.51
2024.173	28.88	8.95	22.00	22.76	13.24	10.16	4.53
2024.175	28.88	8.95	21.98	22.77	13.24	10.16	4.53
2024.178	28.88	8.95	21.96	22.79	13.24	10.16	4.54
2024.181	28.88	8.95	21.95	22.81	13.24	10.16	4.54
2024.184	28.88	8.78	22.10	22.82	13.24	10.16	4.54
2024.186	28.88	8.33	22.53	22.84	13.24	10.16	4.54
2024.189	28.88	8.21	22.64	22.85	13.88	9.52	4.54
2024.192	28.88	8.21	22.62	22.87	13.88	9.52	4.54
2024.195	28.88	8.21	22.60	22.89	13.88	9.52	4.54
2024.197	28.88	8.21	22.59	22.93	13.86	9.51	4.55
2024.200	28.88	8.21	22.57	23.03	13.77	9.50	4.56
2024.203	28.86	8.23	22.31	23.29	13.77	9.49	4.57
2024.205	28.88	8.21	22.31	23.29	13.77	9.48	4.58
2024.208	28.88	8.21	22.31	23.29	13.77	9.47	4.59
2024.211	28.88	8.21	22.31	23.29	13.77	9.47	4.60
2024.214	28.88	8.21	22.31	23.29	13.77	9.46	4.61
2024.216	28.88	8.21	22.31	23.29	13.84	9.39	4.62
2024.219	28.88	8.21	22.31	23.29	13.84	9.37	4.63
2024.222	28.88	8.21	22.31	23.29	13.84	9.33	4.67
2024.225	28.88	8.21	22.31	23.29	13.84	9.30	4.70
2024.227	28.88	8.21	22.31	23.29	13.88	9.22	4.74
2024.230	28.88	8.21	22.31	23.25	13.91	9.18	4.78
2024.233	28.88	8.21	22.31	23.18	13.99	9.17	4.78
2024.236	28.88	8.21	22.31	23.10	14.06	9.17	4.78
2024.238	28.88	8.21	22.31	23.01	14.16	9.17	4.78
2024.241	28.88	8.22	22.31	22.98	14.19	9.17	4.78
2024.244	28.86	8.23	22.30	23.00	14.19	9.17	4.78
2024.247	28.85	8.24	22.28	23.01	14.19	9.17	4.78
2024.249	28.84	8.26	22.25	23.05	14.19	9.17	4.78
2024.252	28.96	8.13	22.23	23.06	14.19	9.17	4.78
2024.255	29.09	8.00	22.22	23.08	14.19	9.17	4.78
2024.258	29.14	7.95	22.20	23.09	14.19	9.17	4.78
2024.260	29.12	7.97	22.18	23.11	14.19	9.17	4.78
2024.263	29.10	7.99	22.17	23.13	14.19	9.17	4.78
2024.266	29.08	8.01	22.15	23.14	14.19	9.21	4.74
2024.268	29.06	8.03	22.14	23.16	14.19	9.34	4.61
2024.271	29.04	8.05	22.12	23.18	14.19	9.39	4.57
2024.274	29.02	8.07	22.10	23.19	14.19	9.41	4.54
2024.277	29.01	8.09	22.09	23.21	14.19	9.41	4.54
2024.279	28.99	8.11	22.07	23.22	14.19	9.41	4.54
2024.282	28.97	8.13	22.05	23.24	14.19	9.41	4.54
2024.285	28.95	8.14	22.04	23.26	14.19	9.41	4.54
2024.288	28.93	8.16	22.02	23.27	14.19	9.41	4.54
2024.290	28.91	8.18	22.19	23.10	14.19	9.41	4.54
2024.293	28.88	8.21	22.31	22.98	14.19	9.41	4.54
2024.296	28.88	8.21	22.31	22.98	14.19	9.41	4.54
2024.299	28.88	8.21	22.31	22.98	14.19	9.41	4.54
2024.301	28.88	8.21	22.31	22.98	14.19	9.41	4.54
2024.304	28.88	8.21	22.31	22.98	14.19	9.41	4.54
2024.307	28.88	8.21	22.31	22.98	14.19	9.41	4.54
2024.310	28.88	8.21	22.31	22.98	14.19	9.41	4.54
2024.312	28.88	8.21	22.31	22.98	14.19	9.41	4.54
2024.315	28.88	8.21	22.31	22.98	14.19	9.41	4.54
2024.318	28.88	8.21	22.31	22.98	14.19	9.41	4.57
2024.321	28.88	8.21	22.31	22.98	14.19	9.41	4.64
2024.323	28.88	8.21	22.31	22.98	14.19	9.41	4.64
2024.326	28.88	8.21	22.31	22.98	14.19	9.52	4.53
2024.329	28.88	8.21	22.31	23.01	14.16	9.69	4.36
2024.332	28.88	8.21	22.28	23.13	14.07	9.79	4.26
2024.334	28.88	8.21	21.99	23.50	13.99	9.79	4.26
2024.337	28.88	8.25	21.95	23.50	13.99	9.79	4.26
2024.340	28.88	8.25	21.95	23.50	13.99	9.79	4.26
2024.342	28.88	8.25	21.95	23.50	13.99	9.79	4.26
2024.345	28.88	8.25	21.95	23.50	13.99	9.79	4.26
2024.348	28.88	8.25	21.95	23.50	13.99	9.79	4.26
2024.351	28.88	8.25	21.95	23.50	13.99	9.79	4.26
2024.353	28.88	8.25	21.95	23.50	13.99	9.79	4.26
2024.356	28.88	8.25	21.95	23.50	13.99	9.79	4.26
2024.359	28.88	8.25	21.95	23.50	13.99	9.79	4.26
2024.362	28.88	8.25	21.95	23.50	13.99	9.79	4.26
2024.364	28.88	8.25	21.95	23.50	13.99	9.79	4.26
2024.367	28.88	8.25	21.95	23.50	13.99	9.79	4.26
2024.370	28.88	8.25	21.95	23.50	13.99	9.79	4.26
2024.373	28.88	8.25	21.95	23.50	13.99	9.79	4.26
2024.375	28.88	8.25	21.95	23.50	13.99	9.79	4.26
2024.378	28.88	8.25	21.95	23.50	13.99	9.79	4.26
2024.381	28.88	8.25	21.95	23.50	13.99	9.79	4.26
2024.384	28.88	8.25	21.95	23.50	13.99	9.89	4.16
2024.386	28.88	8.25	22.04	23.41	13.99	9.94	4.11
2024.389	28.88	8.25	22.20	23.25	13.99	9.99	4.06
2024.392	28.88	8.25	22.27	23.18	13.99	10.04	4.01
2024.395	28.88	8.25	22.27	23.18	13.99	10.06	3.99
2024.397	28.88	8.25	22.27	23.18	13.99	10.06	3.99
2024.400	28.88	8.25	22.27	23.18	14.00	10.05	3.99
2024.403	28.88	8.25	22.27	23.18	14.06	9.98	3.99
2024.405	28.88	8.25	22.27	23.18	14.13	9.92	3.99
2024.408	28.88	8.25	22.27	23.18	14.19	9.86	3.99
2024.411	28.88	8.25	22.27	23.18	14.25	9.53	4.26
2024.414	28.88	8.25	22.27	23.18	14.27	9.51	4.26
2024.416	28.88	8.25	22.27	23.18	14.27	9.51	4.26
2024.419	28.88	8.25	22.27	23.18	14.27	9.51	4.26
2024.422	28.88	8.25	22.27	23.18	14.27	9.51	4.26
2024.425	28.88	8.25	22.27	23.18	14.27	9.51	4.26
2024.427	28.88	8.25	22.27	23.18	14.27	9.51	4.26
2024.430	28.88	8.25	22.27	23.18	14.27	9.51	4.26
2024.433	28.88	8.25	22.27	23.18	14.27	9.51	4.26
2024.436	28.89	8.25	22.27	23.18	14.00	9.78	4.26
2024.438	28.90	8.24	22.27	23.18	13.99	9.79	4.26
2024.441	28.90	8.23	22.27	23.18	13.99	9.79	4.26
2024.444	28.91	8.22	22.33	23.11	13.99	9.79	4.26
2024.447	28.92	8.22	22.33	23.11	13.99	9.79	4.26
2024.449	28.93	8.21	22.33	23.11	13.99	9.79	4.26
2024.452	28.94	8.20	22.33	23.11	13.99	9.79	4.26
2024.455	28.95	8.19	22.33	23.11	13.99	9.79	4.26
2024.458	28.96	8.18	22.33	23.11	13.99	9.79	4.26
2024.460	28.96	8.17	22.33	23.11	13.99	9.79	4.26
2024.463	28.97	8.16	22.33	23.11	13.99	9.79	4.26
2024.466	28.98	8.16	22.33	23.11	13.99	9.79	4.26
2024.468	28.98	8.16	22.33	23.11	13.99	9.79	4.26
2024.471	28.98	8.16	22.33	23.11	13.99	9.79	4.26
2024.474	28.98	8.16	22.33	22.92	14.19	9.79	4.26
2024.477	28.98	8.16	22.33	22.92	14.19	9.79	4.26
2024.479	28.98	8.16	22.33	22.92	14.19	9.79	4.26
2024.482	28.98	8.16	22.33	22.92	14.19	9.79	4.26
2024.485	28.98	8.16	22.33	22.92	14.19	9.79	4.26
2024.488	28.98	8.16	22.33	22.92	14.19	9.79	4.26
2024.490	28.98	8.16	22.33	22.92	14.19	9.79	4.26
2024.493	28.98	8.16	22.33	22.92	14.19	9.79	4.26
2024.496	28.98	8.16	22.33	22.92	14.19	9.79	4.26
2024.499	28.98	8.16	22.33	22.92	14.19	9.79	4.26