X	Percentil5	Percentil10	Percentil25	Percentil50	Percentil75	Percentil90	Percentil95
0.001	62.57	72.57	80.64	95.92	105.24	114.61	126.22
0.004	62.57	72.57	80.64	95.92	105.24	114.61	126.22
0.007	62.57	72.57	80.64	95.92	105.24	114.61	126.22
0.010	62.57	72.57	80.64	95.92	105.24	114.61	126.22
0.012	62.57	72.57	80.64	95.92	105.24	114.61	126.22
0.015	62.57	72.57	80.64	95.92	105.24	114.61	126.22
0.018	62.57	72.57	80.64	95.92	105.24	114.61	126.22
0.021	62.57	72.57	80.64	95.92	105.24	114.61	126.22
0.023	62.57	72.57	80.64	95.92	105.24	114.61	126.22
0.026	62.57	72.57	80.64	95.92	105.24	114.61	126.22
0.029	62.57	72.57	80.64	95.92	105.24	114.61	126.22
0.031	62.57	72.57	80.64	95.92	105.24	114.61	126.22
0.034	62.57	72.57	80.64	95.92	105.24	114.61	126.22
0.037	62.57	72.57	80.64	95.92	105.24	114.61	126.22
0.040	62.57	72.57	80.64	95.92	105.24	114.61	126.22
0.042	62.57	72.57	80.64	95.92	105.24	114.61	126.22
0.045	62.57	72.57	80.64	95.92	105.24	114.61	126.22
0.048	62.57	72.57	80.80	95.92	105.24	114.61	126.22
0.051	62.57	72.57	80.82	95.92	105.24	114.61	126.22
0.053	62.57	72.57	80.82	95.92	105.24	114.61	126.22
0.056	62.57	72.57	80.82	95.92	105.24	114.61	126.22
0.059	62.57	72.56	80.82	95.92	105.24	114.61	126.22
0.062	62.57	72.56	80.82	95.92	105.24	114.61	126.22
0.064	62.57	72.56	80.82	95.92	105.24	114.61	126.22
0.067	62.57	72.56	80.82	95.92	105.24	114.61	126.22
0.070	62.57	72.56	80.82	95.92	105.24	114.61	126.22
0.072	62.57	72.56	80.82	95.92	105.24	114.61	126.22
0.075	62.57	72.56	80.82	95.92	105.24	114.61	126.22
0.078	62.57	72.56	80.82	95.92	105.24	114.61	126.22
0.081	62.57	72.56	80.82	95.92	105.24	114.61	126.22
0.083	62.57	72.56	80.82	95.92	105.24	114.61	126.22
0.086	62.57	72.56	80.82	95.92	105.24	114.61	126.22
0.089	62.57	72.56	80.82	95.92	105.24	114.61	126.22
0.092	62.57	72.56	80.82	95.92	105.24	114.61	126.22
0.094	62.57	72.56	80.82	95.92	105.24	114.61	126.22
0.097	62.57	72.56	80.82	95.92	105.24	114.61	126.22
0.100	62.57	72.56	80.82	95.92	105.24	114.61	126.22
0.103	62.57	72.56	80.82	95.92	105.24	114.61	126.22
0.105	62.57	72.56	80.82	95.94	105.24	114.61	126.22
0.108	62.57	72.56	80.82	95.94	105.24	114.61	126.22
0.111	62.57	72.56	80.82	95.94	105.24	114.61	126.22
0.114	62.57	72.56	80.82	95.94	105.24	114.61	126.22
0.116	62.57	72.56	80.82	95.94	105.24	114.61	126.22
0.119	62.57	72.56	80.82	95.94	105.24	114.61	126.22
0.122	62.57	72.56	80.82	95.94	105.24	114.61	126.22
0.124	62.57	72.56	80.82	95.94	105.24	114.61	126.22
0.127	62.57	72.56	80.82	95.94	105.24	114.61	126.22
0.130	62.57	72.56	80.82	95.94	105.24	114.61	126.22
0.133	62.57	72.56	80.82	95.94	105.24	114.61	126.22
0.135	62.57	72.56	80.82	95.94	105.24	114.61	126.22
0.138	62.57	72.56	80.82	95.94	105.24	114.61	126.22
0.141	62.57	72.56	80.82	95.94	105.24	114.61	126.22
0.144	62.57	72.56	80.82	95.94	105.24	114.61	126.22
0.146	62.57	72.56	80.82	95.94	105.24	114.61	126.22
0.149	62.57	72.56	80.82	95.94	105.24	114.61	126.22
0.152	62.57	72.56	80.82	95.94	105.24	114.61	126.22
0.155	62.57	72.56	80.82	95.94	105.24	114.61	126.22
0.157	62.57	72.56	80.82	95.94	105.24	114.61	126.22
0.160	62.57	72.55	80.82	95.94	105.24	114.61	126.22
0.163	62.57	72.55	80.82	95.94	105.24	114.61	126.22
0.165	62.57	72.55	80.82	95.94	105.24	114.61	126.22
0.168	62.57	72.55	80.82	95.94	105.24	114.61	126.22
0.171	62.57	72.55	80.82	95.94	105.24	114.61	126.22
0.174	62.57	72.55	80.82	95.94	105.24	114.61	126.22
0.176	62.57	72.55	80.82	95.94	105.24	114.61	126.22
0.179	62.57	72.55	80.82	95.94	105.24	114.61	126.22
0.182	62.57	72.55	80.82	95.94	105.24	114.61	126.22
0.185	62.57	72.55	80.82	95.94	105.24	114.61	126.22
0.187	62.57	72.55	80.82	95.94	105.24	114.61	126.22
0.190	62.57	72.55	80.82	95.94	105.24	114.61	126.22
0.193	62.57	72.55	80.82	95.94	105.24	114.61	126.22
0.196	62.57	72.55	80.82	95.94	105.24	114.61	126.22
0.198	62.57	72.55	80.82	95.94	105.24	114.61	126.22
0.201	62.57	72.55	80.82	95.94	105.24	114.61	126.22
0.204	62.57	72.55	80.82	95.94	105.24	114.61	126.22
0.207	62.57	72.55	80.82	95.94	105.24	114.61	126.22
0.209	62.57	72.55	80.82	95.94	105.24	114.61	126.22
0.212	62.57	72.55	80.82	95.94	105.24	114.61	126.22
0.215	62.57	72.55	80.83	95.94	105.24	114.61	126.22
0.217	62.57	72.55	80.84	95.94	105.24	114.61	126.22
0.220	62.57	72.55	80.87	95.94	105.24	114.61	126.22
0.223	62.57	72.55	80.88	95.94	105.24	114.61	126.22
0.226	62.57	72.55	80.89	95.94	105.24	114.61	126.22
0.228	62.57	72.55	81.11	95.94	105.24	114.61	126.22
0.231	62.57	72.55	81.31	95.94	105.24	114.61	126.22
0.234	62.57	72.55	81.41	95.94	105.24	114.61	126.22
0.237	62.57	72.55	81.44	95.94	105.24	114.61	126.22
0.239	62.57	72.55	81.51	95.94	105.24	114.61	126.22
0.242	62.57	72.55	81.54	95.94	105.23	114.61	126.22
0.245	62.57	72.55	81.58	95.94	105.23	114.61	126.22
0.248	62.57	72.55	81.61	95.94	105.23	114.61	126.22
0.250	62.57	72.55	81.67	95.94	105.23	114.61	126.22
0.253	62.57	72.55	81.68	96.00	105.22	114.61	126.22
0.256	62.57	72.55	81.69	96.06	105.22	114.61	126.22
0.258	62.57	72.55	81.72	96.12	105.22	114.61	126.22
0.261	62.57	72.54	81.73	96.18	105.20	114.61	126.22
0.264	62.57	72.54	81.74	96.20	105.17	114.61	126.22
0.267	62.57	72.54	81.75	96.20	105.13	114.61	126.22
0.269	62.57	72.54	81.79	96.20	105.10	114.61	126.22
0.272	62.57	72.54	81.92	96.20	105.07	114.61	126.22
0.275	62.57	72.54	81.98	96.20	105.04	114.61	126.22
0.278	62.57	72.54	82.03	96.20	105.01	114.61	126.22
0.280	62.57	72.54	82.09	96.20	104.98	114.61	126.22
0.283	62.57	72.54	82.13	96.20	104.94	114.61	126.22
0.286	62.57	72.54	82.17	96.20	104.91	114.61	126.22
0.289	62.57	72.54	82.19	96.20	104.88	114.61	126.22
0.291	62.57	72.54	82.21	96.20	104.86	114.61	126.22
0.294	62.57	72.54	82.23	96.20	104.85	114.61	126.22
0.297	62.57	72.54	82.27	96.20	104.84	114.61	126.22
0.300	62.57	72.54	82.28	96.20	104.83	114.61	126.22
0.302	62.57	72.54	82.29	96.20	104.81	114.61	126.22
0.305	62.57	72.54	82.30	96.20	104.80	114.61	126.22
0.308	62.57	72.54	82.32	96.20	104.79	114.61	126.21
0.310	62.57	72.54	82.33	96.20	104.77	114.61	126.19
0.313	62.57	72.54	82.35	96.20	104.77	114.61	126.16
0.316	62.57	72.54	82.37	96.20	104.77	114.61	126.14
0.319	62.57	72.54	82.38	96.20	104.77	114.61	126.10
0.321	62.57	72.54	82.38	96.20	104.79	114.61	126.09
0.324	62.57	72.54	82.38	96.20	104.84	114.61	126.07
0.327	62.57	72.54	82.38	96.20	104.87	114.61	126.04
0.330	62.57	72.54	82.38	96.20	104.95	114.61	126.02
0.332	62.57	72.54	82.38	96.20	105.02	114.61	126.00
0.335	62.57	72.54	82.38	96.20	105.09	114.61	125.97
0.338	62.57	72.54	82.38	96.20	105.14	114.61	125.95
0.341	62.57	72.54	82.38	96.20	105.14	114.61	125.93
0.343	62.57	72.54	82.38	96.20	105.14	114.61	125.90
0.346	62.57	72.54	82.38	96.20	105.13	114.61	125.88
0.349	62.57	72.54	82.38	96.20	105.13	114.61	125.86
0.351	62.57	72.54	82.38	96.20	105.13	114.61	125.83
0.354	62.57	72.54	82.38	96.20	105.13	114.61	125.81
0.357	62.57	72.51	82.38	96.20	105.12	114.61	125.80
0.360	62.57	72.46	82.38	96.20	105.12	114.61	125.76
0.362	62.57	72.41	82.38	96.20	105.12	114.61	125.75
0.365	62.57	72.38	82.38	96.21	105.12	114.61	125.73
0.368	62.57	72.38	82.38	96.22	105.11	114.61	125.73
0.371	62.57	72.37	82.38	96.23	105.11	114.61	125.73
0.373	62.57	72.37	82.38	96.25	105.11	114.61	125.73
0.376	62.57	72.37	82.38	96.26	105.11	114.61	125.73
0.379	62.94	72.37	82.38	96.28	105.10	114.61	125.73
0.382	63.32	72.37	82.38	96.29	105.10	114.61	125.73
0.384	64.00	72.37	82.38	96.32	105.10	114.61	125.73
0.387	64.31	72.37	82.38	96.33	105.10	114.61	125.73
0.390	64.39	72.37	82.38	96.35	105.09	114.61	125.73
0.393	64.39	72.37	82.38	96.36	105.09	114.61	125.73
0.395	64.39	72.37	82.38	96.38	105.09	114.61	125.73
0.398	64.39	72.37	82.38	96.39	105.09	114.61	125.73
0.401	64.39	72.37	82.38	96.40	105.08	114.61	125.73
0.403	64.39	72.37	82.38	96.43	105.08	114.61	125.73
0.406	64.39	72.37	82.38	96.45	105.08	114.61	125.73
0.409	64.39	72.53	82.38	96.46	105.07	114.61	125.73
0.412	64.39	72.53	82.38	96.47	105.07	114.61	125.73
0.414	64.39	72.53	82.38	96.49	105.07	114.61	125.73
0.417	64.39	72.53	82.38	96.50	105.07	114.61	125.73
0.420	64.39	72.53	82.38	96.51	105.06	114.61	125.73
0.423	64.39	72.53	82.38	96.51	105.06	114.61	125.73
0.425	64.39	72.53	82.38	96.51	105.06	114.61	125.73
0.428	64.39	72.53	82.38	96.51	105.06	114.61	125.73
0.431	64.39	72.53	82.38	96.51	105.05	114.61	125.73
0.434	64.39	72.53	82.38	96.51	105.05	114.61	125.73
0.436	64.39	72.53	82.38	96.51	105.05	114.61	125.73
0.439	64.39	72.53	82.38	96.51	105.05	114.61	125.73
0.442	64.39	72.53	82.38	96.51	105.04	114.52	125.73
0.444	64.39	72.53	82.38	96.51	105.04	114.42	125.73
0.447	64.39	72.53	82.38	96.51	105.04	114.33	125.73
0.450	64.39	72.53	82.38	96.51	105.04	114.15	125.73
0.453	64.39	72.53	82.38	96.51	105.03	114.05	125.73
0.455	64.39	72.53	82.39	96.51	105.03	113.96	125.73
0.458	64.39	72.53	82.41	96.50	105.03	113.87	125.73
0.461	64.39	72.53	82.44	96.46	105.03	113.83	125.73
0.464	64.39	72.52	82.47	96.42	105.02	113.83	125.73
0.466	64.39	72.52	82.52	96.38	105.02	113.83	125.73
0.469	64.39	72.52	82.55	96.33	105.02	113.83	125.73
0.472	64.39	72.52	82.58	96.29	105.01	113.83	125.73
0.475	64.39	72.52	82.61	96.25	105.01	113.83	125.73
0.477	64.39	72.52	82.64	96.21	105.01	113.83	125.73
0.480	64.39	72.52	82.66	96.14	105.01	113.83	125.73
0.483	64.39	72.52	82.69	96.14	105.00	113.83	125.73
0.486	64.39	72.52	82.72	96.14	105.00	113.83	125.73
0.488	64.39	72.52	82.75	96.14	105.00	113.83	125.73
0.491	64.39	72.52	82.77	96.14	105.00	113.83	125.73
0.494	64.39	72.52	82.80	96.14	104.99	113.83	125.73
0.496	64.39	72.52	82.83	96.14	104.99	113.83	125.73
0.499	64.37	72.52	82.86	96.14	104.99	113.84	125.73
0.502	64.35	72.52	82.89	96.14	104.99	113.84	125.73
0.505	64.30	72.52	82.91	96.14	104.98	113.84	125.73
0.507	64.28	72.47	82.94	96.14	104.98	113.84	125.73
0.510	64.24	72.43	83.00	96.14	104.98	113.85	125.73
0.513	64.22	72.39	83.02	96.14	104.97	113.85	125.73
0.516	64.18	72.38	83.05	96.14	104.97	113.85	125.73
0.518	64.15	72.37	83.08	96.14	104.97	113.85	125.73
0.521	64.11	72.37	83.11	96.14	104.97	113.86	125.73
0.524	64.09	72.37	83.13	96.14	104.96	113.86	125.73
0.527	64.05	72.37	83.14	96.14	104.96	113.86	125.73
0.529	64.03	72.37	83.15	96.14	104.96	113.86	125.73
0.532	63.98	72.37	83.16	96.14	104.96	113.87	125.73
0.535	63.96	72.37	83.17	96.14	104.96	113.87	125.73
0.537	63.92	72.37	83.18	96.14	104.96	113.87	125.73
0.540	63.90	72.37	83.19	96.14	104.95	113.87	125.73
0.543	63.85	72.37	83.20	96.14	104.95	113.88	125.73
0.546	63.83	72.37	83.21	96.15	104.95	113.88	125.73
0.548	63.79	72.37	83.21	96.15	104.95	113.88	125.73
0.551	63.77	72.37	83.21	96.16	104.95	113.88	125.73
0.554	63.73	72.37	83.21	96.17	104.95	113.89	125.73
0.557	63.70	72.37	83.21	96.17	104.94	113.89	125.73
0.559	63.66	72.37	83.21	96.18	104.94	113.89	125.73
0.562	63.63	72.37	83.21	96.19	104.94	113.89	125.73
0.565	63.58	72.37	83.21	96.20	104.94	113.89	125.73
0.568	63.55	72.37	83.21	96.20	104.94	113.90	125.73
0.570	63.52	72.37	83.21	96.21	104.94	113.90	125.73
0.573	63.54	72.37	83.21	96.22	104.94	113.90	125.73
0.576	63.57	72.37	83.21	96.22	104.94	113.91	125.73
0.579	63.59	72.37	83.21	96.23	104.94	113.91	125.73
0.581	63.61	72.37	83.21	96.24	104.94	113.91	125.73
0.584	63.64	72.37	83.21	96.24	104.94	113.91	125.73
0.587	63.66	72.37	83.21	96.25	104.95	113.91	125.73
0.589	63.70	72.37	83.21	96.25	104.95	113.92	125.73
0.592	63.72	72.37	83.21	96.25	104.95	113.92	125.73
0.595	63.74	72.37	83.21	96.25	104.96	113.92	125.73
0.598	63.76	72.37	83.21	96.25	104.96	113.93	125.73
0.600	63.78	72.37	83.21	96.25	104.96	113.93	125.73
0.603	63.80	72.37	83.21	96.25	104.96	113.93	125.73
0.606	63.82	72.37	83.21	96.25	104.96	113.93	125.73
0.609	63.83	72.37	83.21	96.25	104.97	113.93	125.73
0.611	63.85	72.37	83.21	96.25	104.97	113.94	125.73
0.614	63.87	72.37	83.21	96.25	104.97	113.94	125.73
0.617	63.91	72.37	83.21	96.25	104.98	113.94	125.73
0.620	63.93	72.37	83.21	96.25	104.98	113.94	125.73
0.622	63.95	72.37	83.21	96.25	104.98	113.95	125.73
0.625	63.97	72.37	83.21	96.25	104.98	113.95	125.73
0.628	63.99	72.37	83.21	96.25	104.98	113.95	125.73
0.630	64.00	72.37	83.21	96.25	104.99	113.96	125.73
0.633	64.02	72.37	83.21	96.25	104.99	113.96	125.73
0.636	64.04	72.37	83.21	96.25	104.99	113.96	125.73
0.639	64.06	72.37	83.21	96.27	105.00	113.96	125.73
0.641	64.10	72.37	83.21	96.30	105.00	113.96	125.73
0.644	64.12	72.37	83.21	96.34	104.93	113.97	125.73
0.647	64.14	72.37	83.21	96.41	104.86	113.97	125.73
0.650	64.15	72.37	83.21	96.44	104.85	113.97	125.73
0.652	64.17	72.37	83.21	96.47	104.85	113.98	125.73
0.655	64.19	72.37	83.21	96.51	104.85	113.98	125.73
0.658	64.21	72.37	83.21	96.57	104.85	113.98	125.73
0.661	64.23	72.37	83.21	96.61	104.85	113.98	125.73
0.663	64.25	72.37	83.21	96.62	104.85	113.98	125.73
0.666	64.27	72.37	83.21	96.62	104.85	113.99	125.73
0.669	64.31	72.37	83.21	96.61	104.85	113.99	125.73
0.671	64.32	72.37	83.21	96.61	104.85	113.99	125.73
0.674	64.34	72.37	83.21	96.60	104.85	113.99	125.73
0.677	64.36	72.37	83.21	96.60	104.85	114.00	125.73
0.680	64.38	72.37	83.21	96.60	104.85	114.00	125.73
0.682	64.38	72.37	83.21	96.59	104.84	114.00	125.73
0.685	64.33	72.37	83.21	96.59	104.84	114.00	125.73
0.688	64.30	72.37	83.21	96.58	104.84	114.01	125.73
0.691	64.28	72.37	83.21	96.58	104.84	114.01	125.73
0.693	64.25	72.37	83.21	96.58	104.76	114.01	125.73
0.696	64.23	72.37	83.21	96.57	104.76	114.01	125.73
0.699	64.20	72.37	83.21	96.55	104.75	114.02	125.73
0.702	64.18	72.37	83.21	96.53	104.75	114.02	125.73
0.704	64.15	72.37	83.21	96.51	104.75	114.02	125.73
0.707	64.10	72.37	83.21	96.50	104.75	114.02	125.74
0.710	64.08	72.37	83.21	96.49	104.75	114.03	125.77
0.713	64.05	72.37	83.21	96.49	104.75	114.03	125.79
0.715	64.03	72.37	83.21	96.47	104.75	114.03	125.81
0.718	64.01	72.37	83.21	96.46	104.74	114.03	125.84
0.721	63.98	72.37	83.21	96.44	104.74	114.04	125.86
0.723	63.96	72.37	83.22	96.42	104.74	114.04	125.89
0.726	63.93	72.37	83.29	96.41	104.74	114.04	125.91
0.729	63.88	72.37	83.33	96.39	104.74	114.04	125.93
0.732	63.86	72.37	83.37	96.37	104.75	114.04	125.96
0.734	63.83	72.37	83.44	96.35	104.75	114.03	125.98
0.737	63.81	72.37	83.46	96.32	104.75	114.03	126.01
0.740	63.78	72.37	83.48	96.30	104.75	114.03	126.03
0.743	63.76	72.38	83.50	96.28	104.76	114.02	126.04
0.745	63.73	72.38	83.51	96.26	104.76	114.02	126.08
0.748	63.71	72.38	83.52	96.28	104.76	114.02	126.09
0.751	63.65	72.38	83.54	96.29	104.76	114.02	126.13
0.754	63.62	72.39	83.56	96.33	104.77	114.01	126.15
0.756	63.59	72.41	83.57	96.35	104.77	114.01	126.16
0.759	63.56	72.42	83.58	96.39	104.77	114.01	126.20
0.762	63.53	72.45	83.61	96.42	104.78	113.98	126.21
0.764	63.50	72.48	83.62	96.44	104.78	113.91	126.23
0.767	63.47	72.49	83.63	96.33	104.78	113.88	126.26
0.770	63.44	72.49	83.65	96.20	104.78	113.84	126.28
0.773	63.38	72.49	83.65	96.16	104.79	113.78	126.31
0.775	63.35	72.49	83.65	96.20	104.79	113.76	126.33
0.778	63.32	72.49	83.65	96.22	104.79	113.76	126.35
0.781	63.29	72.49	83.65	96.25	104.80	113.76	126.38
0.784	63.26	72.49	83.65	96.25	104.80	113.77	126.40
0.786	63.23	72.49	83.65	96.25	104.80	113.77	126.43
0.789	63.20	72.49	83.65	96.25	104.80	113.77	126.45
0.792	63.17	72.50	83.65	96.25	104.81	113.77	126.47
0.795	63.11	72.52	83.65	96.25	104.81	113.77	126.50
0.797	63.08	72.62	83.65	96.25	104.83	113.77	126.52
0.800	63.05	72.67	83.65	96.23	104.83	113.77	126.55
0.803	63.02	72.76	83.65	96.21	104.84	113.77	126.57
0.806	62.99	72.84	83.65	96.19	104.85	113.77	126.58
0.808	62.96	72.87	83.65	96.15	104.85	113.77	126.62
0.811	62.93	72.88	83.65	96.13	104.87	113.77	126.64
0.814	62.90	72.91	83.65	96.11	104.89	113.77	126.65
0.816	62.84	72.94	83.65	96.08	104.89	113.77	126.69
0.819	62.81	72.97	83.65	96.06	104.90	113.77	126.70
0.822	62.78	72.98	83.65	96.04	104.90	113.77	126.74
0.825	62.75	73.01	83.65	96.02	104.90	113.77	126.75
0.827	62.72	73.04	83.65	96.00	104.91	113.77	126.77
0.830	62.69	73.05	83.65	95.98	104.91	113.77	126.80
0.833	62.66	73.08	83.65	95.96	104.92	113.77	126.82
0.836	62.63	73.11	83.65	95.90	104.92	113.77	126.85
0.838	62.57	73.12	83.65	95.85	104.92	113.77	126.87
0.841	62.54	73.13	83.65	95.80	104.93	113.77	126.89
0.844	62.51	73.11	83.65	95.80	104.93	113.77	126.92
0.847	62.48	73.10	83.65	95.78	104.93	113.77	126.94
0.849	62.45	73.08	83.65	95.77	104.94	113.77	126.97
0.852	62.42	73.07	83.65	95.75	104.94	113.77	126.99
0.855	62.39	73.05	83.65	95.73	104.94	113.77	127.01
0.857	62.36	73.02	83.65	95.69	104.95	113.77	127.04
0.860	62.30	73.00	83.65	95.68	104.95	113.77	127.06
0.863	62.27	72.99	83.65	95.66	104.96	113.77	127.07
0.866	62.24	72.97	83.65	95.64	104.96	113.77	127.11
0.868	62.21	72.95	83.65	95.63	104.96	113.77	127.13
0.871	62.17	72.94	83.65	95.61	104.97	113.77	127.16
0.874	62.14	72.90	83.65	95.59	104.97	113.77	127.18
0.877	62.11	72.89	83.59	95.56	104.97	113.77	127.19
0.879	62.08	72.87	83.50	95.51	104.98	113.77	127.23
0.882	62.02	72.86	83.42	95.46	104.98	113.77	127.24
0.885	61.99	72.84	83.43	95.43	104.99	113.78	127.28
0.888	61.96	72.82	83.44	95.43	104.99	113.78	127.29
0.890	61.93	72.81	83.45	95.44	104.99	113.78	127.31
0.893	61.90	72.78	83.45	95.44	105.00	113.78	127.34
0.896	61.87	72.76	83.46	95.43	105.00	113.78	127.36
0.899	61.84	72.74	83.46	95.43	105.00	113.78	127.40
0.901	61.81	72.73	83.47	95.44	105.01	113.78	127.41
0.904	61.75	72.71	83.47	95.45	105.01	113.78	127.43
0.907	61.72	72.69	83.47	95.45	105.01	113.78	127.46
0.909	61.69	72.68	83.47	95.46	105.02	113.78	127.48
0.912	61.66	72.65	83.48	95.48	105.02	113.78	127.50
0.915	61.63	72.63	83.48	95.50	105.03	113.78	127.53
0.918	61.60	72.61	83.49	95.50	105.03	113.78	127.55
0.920	61.57	72.60	83.49	95.50	105.03	113.78	127.58
0.923	61.54	72.58	83.49	95.50	105.04	113.78	127.60
0.926	61.48	72.56	83.49	95.50	105.04	113.78	127.62
0.929	61.45	72.53	83.50	95.50	105.04	113.78	127.65
0.931	61.42	72.52	83.50	95.50	105.05	113.78	127.67
0.934	61.39	72.50	83.50	95.50	105.05	113.78	127.70
0.937	61.36	72.49	83.51	95.50	105.06	113.78	127.72
0.940	61.33	72.49	83.51	95.50	105.06	113.78	127.73
0.942	61.30	72.48	83.51	95.50	105.06	113.78	127.77
0.945	61.27	72.48	83.51	95.50	105.07	113.78	127.78
0.948	61.21	72.48	83.52	95.50	105.07	113.78	127.82
0.950	61.18	72.48	83.52	95.50	105.08	113.78	127.83
0.953	61.15	72.48	83.52	95.50	105.08	113.78	127.85
0.956	61.12	72.48	83.53	95.50	105.08	113.78	127.89
0.959	61.09	72.48	83.53	95.50	105.09	113.78	127.90
0.961	61.06	72.48	83.53	95.50	105.09	113.78	127.92
0.964	61.04	72.48	83.54	95.50	105.09	113.78	127.95
0.967	61.06	72.48	83.54	95.50	105.10	113.78	127.97
0.970	61.10	72.47	83.54	95.50	105.10	113.78	128.00
0.972	61.12	72.49	83.54	95.50	105.11	113.78	128.02
0.975	61.15	72.61	83.55	95.50	105.11	113.78	128.04
0.978	61.17	72.73	83.55	95.50	105.11	113.78	128.07
0.981	61.19	72.85	83.55	95.50	105.12	113.78	128.09
0.983	61.21	72.97	83.56	95.50	105.12	113.79	128.12
0.986	61.23	73.21	83.56	95.50	105.12	113.79	128.14
0.989	61.26	73.30	83.56	95.50	105.13	113.79	128.16
0.992	61.30	73.30	83.57	95.52	105.13	113.79	128.19
0.994	61.32	73.30	83.57	95.57	105.13	113.79	128.21
0.997	61.34	73.30	83.57	95.65	105.14	113.79	128.24
1.000	61.37	73.30	83.57	95.70	105.14	113.79	128.26
1.002	61.39	73.30	83.58	95.74	105.15	113.79	128.27
1.005	61.41	73.30	83.58	95.78	105.15	113.79	128.31
1.008	61.43	73.30	83.58	95.87	105.15	113.79	128.33
1.011	61.46	73.30	83.59	95.91	105.16	113.79	128.34
1.013	61.50	73.30	83.59	95.96	105.16	113.79	128.38
1.016	61.52	73.30	83.59	96.00	105.16	113.79	128.39
1.019	61.54	73.30	83.60	96.08	105.17	113.79	128.43
1.022	61.57	73.30	83.60	96.08	105.17	113.79	128.44
1.024	61.59	73.30	83.60	96.08	105.18	113.79	128.46
1.027	61.61	73.30	83.60	96.09	105.18	113.79	128.49
1.030	61.63	73.30	83.61	96.09	105.18	113.79	128.51
1.033	61.65	73.30	83.61	96.10	105.19	113.79	128.54
1.035	61.70	73.30	83.61	96.10	105.19	113.79	128.56
1.038	61.72	73.30	83.62	96.11	105.20	113.79	128.58
1.041	61.74	73.30	83.62	96.11	105.20	113.79	128.61
1.043	61.76	73.30	83.62	96.11	105.20	113.79	128.63
1.046	61.79	73.30	83.62	96.12	105.20	113.79	128.66
1.049	61.81	73.30	83.63	96.11	105.21	113.79	128.68
1.052	61.83	73.30	83.63	96.08	105.21	113.79	128.70
1.054	61.85	73.30	83.63	96.05	105.22	113.79	128.73
1.057	61.90	73.30	83.64	96.02	105.22	113.79	128.75
1.060	61.92	73.30	83.64	95.96	105.22	113.79	128.76
1.063	61.94	73.30	83.64	95.93	105.23	113.79	128.80
1.065	61.96	73.30	83.64	95.90	105.23	113.79	128.82
1.068	61.98	73.31	83.65	95.87	105.24	113.79	128.85
1.071	62.01	73.32	83.65	95.84	105.24	113.79	128.87
1.074	62.03	73.32	83.65	95.81	105.24	113.79	128.88
1.076	62.05	73.33	83.65	95.78	105.24	113.79	128.92
1.079	62.09	73.33	83.65	95.73	105.24	113.79	128.93
1.082	62.12	73.34	83.65	95.70	105.24	113.79	128.97
1.085	62.14	73.35	83.65	95.67	105.24	113.80	128.98
1.087	62.16	73.36	83.65	95.64	105.24	113.80	129.00
1.090	62.18	73.36	83.65	95.61	105.24	113.80	129.03
1.093	62.20	73.37	83.66	95.58	105.24	113.80	129.05
1.095	62.23	73.38	83.76	95.55	105.24	113.80	129.09
1.098	62.25	73.38	83.82	95.52	105.24	113.80	129.10
1.101	62.29	73.41	83.92	95.50	105.24	113.80	129.12
1.104	62.31	73.46	84.03	95.50	105.24	113.80	129.15
1.106	62.34	73.50	84.08	95.50	105.24	113.80	129.17
1.109	62.36	73.58	84.19	95.50	105.24	113.80	129.19
1.112	62.38	73.63	84.22	95.50	105.24	113.80	129.16
1.115	62.40	73.71	84.26	95.42	105.24	113.80	129.15
1.117	62.43	73.75	84.27	95.33	105.24	113.80	129.12
1.120	62.45	73.84	84.27	95.24	105.24	113.80	129.11
1.123	62.49	73.88	84.28	95.15	105.24	113.80	129.09
1.126	62.51	73.91	84.28	95.11	105.24	113.80	129.07
1.128	62.54	73.91	84.28	95.13	105.24	113.80	129.06
1.131	62.56	73.91	84.29	95.16	105.24	113.80	129.03
1.134	62.58	73.91	84.29	95.18	105.24	113.80	129.02
1.136	62.60	73.91	84.29	95.20	105.24	113.80	129.00
1.139	62.62	73.91	84.29	95.22	105.24	113.80	128.98
1.142	62.65	73.91	84.30	95.26	105.24	113.80	128.96
1.145	62.69	73.91	84.30	95.28	105.24	113.80	128.94
1.147	62.71	73.91	84.30	95.31	105.24	113.80	128.92
1.150	62.73	73.90	84.31	95.33	105.24	113.80	128.91
1.153	62.87	73.89	84.31	95.35	105.24	113.80	128.88
1.156	63.02	73.86	84.31	95.37	105.24	113.80	128.87
1.158	63.32	73.85	84.31	95.39	105.24	113.79	128.86
1.161	63.47	73.83	84.32	95.41	105.24	113.78	128.83
1.164	63.75	73.82	84.32	95.46	105.24	113.77	128.82
1.167	63.87	73.81	84.32	95.48	105.25	113.76	128.79
1.169	64.12	73.80	84.33	95.50	105.27	113.75	128.78
1.172	64.24	73.78	84.40	95.50	105.28	113.74	128.77
1.175	64.39	73.77	84.50	95.50	105.30	113.71	128.74
1.178	64.39	73.76	84.60	95.50	105.32	113.58	128.73
1.180	64.39	73.75	84.69	95.50	105.33	113.57	128.70
1.183	64.39	73.74	84.68	95.50	105.35	113.57	128.69
1.186	64.39	73.81	84.66	95.50	105.36	113.57	128.67
1.188	64.39	73.85	84.64	95.50	105.39	113.57	128.65
1.191	64.39	73.89	84.62	95.50	105.45	113.57	128.64
1.194	64.39	73.92	84.58	95.50	105.47	113.57	128.61
1.197	64.39	73.94	84.54	95.50	105.53	113.57	128.60
1.199	64.39	73.94	84.48	95.50	105.54	113.57	128.58
1.202	64.39	73.93	84.43	95.50	105.54	113.57	128.56
1.205	64.39	73.93	84.35	95.50	105.55	113.57	128.54
1.208	64.39	73.93	84.27	95.50	105.51	113.57	128.53
1.210	64.39	73.93	84.25	95.50	105.54	113.57	128.50
1.213	64.39	73.93	84.24	95.52	105.56	113.57	128.49
1.216	64.39	73.93	84.23	95.53	105.59	113.57	128.46
1.219	64.39	73.93	84.22	95.55	105.61	113.57	128.45
1.221	64.39	73.94	84.22	95.56	105.63	113.57	128.44
1.224	64.39	73.95	84.20	95.57	105.69	113.57	128.41
1.227	64.39	73.94	84.17	95.59	105.75	113.57	128.40
1.229	64.39	73.94	84.14	95.61	105.81	113.57	128.37
1.232	64.39	73.95	84.12	95.62	105.88	113.57	128.36
1.235	64.39	74.04	84.10	95.63	105.94	113.57	128.35
1.238	64.39	74.05	84.07	95.64	106.00	113.57	128.32
1.240	64.39	74.05	84.05	95.66	106.02	113.57	128.31
1.243	64.39	74.06	84.03	95.68	106.02	113.57	128.28
1.246	64.39	74.07	84.00	95.69	106.03	113.57	128.27
1.249	64.39	74.08	83.98	95.70	106.04	113.57	128.25
1.251	64.39	74.08	83.96	95.71	106.05	113.56	128.23
1.254	64.39	74.09	83.94	95.73	106.05	113.56	128.22
1.257	64.41	74.10	83.92	95.75	106.08	113.53	128.20
1.260	64.43	74.11	83.89	95.76	106.10	113.52	128.18
1.262	64.45	74.12	83.87	95.77	106.13	113.52	128.16
1.265	64.48	74.13	83.84	95.81	106.16	113.52	128.14
1.268	64.50	74.13	83.82	95.83	106.22	113.52	128.12
1.271	64.52	74.14	83.80	95.86	106.29	113.52	128.11
1.273	64.54	74.15	83.78	95.90	106.35	113.52	128.08
1.276	64.59	74.16	83.76	95.93	106.42	113.52	128.07
1.279	64.61	74.16	83.74	95.95	106.55	113.52	128.04
1.281	64.63	74.18	83.72	95.98	106.59	113.52	128.03
1.284	64.65	74.18	83.69	96.04	106.59	113.52	128.02
1.287	64.67	74.19	83.67	96.07	106.59	113.52	127.99
1.290	64.70	74.20	83.67	96.11	106.59	113.52	127.98
1.292	64.72	74.21	83.67	96.17	106.60	113.52	127.95
1.295	64.74	74.21	83.67	96.22	106.60	113.52	127.94
1.298	64.78	74.22	83.67	96.25	106.60	113.52	127.93
1.301	64.81	74.23	83.68	96.31	106.60	113.52	127.90
1.303	64.83	74.24	83.68	96.35	106.60	113.52	127.89
1.306	64.85	74.24	83.68	96.38	106.61	113.52	127.87
1.309	64.87	74.24	83.68	96.46	106.61	113.52	127.85
1.312	64.89	74.17	83.68	96.49	106.61	113.52	127.83
1.314	64.92	74.04	83.68	96.52	106.61	113.52	127.81
1.317	64.94	73.97	83.69	96.54	106.61	113.52	127.80
1.320	64.98	73.83	83.69	96.67	106.62	113.52	127.78
1.322	65.00	73.77	83.69	96.79	106.62	113.52	127.76
1.325	65.03	73.63	83.69	96.83	106.62	113.52	127.74
1.328	65.05	73.56	83.69	96.83	106.62	113.52	127.72
1.331	65.07	73.48	83.73	96.83	106.63	113.52	127.70
1.333	65.09	73.51	83.76	96.83	106.63	113.52	127.69
1.336	65.11	73.52	83.80	96.83	106.63	113.52	127.66
1.339	65.14	73.55	83.87	96.86	106.63	113.52	127.65
1.342	65.18	73.57	83.90	96.92	106.64	113.52	127.62
1.344	65.20	73.60	83.94	96.98	106.65	113.52	127.61
1.347	65.23	73.62	84.01	97.04	106.66	113.52	127.60
1.350	65.25	73.65	84.05	97.10	106.67	113.52	127.57
1.353	65.27	73.66	84.08	97.10	106.68	113.52	127.56
1.355	65.28	73.69	84.12	97.10	106.69	113.52	127.55
1.358	65.30	73.71	84.19	97.11	106.70	113.52	127.52
1.361	65.32	73.74	84.22	97.11	106.67	113.52	127.51
1.364	65.36	73.75	84.26	97.11	106.67	113.52	127.48
1.366	65.37	73.78	84.33	97.12	106.67	113.52	127.47
1.369	65.41	73.80	84.37	97.12	106.66	113.52	127.45
1.372	65.45	73.83	84.40	97.12	106.66	113.52	127.43
1.374	65.52	73.84	84.44	97.12	106.66	113.52	127.41
1.377	65.56	73.88	84.51	97.13	106.66	113.52	127.39
1.380	65.63	73.89	84.52	97.13	106.68	113.52	127.37
1.383	65.68	73.92	84.54	97.13	106.70	113.52	127.36
1.385	65.76	73.94	84.57	97.14	106.71	113.52	127.34
1.388	65.81	73.97	84.59	97.18	106.72	113.52	127.32
1.391	65.88	73.98	84.60	97.31	106.73	113.52	127.30
1.394	65.92	74.01	84.62	97.38	106.73	113.52	127.28
1.396	65.99	74.03	84.65	97.39	106.74	113.52	127.27
1.399	66.03	74.05	84.66	97.39	106.74	113.52	127.24
1.402	66.10	74.08	84.68	97.36	106.74	113.52	127.23
1.405	66.14	74.10	84.70	97.28	106.74	113.52	127.22
1.407	66.23	74.14	84.72	97.24	106.74	113.52	126.84
1.410	66.27	74.16	84.74	97.25	106.74	113.52	126.55
1.413	66.34	74.20	84.73	97.26	106.74	113.52	125.96
1.415	66.38	74.22	84.72	97.29	106.74	113.52	125.67
1.418	66.44	74.26	84.72	97.30	106.74	113.52	125.38
1.421	66.49	74.28	84.71	97.31	106.74	113.52	124.79
1.424	66.55	74.31	84.70	97.32	106.74	113.52	124.50
1.426	66.59	74.34	84.69	97.36	106.74	113.52	124.00
1.429	66.68	74.37	84.68	97.36	106.75	113.52	123.76
1.432	66.72	74.39	84.67	97.37	106.75	113.52	123.28
1.435	66.79	74.43	84.66	97.38	106.75	113.52	123.02
1.437	66.83	74.45	84.65	97.39	106.75	113.52	122.98
1.440	66.90	74.49	84.62	97.42	106.75	113.52	122.95
1.443	66.94	74.51	84.58	97.42	106.75	113.52	122.93
1.446	67.00	74.55	84.56	97.42	106.75	113.52	122.92
1.448	67.05	74.57	84.52	97.42	106.75	113.52	122.88
1.451	67.13	74.61	84.48	97.42	106.75	113.54	122.87
1.454	67.18	74.64	84.44	97.42	106.75	113.56	122.85
1.457	67.24	74.69	84.40	97.42	106.75	113.57	122.82
1.459	67.28	74.74	84.36	97.42	106.75	113.58	122.80
1.462	67.35	74.79	84.31	97.42	106.75	113.60	122.77
1.465	67.39	74.84	84.27	97.42	106.75	113.57	122.76
1.467	67.45	74.89	84.23	97.42	106.75	113.58	122.74
1.470	67.50	74.93	84.19	97.42	106.75	113.62	122.71
1.473	67.58	74.94	84.17	97.42	106.76	113.72	122.69
1.476	67.63	74.96	84.13	97.42	106.76	113.80	122.66
1.478	67.69	74.97	84.08	97.42	106.76	113.89	122.64
1.481	67.73	74.98	84.03	97.42	106.76	113.97	122.63
1.484	67.80	74.99	83.98	97.42	106.76	114.04	122.60
1.487	67.84	75.00	83.93	97.42	106.76	114.12	122.58
1.489	67.91	75.01	83.88	97.40	106.76	114.19	122.55
1.492	67.95	75.03	83.83	97.34	106.76	114.27	122.53
1.495	68.03	75.04	83.78	97.28	106.76	114.35	122.52
1.498	68.08	75.05	83.73	97.25	106.77	114.42	122.48
1.500	68.14	75.07	83.71	97.26	106.77	114.50	122.47
1.503	68.18	75.08	83.71	97.26	106.77	114.55	122.45
1.506	68.25	75.12	83.70	97.26	106.77	114.58	122.42
1.508	68.29	75.13	83.69	97.27	106.78	114.62	122.40
1.511	68.36	75.16	83.73	97.27	106.78	114.63	122.37
1.514	68.40	75.17	83.76	97.27	106.79	114.66	122.36
1.517	68.49	75.17	83.79	97.27	106.80	114.68	122.34
1.519	68.53	75.18	83.82	97.28	106.80	114.70	122.31
1.522	68.59	75.18	83.86	97.28	106.80	114.73	122.29
1.525	68.66	75.19	83.93	97.28	106.81	114.75	122.26
1.528	68.70	75.30	83.96	97.29	106.81	114.77	122.24
1.530	68.76	75.33	83.99	97.29	106.82	114.80	122.23
1.533	68.81	75.34	84.02	97.29	106.82	114.81	122.19
1.536	68.87	75.37	84.10	97.29	106.82	114.83	122.18
1.539	68.94	75.39	84.11	97.30	106.84	114.85	122.15
1.541	69.00	75.42	84.10	97.30	106.85	114.86	122.13
1.544	69.04	75.44	84.13	97.30	106.85	114.88	122.11
1.547	69.11	75.47	84.15	97.31	106.85	114.90	122.08
1.550	69.15	75.48	84.16	97.31	106.85	114.90	122.07
1.552	69.22	75.52	84.15	97.31	106.85	114.92	122.05
1.555	69.26	75.53	84.14	97.31	106.85	114.94	122.02
1.558	69.32	75.56	84.10	97.32	106.89	114.95	122.00
1.560	69.39	75.58	84.46	97.32	106.89	114.97	121.97
1.563	69.45	75.61	84.60	97.32	106.90	114.99	121.95
1.566	69.50	75.63	84.65	97.33	106.91	114.99	121.94
1.569	69.56	75.66	84.73	97.33	107.06	115.01	121.96
1.571	69.60	75.68	84.78	97.33	107.14	115.02	122.05
1.574	69.67	75.71	84.84	97.33	107.24	115.04	122.21
1.577	69.71	75.67	84.91	97.34	107.24	115.06	122.32
1.580	69.77	75.37	84.95	97.34	107.21	115.07	122.55
1.582	69.84	75.42	84.97	97.34	107.20	115.08	122.64
1.585	69.90	75.44	84.96	97.35	107.17	115.10	122.75
1.588	69.95	75.49	84.94	97.35	107.14	115.11	122.97
1.591	70.01	75.51	84.92	97.35	107.13	115.13	123.07
1.593	70.05	75.56	84.91	97.35	107.10	115.15	123.30
1.596	70.12	75.58	84.89	97.36	107.09	115.16	123.40
1.599	70.07	75.55	84.88	97.36	107.06	115.17	123.62
1.601	69.79	75.54	84.87	97.36	107.04	115.19	123.73
1.604	69.53	75.52	84.84	97.37	107.02	115.20	123.73
1.607	69.19	75.51	84.83	97.37	107.01	115.22	123.43
1.610	68.84	75.49	84.80	97.37	107.01	115.23	123.12
1.612	68.48	75.49	84.77	97.37	107.01	115.25	122.82
1.615	68.32	75.50	84.75	97.38	107.00	115.26	122.52
1.618	67.96	75.50	84.73	97.38	107.00	115.27	122.21
1.621	67.61	75.51	84.70	97.38	107.00	115.29	121.91
1.623	67.27	75.52	84.67	97.39	107.00	115.31	121.60
1.626	67.30	75.52	84.65	97.39	107.01	115.32	121.44
1.629	67.32	75.53	84.62	97.39	106.99	115.34	121.43
1.632	67.34	75.54	84.60	97.39	106.94	115.35	121.40
1.634	67.36	75.55	84.57	97.40	106.91	115.36	121.39
1.637	67.38	75.56	84.54	97.40	106.89	115.38	121.36
1.640	67.39	75.57	84.52	97.40	106.85	115.39	121.35
1.643	67.41	75.58	84.50	97.41	106.85	115.41	121.34
1.645	67.43	75.59	84.46	97.41	106.85	115.42	121.37
1.648	67.47	75.59	84.44	97.41	106.85	115.43	121.41
1.651	67.48	75.56	84.42	97.41	106.85	115.45	121.45
1.653	67.50	75.55	84.38	97.42	106.85	115.47	121.55
1.656	67.52	75.53	84.36	97.42	106.85	115.45	121.59
1.659	67.54	75.52	84.34	97.42	106.85	114.99	121.64
1.662	67.56	75.50	84.30	97.42	106.85	114.56	121.69
1.664	67.58	75.49	84.28	97.42	106.85	114.55	121.79
1.667	67.59	75.46	84.26	97.42	106.85	114.53	121.83
1.670	67.61	75.45	84.25	97.42	106.85	114.51	121.88
1.673	67.65	75.43	84.24	97.42	106.85	114.50	121.93
1.675	67.67	75.42	84.24	97.42	106.85	114.48	122.03
1.678	67.68	75.40	84.24	97.42	106.85	114.46	122.07
1.681	67.70	75.39	84.25	97.42	106.85	114.45	122.12
1.684	67.72	75.39	84.25	97.42	106.85	114.43	122.17
1.686	67.75	75.39	84.25	97.42	106.85	114.40	122.26
1.689	67.79	75.39	84.25	97.42	106.85	114.39	122.31
1.692	67.83	75.39	84.26	97.42	106.85	114.37	122.36
1.694	67.89	75.39	84.26	97.42	106.85	114.36	122.41
1.697	67.93	75.40	84.27	97.42	106.85	114.34	122.50
1.700	67.99	75.40	84.28	97.42	106.85	114.32	122.55
1.703	68.03	75.40	84.27	97.42	106.85	114.31	122.60
1.705	68.07	75.40	84.26	97.42	106.85	114.28	122.65
1.708	68.11	75.40	84.25	97.42	106.85	114.46	122.74
1.711	68.15	75.40	84.23	97.42	106.85	114.44	122.79
1.714	68.21	75.40	84.22	97.42	106.85	114.40	122.84
1.716	68.27	75.40	84.19	97.42	106.85	114.37	122.89
1.719	68.31	75.40	84.18	97.37	106.85	114.33	122.98
1.722	68.34	75.41	84.17	97.33	106.85	114.29	123.03
1.725	68.38	75.41	84.14	97.28	106.85	114.29	123.08
1.727	68.45	75.41	84.13	97.23	106.85	114.28	123.13
1.730	68.48	75.41	84.12	97.19	106.85	114.29	123.22
1.733	68.52	75.41	84.10	97.10	106.85	114.28	123.27
1.735	68.56	75.41	84.08	97.05	106.85	114.26	123.32
1.738	68.62	75.41	84.07	97.00	106.85	114.26	123.37
1.741	68.68	75.41	84.05	96.96	106.85	114.24	123.46
1.744	68.72	75.42	84.04	96.95	106.85	114.23	123.51
1.746	68.76	75.43	84.03	96.99	106.85	114.22	123.56
1.749	68.80	75.43	84.00	97.05	106.85	114.21	123.60
1.752	68.84	75.45	83.99	97.08	106.85	114.20	123.70
1.755	68.90	75.45	83.98	97.11	106.85	114.18	123.75
1.757	68.94	75.47	83.95	97.14	106.85	114.18	123.80
1.760	69.00	75.47	83.94	97.17	106.85	114.17	123.84
1.763	69.04	75.49	83.93	97.20	106.85	114.15	123.94
1.766	69.08	75.49	83.93	97.23	106.85	114.14	123.99
1.768	69.14	75.57	83.94	97.27	106.85	114.13	124.04
1.771	69.18	75.61	83.94	97.30	106.85	114.12	124.08
1.774	69.22	75.70	83.94	97.36	106.85	114.11	124.18
1.777	69.26	75.74	83.94	97.39	106.85	114.09	124.23
1.779	69.28	75.83	83.94	97.42	106.85	114.09	124.28
1.782	69.32	75.82	83.94	97.42	106.85	114.08	124.32
1.785	69.34	75.81	83.94	97.42	106.85	114.06	124.42
1.787	69.36	75.79	83.95	97.42	106.85	114.05	124.47
1.790	69.39	75.78	83.95	97.41	106.84	114.04	124.51
1.793	69.43	75.76	83.95	97.39	106.83	114.03	124.56
1.796	69.45	75.75	83.95	97.37	106.83	114.02	124.66
1.798	69.47	75.74	83.95	97.36	106.82	114.00	124.71
1.801	69.49	75.73	83.95	97.34	106.82	114.00	124.75
1.804	69.51	75.72	83.95	97.33	106.82	113.98	124.80
1.807	69.56	75.70	83.96	97.31	106.82	113.97	124.90
1.809	69.58	75.69	83.96	97.28	106.82	113.96	124.95
1.812	69.60	75.67	83.96	97.27	106.82	113.95	124.99
1.815	69.62	75.66	83.96	97.25	106.82	113.94	125.04
1.818	69.64	75.64	83.96	97.24	106.82	113.93	125.14
1.820	69.69	75.63	83.96	97.22	106.82	113.92	125.18
1.823	69.71	75.62	83.96	97.20	106.82	113.91	125.23
1.826	69.73	75.60	83.96	97.19	106.82	113.89	125.33
1.828	69.75	75.59	83.96	97.16	106.82	113.88	125.34
1.831	69.77	75.58	83.96	97.14	106.82	113.87	125.33
1.834	69.81	75.58	83.96	97.13	106.83	113.86	125.32
1.837	69.84	75.58	83.96	97.11	106.83	113.85	125.31
1.839	69.86	75.58	83.96	97.10	106.83	113.83	125.29
1.842	69.88	75.59	83.96	97.08	106.83	113.83	125.28
1.845	69.90	75.59	83.96	97.07	106.83	113.82	125.26
1.848	69.95	75.59	83.96	97.07	106.83	113.80	125.21
1.850	70.09	75.59	83.96	97.07	106.83	113.79	125.12
1.853	70.23	75.59	83.96	97.08	106.83	113.78	125.07
1.856	70.37	75.59	83.96	97.08	106.83	113.77	124.98
1.859	70.44	75.60	83.96	97.07	106.84	113.76	124.93
1.861	70.58	75.60	83.96	97.07	106.84	113.76	124.84
1.864	70.71	75.60	83.96	97.07	106.84	113.76	124.79
1.867	70.85	75.60	83.96	97.07	106.84	113.76	124.74
1.870	70.99	75.60	83.96	97.07	106.84	113.76	124.65
1.872	71.13	75.60	83.96	97.06	106.84	113.76	124.60
1.875	71.20	75.60	84.06	97.06	106.85	113.76	124.51
1.878	71.34	75.61	84.29	97.06	106.85	113.76	124.46
1.880	71.48	75.61	84.52	97.05	106.86	113.76	124.37
1.883	71.62	75.61	84.75	97.05	106.87	113.76	124.32
1.886	71.76	75.61	85.05	97.05	106.88	113.75	124.28
1.889	71.89	75.61	85.28	97.05	106.88	113.74	124.18
1.891	72.03	75.61	85.51	97.04	106.88	113.73	124.14
1.894	72.10	75.62	85.60	97.04	106.88	113.70	124.04
1.897	72.24	75.62	85.60	97.04	106.88	113.69	124.00
1.900	72.31	75.62	85.60	97.04	106.89	113.67	123.90
1.902	72.31	75.62	85.60	97.03	106.89	113.66	123.86
1.905	72.31	75.62	85.60	97.03	106.89	113.64	123.81
1.908	72.31	75.62	85.60	97.03	106.89	113.62	123.72
1.911	72.31	75.63	85.60	97.03	106.89	113.61	123.67
1.913	72.31	75.63	85.59	97.02	106.90	113.59	123.57
1.916	72.31	75.63	85.59	97.02	106.90	113.59	123.53
1.919	72.31	75.63	85.59	97.02	106.90	113.59	123.43
1.921	72.31	75.63	85.59	97.01	106.90	113.60	123.39
1.924	72.31	75.63	85.59	97.00	106.90	113.60	123.34
1.927	72.31	75.63	85.58	96.98	106.90	113.60	123.25
1.930	72.31	75.64	85.57	96.96	106.89	113.61	123.20
1.932	72.31	75.66	85.56	96.96	106.89	113.61	123.11
1.935	72.31	75.69	85.55	96.96	106.89	113.62	123.06
1.938	72.31	75.76	85.54	96.96	106.89	113.62	122.97
1.941	72.31	75.99	85.53	96.96	106.89	113.62	122.92
1.943	72.31	76.21	85.52	96.97	106.89	113.63	122.87
1.946	72.31	76.33	85.51	96.97	106.89	113.63	122.78
1.949	72.31	76.55	85.49	96.97	106.89	113.64	122.73
1.952	72.31	76.68	85.48	96.98	106.89	113.64	122.64
1.954	72.31	76.69	85.47	97.00	106.89	113.64	122.59
1.957	72.31	76.70	85.46	97.06	106.89	113.65	122.50
1.960	72.31	76.71	85.45	97.09	106.89	113.65	122.45
1.963	72.31	76.72	85.44	97.12	106.89	113.65	122.41
1.965	72.31	76.73	85.43	97.14	106.90	113.66	122.31
1.968	72.31	76.74	85.42	97.19	106.90	113.66	122.27
1.971	72.31	76.75	85.41	97.21	106.90	113.67	122.17
1.973	72.31	76.76	85.39	97.22	106.90	113.67	122.12
1.976	72.31	76.77	85.38	97.23	106.90	113.67	122.08
1.979	72.31	76.78	85.38	97.24	106.90	113.68	121.98
1.982	72.31	76.79	85.37	97.25	106.90	113.68	121.94
1.984	72.31	76.80	85.35	97.26	106.90	113.69	121.84
1.987	72.31	76.81	85.34	97.27	106.90	113.69	121.80
1.990	72.31	76.80	85.32	97.27	106.90	113.69	121.70
1.993	72.31	76.78	85.30	97.27	106.90	113.70	121.66
1.995	72.31	76.77	85.27	97.28	106.90	113.70	121.61
1.998	72.31	76.75	85.25	97.28	106.90	113.71	121.52
2.001	72.31	76.78	85.24	97.28	106.90	113.71	121.47
2.004	72.31	76.80	85.21	97.29	106.90	113.71	121.39
2.006	72.31	76.82	85.18	97.29	106.90	113.72	121.35
2.009	72.31	76.85	85.16	97.30	106.91	113.72	121.27
2.012	72.31	76.87	85.14	97.30	106.91	113.73	121.23
2.014	72.31	76.89	85.12	97.30	106.91	113.74	121.20
2.017	72.31	76.92	85.09	97.31	106.91	113.76	121.14
2.020	72.31	76.94	85.05	97.31	106.91	113.77	121.15
2.023	72.31	76.97	85.02	97.32	106.91	113.78	121.15
2.025	72.31	76.99	84.99	97.32	106.91	113.79	121.17
2.028	72.31	77.01	84.95	97.32	106.91	113.80	121.18
2.031	72.31	77.00	84.92	97.33	106.93	113.81	121.20
2.034	72.31	76.97	84.88	97.33	106.95	113.82	121.21
2.036	72.30	76.95	84.82	97.34	106.97	113.83	121.22
2.039	72.30	76.92	84.80	97.34	106.98	113.83	121.24
2.042	72.30	76.89	84.82	97.34	107.00	113.84	121.25
2.045	72.30	76.87	84.87	97.35	106.95	113.85	121.27
2.047	72.30	76.84	84.96	97.35	106.90	113.86	121.28
2.050	72.30	76.81	84.98	97.36	106.86	113.87	121.29
2.053	72.30	76.82	85.03	97.36	106.84	113.87	121.31
2.056	72.30	76.85	85.09	97.36	106.82	113.88	121.32
2.058	72.30	76.88	85.11	97.37	106.82	113.89	121.33
2.061	72.30	76.91	85.13	97.37	106.82	113.89	121.35
2.064	72.30	76.95	85.15	97.37	106.82	113.90	121.36
2.066	72.30	77.02	85.17	97.38	106.82	113.91	121.38
2.069	72.30	77.05	85.19	97.38	106.82	113.91	121.38
2.072	72.30	77.08	85.21	97.39	106.82	113.92	121.39
2.075	72.30	77.11	85.21	97.39	106.82	113.93	121.41
2.077	72.30	77.14	85.23	97.39	106.83	113.94	121.42
2.080	72.30	77.17	85.23	97.40	106.84	113.94	121.44
2.083	72.30	77.19	85.25	97.40	106.87	113.95	121.45
2.086	72.30	77.20	85.26	97.41	106.90	113.96	121.47
2.088	72.30	77.20	85.26	97.41	106.94	113.96	121.49
2.091	72.30	77.21	85.27	97.41	106.96	113.97	121.50
2.094	72.31	77.22	85.29	97.43	107.00	113.98	121.52
2.097	72.33	77.32	85.27	97.45	107.04	113.98	121.54
2.099	72.35	77.39	85.25	97.46	107.06	113.99	121.55
2.102	72.39	77.39	85.22	97.47	107.10	114.00	121.57
2.105	72.41	77.38	85.20	97.49	107.13	114.01	121.58
2.107	72.40	77.38	85.24	97.50	107.15	114.02	121.60
2.110	72.39	77.39	85.28	97.52	107.15	114.02	121.62
2.113	72.38	77.40	85.32	97.53	107.16	114.03	121.63
2.116	72.37	77.41	85.36	97.55	107.16	114.04	121.65
2.118	72.37	77.33	85.40	97.57	107.17	114.04	121.67
2.121	72.35	77.31	85.43	97.58	107.17	114.05	121.68
2.124	72.35	77.29	85.62	97.58	107.17	114.06	121.70
2.127	72.33	77.27	85.64	97.51	107.18	114.06	121.71
2.129	72.33	77.25	85.67	97.50	107.18	114.07	121.74
2.132	72.31	77.24	85.68	97.50	107.19	114.08	121.75
2.135	72.30	77.22	85.71	97.51	107.19	114.09	121.76
2.138	72.30	77.20	85.73	97.50	107.15	114.08	121.78
2.140	72.30	77.18	85.74	97.50	107.07	114.07	121.79
2.143	72.30	77.16	85.76	97.49	107.00	114.06	121.82
2.146	72.30	77.14	85.79	97.46	106.92	114.06	121.83
2.149	72.30	77.12	85.80	97.43	106.84	114.06	121.84
2.151	72.30	77.11	85.83	97.42	106.82	114.05	121.86
2.154	72.30	77.11	85.86	97.40	106.82	114.05	121.88
2.157	72.30	77.10	85.88	97.39	106.82	114.04	121.89
2.159	72.30	77.09	85.74	97.37	106.82	114.03	121.91
2.162	72.30	77.08	85.78	97.35	106.82	114.02	121.92
2.165	72.30	77.08	85.85	97.34	106.82	114.03	121.95
2.168	72.30	77.07	85.89	97.32	106.82	114.03	121.96
2.170	72.30	77.06	85.93	97.31	106.82	114.03	121.97
2.173	72.30	77.05	85.95	97.30	106.82	114.04	121.99
2.176	72.30	77.05	85.96	97.28	106.82	114.05	122.00
2.179	72.30	77.04	85.97	97.26	106.82	114.06	122.03
2.181	72.30	77.03	85.98	97.25	106.82	114.08	122.04
2.184	72.30	77.02	85.99	97.23	106.83	114.09	122.05
2.187	72.30	77.02	86.00	97.22	106.84	114.10	122.08
2.190	72.30	77.01	86.00	97.20	106.86	114.11	122.09
2.192	72.30	77.01	86.01	97.32	106.90	114.13	122.11
2.195	72.30	77.00	86.02	97.41	106.91	114.14	122.12
2.198	72.30	76.99	86.03	97.39	106.95	114.15	122.13
2.200	72.30	76.98	86.03	97.35	106.99	114.19	122.16
2.203	72.30	76.97	86.04	97.33	107.01	114.25	122.17
2.206	72.30	76.97	86.05	97.30	107.04	114.28	122.18
2.209	72.30	76.96	86.06	97.26	107.06	114.31	122.20
2.211	72.28	76.95	86.06	97.24	107.10	114.37	122.22
2.214	72.25	76.94	86.07	97.25	107.14	114.40	122.24
2.217	72.23	76.94	86.08	97.26	107.15	114.43	122.25
2.220	72.20	76.93	86.09	97.27	107.19	114.50	122.26
2.222	72.14	76.92	86.10	97.28	107.21	114.53	122.29
2.225	72.12	76.91	86.11	97.29	107.21	114.56	122.30
2.228	72.09	76.91	86.11	97.30	107.21	114.62	122.32
2.231	72.06	76.90	86.12	97.32	107.21	114.65	122.33
2.233	72.03	76.89	86.13	97.33	107.21	114.68	122.34
2.236	71.99	76.88	86.14	97.34	107.21	114.74	122.37
2.239	71.92	76.88	86.14	97.35	107.21	114.77	122.38
2.242	71.84	76.87	86.15	97.36	107.21	114.81	122.40
2.244	71.76	76.87	86.16	97.38	107.21	114.86	122.41
2.247	71.66	76.86	86.17	97.41	107.21	114.90	122.43
2.250	71.58	76.85	86.17	97.44	107.21	114.95	122.45
2.252	71.45	76.84	86.18	97.46	107.21	114.98	122.46
2.255	71.41	76.84	86.19	97.48	107.21	115.01	122.47
2.258	71.38	76.83	86.20	97.50	107.21	115.06	122.50
2.261	71.34	76.82	86.21	97.55	107.21	115.09	122.51
2.263	71.31	76.81	86.22	97.56	107.21	115.48	122.53
2.266	71.27	76.81	86.22	97.58	107.21	115.60	122.54
2.269	71.24	76.80	86.23	97.59	107.21	115.61	122.56
2.272	71.17	76.78	86.24	97.60	107.21	115.62	122.58
2.274	71.14	76.77	86.25	97.61	107.21	115.62	122.59
2.277	71.10	76.77	86.25	97.62	107.21	115.62	122.61
2.280	71.06	76.75	86.26	97.64	107.21	115.63	122.63
2.283	71.03	76.74	86.27	97.64	107.21	115.63	122.64
2.285	70.99	76.72	86.28	97.64	107.21	115.64	122.66
2.288	70.95	76.71	86.28	97.64	107.21	115.65	122.67
2.291	70.92	76.65	86.29	97.64	107.21	115.65	122.91
2.293	70.88	76.51	86.30	97.64	107.21	115.66	123.31
2.296	70.85	76.45	86.31	97.64	107.21	115.66	123.59
2.299	70.78	76.31	86.31	97.64	107.21	115.70	123.89
2.302	70.75	76.28	86.31	97.64	107.21	115.73	124.22
2.304	70.71	76.26	86.30	97.64	107.21	115.80	124.30
2.307	70.68	76.25	86.30	97.64	107.21	115.83	124.31
2.310	70.64	76.19	86.29	97.64	107.21	115.86	124.31
2.313	70.60	76.18	86.29	97.64	107.22	115.92	124.31
2.315	70.57	76.19	86.29	97.64	107.22	115.95	124.31
2.318	70.53	76.19	86.28	97.62	107.23	115.98	124.31
2.321	70.49	76.18	86.28	97.60	107.24	116.04	124.32
2.324	70.43	76.20	86.25	97.59	107.25	116.08	124.31
2.326	70.39	76.20	86.23	97.57	107.28	116.11	124.32
2.329	70.36	76.20	86.21	97.56	107.28	116.17	124.32
2.332	70.32	76.21	86.18	97.55	107.28	116.20	124.32
2.335	70.29	76.21	86.16	97.53	107.29	116.23	124.32
2.337	70.25	76.21	86.12	97.49	107.30	116.29	124.31
2.340	70.22	76.21	86.10	97.41	107.31	116.32	124.32
2.343	70.18	76.21	86.07	97.34	107.31	116.35	124.32
2.345	70.14	76.21	86.05	97.32	107.32	116.40	124.32
2.348	70.10	76.22	86.03	97.32	107.33	116.43	124.33
2.351	70.04	76.22	86.00	97.30	107.35	116.45	124.33
2.354	70.01	76.22	85.98	97.28	107.37	116.49	124.33
2.356	69.97	76.22	85.94	97.27	107.40	116.51	124.34
2.359	69.93	76.22	85.93	97.25	107.42	116.55	124.35
2.362	69.90	76.22	85.91	97.24	107.46	116.57	124.36
2.365	69.86	76.22	85.87	97.23	107.49	116.58	124.36
2.367	69.83	76.23	85.85	97.21	107.51	116.59	124.36
2.370	69.79	76.23	85.82	97.20	107.54	116.49	124.38
2.373	69.76	76.23	85.80	97.18	107.57	116.39	124.38
2.376	69.69	76.23	85.78	97.31	107.59	116.29	124.39
2.378	69.66	76.23	85.75	97.45	107.62	116.18	124.39
2.381	69.62	76.23	85.82	97.45	107.64	116.08	124.39
2.384	69.58	76.23	85.87	97.45	107.65	115.98	124.41
2.386	69.54	76.21	85.91	97.45	107.65	115.88	124.41
2.389	69.51	76.20	85.96	97.45	107.66	115.78	124.42
2.392	69.47	76.18	86.05	97.45	107.45	115.71	124.43
2.395	69.44	76.16	86.10	97.45	107.32	115.71	124.43
2.397	69.40	76.15	86.15	97.45	107.32	115.72	124.44
2.400	69.37	76.13	86.20	97.45	107.32	115.72	124.44
2.403	69.30	76.12	86.24	97.45	107.32	115.72	124.44
2.406	69.27	76.11	86.34	97.45	107.33	115.73	124.46
2.408	69.23	76.09	86.39	97.45	107.35	115.73	124.46
2.411	69.20	76.08	86.43	97.45	107.39	115.74	124.47
2.414	69.16	76.06	86.48	97.45	107.42	115.74	124.47
2.417	69.12	76.05	86.54	97.45	107.45	115.75	124.48
2.419	69.08	76.04	86.55	97.45	107.50	115.75	124.49
2.422	69.05	76.02	86.57	97.45	107.53	115.75	124.49
2.425	69.01	76.01	86.59	97.45	107.56	115.76	124.51
2.428	68.95	76.00	86.62	97.45	107.60	115.76	124.51
2.430	68.91	75.98	86.65	97.45	107.64	115.77	124.51
2.433	68.88	75.96	86.67	97.45	107.68	115.77	124.52
2.436	68.85	75.94	86.69	97.37	107.73	115.77	124.52
2.438	68.81	75.93	86.71	97.45	107.75	115.78	124.54
2.441	68.77	75.92	86.72	97.45	107.76	115.78	124.54
2.444	68.73	75.90	86.73	97.45	107.77	115.78	124.54
2.447	68.70	75.89	86.74	97.45	107.78	115.79	124.55
2.449	68.66	75.87	86.75	97.45	107.79	115.79	124.56
2.452	68.63	75.86	86.75	97.43	107.80	115.80	124.56
2.455	68.56	75.85	86.76	97.43	107.81	115.80	124.57
2.458	68.53	75.83	86.77	97.41	107.82	115.81	124.57
2.460	68.49	75.82	86.78	97.39	107.83	115.81	124.59
2.463	68.46	75.81	86.78	97.38	107.84	115.81	124.59
2.466	68.42	75.79	86.79	97.36	107.85	115.82	124.59
2.469	68.39	75.77	86.80	97.28	107.94	115.82	124.60
2.471	68.35	75.76	86.79	97.12	108.14	115.83	124.61
2.474	68.31	75.74	86.78	97.11	108.33	115.83	124.62
2.477	68.27	75.73	86.78	97.12	108.38	115.84	124.62
2.479	68.21	75.71	86.77	97.12	108.41	115.84	124.62
2.482	68.20	75.70	86.74	97.11	108.41	115.84	124.64
2.485	68.21	75.69	86.73	97.12	108.41	115.85	124.64
2.488	68.22	75.67	86.72	97.13	108.41	115.85	124.65
2.490	68.24	75.66	86.71	97.14	108.41	115.85	124.65
2.493	68.25	75.64	86.70	97.14	108.41	115.86	124.66
2.496	68.27	75.63	86.67	97.14	108.41	115.86	124.67
2.499	68.28	75.62	86.63	97.14	108.42	115.87	124.67
2.501	68.30	75.60	86.58	97.14	108.43	115.87	124.67
2.504	68.31	75.59	86.50	97.16	108.43	115.87	124.68
2.507	68.32	75.57	86.46	97.16	108.44	115.88	124.68
2.510	68.33	75.55	86.41	97.16	108.44	115.88	124.70
2.512	68.35	75.54	86.37	97.16	108.45	115.89	124.70
2.515	68.36	75.53	86.33	97.16	108.46	115.89	124.70
2.518	68.38	75.52	86.29	97.17	108.46	115.90	124.71
2.521	68.41	75.52	86.25	97.17	108.47	115.90	124.71
2.523	68.45	75.50	86.21	97.18	108.48	115.91	124.73
2.526	68.47	75.50	86.12	97.17	108.48	115.91	124.73
2.529	68.53	75.48	86.08	97.15	108.49	115.91	124.73
2.531	68.55	75.47	86.03	97.13	108.49	115.92	124.75
2.534	68.60	75.47	85.99	97.12	108.50	115.92	124.75
2.537	68.63	75.45	85.95	97.13	108.50	115.92	124.78
2.540	68.66	75.44	85.91	97.14	108.51	115.93	124.82
2.542	68.71	75.43	85.87	97.16	108.52	115.93	124.84
2.545	68.74	75.44	85.83	97.18	108.52	115.94	124.89
2.548	68.77	75.47	85.74	97.19	108.53	115.94	124.92
2.551	68.82	75.49	85.70	97.21	108.53	115.94	124.94
2.553	68.85	75.51	85.58	97.22	108.54	115.95	124.99
2.556	68.88	75.54	85.47	97.24	108.54	115.95	125.01
2.559	68.93	75.56	85.36	97.26	108.52	115.96	125.06
2.562	68.96	75.54	85.28	97.27	108.48	115.96	125.09
2.564	69.01	75.50	85.24	97.29	108.44	115.97	125.11
2.567	69.04	75.47	85.05	97.30	108.40	115.97	125.16
2.570	69.06	75.43	85.06	97.33	108.39	115.97	125.18
2.572	69.12	75.39	85.08	97.35	108.38	115.98	125.22
2.575	69.14	75.31	85.12	97.36	108.37	115.98	125.22
2.578	69.18	75.28	85.14	97.38	108.37	115.99	125.23
2.581	69.22	75.24	85.18	97.40	108.40	115.99	125.25
2.583	69.24	75.22	85.20	97.41	108.47	115.99	125.25
2.586	69.26	75.20	85.23	97.43	108.51	116.00	125.27
2.589	69.30	75.18	85.26	97.44	108.51	116.00	125.28
2.592	69.31	75.17	85.30	97.46	108.51	116.00	125.29
2.594	69.35	75.14	85.33	97.48	108.50	116.01	125.30
2.597	69.37	75.13	85.36	97.49	108.50	116.01	125.31
2.600	69.40	75.11	85.38	97.51	108.49	116.01	125.32
2.603	69.43	75.09	85.42	97.43	108.49	116.01	125.33
2.605	69.45	75.08	85.44	97.33	108.49	116.01	125.34
2.608	69.47	75.05	85.48	97.40	108.48	116.01	125.36
2.611	69.51	75.04	85.50	97.43	108.48	116.01	125.37
2.614	69.53	75.03	85.55	97.50	108.48	116.01	125.37
2.616	69.57	75.00	85.57	97.52	108.47	116.01	125.39
2.619	69.61	74.99	85.60	97.57	108.47	116.02	125.40
2.622	69.66	74.96	85.63	97.59	108.47	116.07	125.42
2.624	69.73	74.95	85.63	97.64	108.46	116.12	125.42
2.627	69.78	74.94	85.63	97.64	108.46	116.15	125.43
2.630	69.84	74.91	85.65	97.64	108.46	116.20	125.45
2.633	69.91	74.90	85.65	97.64	108.42	116.22	125.45
2.635	69.96	74.88	85.65	97.64	108.39	116.27	125.47
2.638	70.01	74.86	85.67	97.64	108.34	116.32	125.48
2.641	70.06	74.85	85.67	97.64	108.31	116.35	125.49
2.644	70.08	74.82	85.64	97.64	108.26	116.40	125.50
2.646	70.09	74.81	85.57	97.64	108.22	116.42	125.51
2.649	70.11	74.70	85.45	97.64	108.22	116.47	125.52
2.652	70.12	74.31	85.38	97.64	108.21	116.50	125.53
2.655	70.16	74.04	85.26	97.64	108.21	116.55	125.54
2.657	70.17	73.87	85.19	97.64	108.21	116.60	125.56
2.660	70.19	73.81	85.07	97.64	108.21	116.62	125.57
2.663	70.21	73.77	85.01	97.64	108.21	116.67	125.57
2.665	70.22	73.74	84.89	97.63	108.21	116.70	125.59
2.668	70.24	73.66	84.81	97.58	108.21	116.75	125.60
2.671	70.25	73.63	84.69	97.54	108.11	116.80	125.62
2.674	70.27	73.59	84.62	97.49	108.00	116.82	125.62
2.676	70.28	73.55	84.50	97.44	107.97	116.87	125.63
2.679	70.30	73.52	84.44	97.40	107.97	116.90	125.65
2.682	70.21	73.48	84.31	97.34	107.96	116.95	125.65
2.685	70.10	73.41	84.26	97.30	107.95	117.00	125.67
2.687	69.99	73.41	84.24	97.25	107.94	117.03	125.68
2.690	69.77	73.43	84.23	97.20	107.94	117.08	125.69
2.693	69.63	73.45	84.22	97.16	107.94	117.10	125.71
2.696	69.49	73.47	84.22	97.15	107.94	117.15	125.71
2.698	69.26	73.51	84.21	97.16	107.94	117.20	125.72
2.701	69.21	73.53	84.20	97.16	107.94	117.23	125.73
2.704	69.22	73.55	84.19	97.17	107.95	117.28	125.74
2.707	69.23	73.57	84.18	97.18	107.95	117.30	125.76
2.709	69.24	73.59	84.16	97.18	107.95	117.35	125.77
2.712	69.30	73.61	84.16	97.19	107.95	117.38	125.78
2.715	69.34	73.63	84.15	97.20	107.95	117.43	125.82
2.717	69.37	73.65	84.14	97.21	107.95	117.48	125.83
2.720	69.41	73.67	84.13	97.21	107.95	117.50	125.87
2.723	69.44	73.72	84.12	97.22	107.96	117.55	125.89
2.726	69.45	73.75	84.11	97.23	107.97	117.58	125.92
2.728	69.47	73.73	84.09	97.24	107.98	117.63	125.94
2.731	69.48	73.76	84.09	97.24	107.98	117.68	125.95
2.734	69.49	73.81	84.08	97.25	107.99	117.70	125.97
2.737	69.51	73.82	84.07	97.26	108.00	117.76	125.98
2.739	69.54	73.83	84.06	97.26	108.01	117.78	125.98
2.742	69.55	73.85	84.05	97.27	108.02	117.83	126.01
2.745	69.56	73.86	84.04	97.28	108.03	117.88	126.01
2.748	69.58	73.90	84.03	97.29	108.04	117.91	126.02
2.750	69.59	73.92	84.00	97.29	108.04	117.96	126.01
2.753	69.60	73.94	83.96	97.30	108.05	117.98	125.99
2.756	69.62	73.96	83.93	97.30	108.06	118.03	125.98
2.758	69.63	73.98	83.90	97.32	108.07	118.06	125.96
2.761	69.64	74.00	83.87	97.32	108.08	118.11	125.95
2.764	69.76	74.02	83.83	97.33	108.09	118.16	125.93
2.767	69.89	74.04	83.78	97.34	108.09	118.18	125.92
2.769	70.01	74.06	83.74	97.35	108.10	118.23	125.91
2.772	70.20	74.10	83.66	97.36	108.11	118.26	125.89
2.775	70.31	74.12	83.62	97.37	108.12	118.31	125.88
2.778	70.41	74.14	83.57	97.38	108.13	118.36	125.86
2.780	70.56	74.16	83.53	97.40	108.14	118.38	125.86
2.783	70.65	74.18	83.49	97.42	108.14	118.43	125.87
2.786	70.75	74.20	83.44	97.43	108.15	118.46	125.88
2.789	70.83	74.22	83.40	97.44	108.16	118.51	125.88
2.791	70.78	74.24	83.37	97.45	108.17	118.56	125.90
2.794	70.75	74.26	83.36	97.46	108.18	118.59	125.90
2.797	70.73	74.30	83.33	97.47	108.18	118.64	125.92
2.799	70.71	74.32	83.28	97.48	108.23	118.66	125.92
2.802	70.68	74.34	83.26	97.51	108.28	118.71	125.92
2.805	70.65	74.36	83.21	97.52	108.31	118.76	125.94
2.808	70.60	74.40	83.20	97.53	108.36	118.79	125.94
2.810	70.58	74.45	83.21	97.54	108.41	118.84	125.95
2.813	70.55	74.50	83.22	97.55	108.44	118.86	125.96
2.816	70.52	74.53	83.23	97.56	108.44	118.91	125.97
2.819	70.50	74.57	83.24	97.55	108.45	118.94	125.97
2.821	70.47	74.70	83.24	97.50	108.45	118.99	125.99
2.824	70.44	74.83	83.25	97.49	108.45	119.04	125.99
2.827	70.44	74.96	83.26	97.49	108.45	119.06	125.99
2.830	70.44	75.10	83.27	97.50	108.46	119.11	126.01
2.832	70.44	75.09	83.28	97.51	108.46	119.14	126.01
2.835	70.44	75.09	83.29	97.51	108.46	119.19	126.02
2.838	70.42	75.08	83.30	97.52	108.47	119.24	126.03
2.841	70.42	75.08	83.31	97.53	108.47	119.26	126.04
2.843	70.42	75.07	83.32	97.54	108.47	119.31	126.04
2.846	70.42	75.07	83.33	97.51	108.48	119.34	126.06
2.849	70.41	75.06	83.33	97.44	108.48	119.39	126.06
2.851	70.38	75.06	83.34	97.37	108.48	119.44	126.06
2.854	70.37	75.05	83.35	97.31	108.49	119.47	126.08
2.857	70.29	75.05	83.35	97.24	108.49	119.52	126.08
2.860	70.24	75.04	83.35	97.18	108.50	119.54	126.10
2.862	70.19	75.03	83.35	97.04	108.51	119.59	126.10
2.865	70.12	75.03	83.34	97.04	108.53	119.64	126.11
2.868	70.07	75.02	83.29	97.07	108.54	119.67	126.06
2.871	70.00	75.05	83.26	97.09	108.54	119.72	125.84
2.873	69.92	75.07	83.21	97.13	108.56	119.74	125.63
2.876	69.87	75.09	83.24	97.16	108.57	119.79	125.42
2.879	69.84	75.11	83.27	97.18	108.58	119.82	125.21
2.882	69.81	75.13	83.30	97.20	108.58	119.86	124.76
2.884	69.76	75.15	83.33	97.25	108.60	119.91	124.56
2.887	69.74	75.17	83.35	97.27	108.61	119.93	124.34
2.890	69.71	75.18	83.35	97.29	108.62	119.92	124.17
2.892	69.69	75.22	83.35	97.31	108.63	119.90	124.01
2.895	69.65	75.24	83.32	97.36	108.64	119.88	123.84
2.898	69.63	75.26	83.29	97.38	108.64	119.86	123.49
2.901	69.58	75.20	83.27	97.40	108.64	119.84	123.52
2.903	69.56	75.13	83.24	97.43	108.64	119.82	123.53
2.906	69.53	75.00	83.22	97.47	108.65	119.80	123.54
2.909	69.50	74.93	83.19	97.49	108.65	119.78	123.57
2.912	69.48	74.88	83.18	97.49	108.66	119.76	123.58
2.914	69.44	74.87	83.18	97.49	108.66	119.39	123.61
2.917	69.39	74.84	83.18	97.49	108.66	119.01	123.63
2.920	69.36	74.83	83.18	97.50	108.64	118.63	123.64
2.923	69.34	74.80	83.18	97.50	108.64	118.25	123.67
2.925	69.30	74.79	83.18	97.50	108.62	117.87	123.68
2.928	69.28	74.77	83.18	97.50	108.62	117.50	123.69
2.931	69.23	74.75	83.33	97.51	108.61	116.74	123.72
2.934	69.19	74.73	83.43	97.51	108.60	116.64	123.73
2.936	69.17	74.73	83.43	97.51	108.60	116.69	123.75
2.939	69.14	74.72	83.43	97.51	108.58	116.72	123.77
2.942	69.11	74.72	83.44	97.51	108.58	116.75	123.79
2.944	69.08	74.71	83.44	97.52	108.58	116.81	123.80
2.947	69.03	74.71	83.44	97.52	108.56	116.84	123.84
2.950	68.99	74.72	83.44	97.52	108.56	116.87	123.86
2.953	68.97	74.73	83.45	97.52	108.55	116.93	123.88
2.955	68.94	74.74	83.45	97.53	108.55	116.96	123.91
2.958	68.91	74.80	83.45	97.53	108.55	116.99	123.94
2.961	68.88	74.99	83.46	97.53	108.55	117.04	123.97
2.964	68.83	75.17	83.46	97.53	108.55	117.08	124.02
2.966	68.80	75.33	83.46	97.54	108.56	117.11	124.04
2.969	68.77	75.31	83.46	97.54	108.56	117.16	124.09
2.972	68.74	75.27	83.47	97.54	108.56	117.20	124.11
2.975	68.71	75.24	83.47	97.54	108.53	117.23	124.14
2.977	68.66	75.21	83.47	97.55	108.46	117.28	124.18
2.980	68.63	75.17	83.47	97.55	108.45	117.32	124.21
2.983	68.60	75.14	83.48	97.55	108.45	117.35	124.24
2.985	68.57	75.12	83.48	97.55	108.45	117.40	124.28
2.988	68.54	75.09	83.48	97.56	108.44	117.44	124.31
2.991	68.51	74.74	83.49	97.56	108.44	117.47	124.34
2.994	68.46	74.78	83.49	97.54	108.44	117.52	124.38
2.996	68.43	74.81	83.49	97.54	108.43	117.55	124.41
2.999	68.40	74.85	83.49	97.52	108.43	117.59	124.43
3.002	68.37	74.88	83.50	97.51	108.43	117.64	124.48
3.005	68.34	74.89	83.50	97.50	108.42	117.67	124.50
3.007	68.29	74.86	83.50	97.49	108.42	117.71	124.54
3.010	68.26	74.82	83.55	97.48	108.43	117.76	124.58
3.013	68.23	74.79	83.54	97.47	108.43	117.79	124.60
3.016	68.20	74.77	83.53	97.45	108.44	117.82	124.63
3.018	68.17	74.73	83.53	97.45	108.45	117.84	124.67
3.021	68.14	74.70	83.52	97.43	108.45	117.85	124.70
3.024	68.09	74.66	83.52	97.43	108.49	117.85	124.75
3.027	68.06	74.63	83.52	97.44	108.50	117.87	124.78
3.029	68.04	74.60	83.52	97.50	108.52	117.88	124.80
3.032	68.00	74.58	83.53	97.59	108.55	117.88	124.84
3.035	67.98	74.54	83.53	97.59	108.55	117.90	124.87
3.037	67.80	74.51	83.53	97.60	108.55	117.91	124.90
3.040	67.68	74.49	83.53	97.60	108.54	117.92	124.95
3.043	67.57	74.48	83.54	97.60	108.54	117.93	124.96
3.046	67.34	74.47	83.54	97.60	108.54	117.94	124.96
3.048	67.22	74.46	83.54	97.61	108.54	117.95	124.97
3.051	67.13	74.45	83.60	97.61	108.54	117.96	124.96
3.054	67.09	74.44	83.64	97.61	108.54	117.97	124.97
3.057	67.07	74.43	83.67	97.61	108.53	117.98	124.97
3.059	67.05	74.42	83.73	97.63	108.53	117.99	124.97
3.062	67.03	74.41	83.75	97.64	108.53	118.00	124.97
3.065	67.02	74.41	83.78	97.66	108.53	118.01	124.97
3.068	67.00	74.40	83.73	97.67	108.53	118.02	124.97
3.070	66.95	74.40	83.68	97.67	108.53	118.03	124.95
3.073	66.94	74.42	83.60	97.72	108.53	118.04	124.82
3.076	66.92	74.45	83.58	97.73	108.52	118.05	124.75
3.078	66.90	74.48	83.48	97.74	108.52	118.06	124.62
3.081	66.88	74.50	83.43	97.75	108.52	118.07	124.55
3.084	66.86	74.56	83.44	97.77	108.52	118.08	124.49
3.087	66.82	74.58	83.47	97.78	108.52	118.09	124.36
3.089	66.80	74.62	83.49	97.79	108.52	118.10	124.29
3.092	66.78	74.65	83.50	97.80	108.51	118.11	124.23
3.095	66.76	74.68	83.52	97.80	108.51	118.12	124.09
3.098	66.74	74.74	83.53	97.80	108.51	118.13	124.03
3.100	66.70	74.78	83.55	97.80	108.51	118.14	123.97
3.103	66.68	74.81	83.56	97.80	108.51	118.15	123.83
3.106	66.67	74.84	83.57	97.79	108.51	118.16	123.77
3.109	66.65	74.87	83.58	97.79	108.51	118.14	123.70
3.111	66.63	74.93	83.58	97.79	108.50	118.12	123.57
3.114	66.61	74.96	83.58	97.79	108.50	118.10	123.52
3.117	66.57	75.00	83.58	97.79	108.50	118.08	123.47
3.120	66.55	75.03	83.58	97.78	108.43	118.07	123.36
3.122	66.53	75.08	83.58	97.78	108.39	118.05	123.31
3.125	66.51	75.12	83.58	97.78	108.35	118.03	123.27
3.128	66.49	75.18	83.58	97.78	108.32	118.01	123.16
3.130	66.47	75.22	83.58	97.78	108.32	117.99	123.14
3.133	66.43	75.29	83.55	97.78	108.33	117.97	123.15
3.136	66.41	75.32	83.52	97.77	108.33	117.95	123.17
3.139	66.40	75.39	83.49	97.77	108.34	117.94	123.18
3.141	66.38	75.43	83.47	97.77	108.34	117.92	123.19
3.144	66.36	75.50	83.44	97.77	108.35	117.90	123.21
3.147	67.08	75.53	83.41	97.77	108.35	117.88	123.22
3.150	67.50	75.60	83.38	97.77	108.36	118.06	123.24
3.152	67.82	75.64	83.35	97.76	108.36	118.15	123.25
3.155	67.82	75.71	83.32	97.76	108.36	118.24	123.28
3.158	67.82	75.74	83.32	97.76	108.37	118.33	123.29
3.161	67.82	75.81	83.33	97.76	108.37	118.42	123.30
3.163	67.81	75.85	83.34	97.76	108.38	118.46	123.32
3.166	67.81	75.92	83.34	97.76	108.38	118.49	123.33
3.169	67.81	75.95	83.35	97.76	108.39	118.51	123.35
3.171	67.81	76.02	83.37	97.76	108.39	118.53	123.36
3.174	67.80	76.00	83.41	97.76	108.39	118.55	123.38
3.177	67.80	75.94	83.44	97.76	108.40	118.57	123.39
3.180	67.80	76.17	83.48	97.76	108.40	118.60	123.40
3.182	67.80	76.23	83.50	97.76	108.41	118.58	123.42
3.185	67.80	76.27	83.54	97.76	108.41	118.58	123.44
3.188	67.79	76.33	83.57	97.76	108.41	118.51	123.46
3.191	67.79	76.37	83.61	97.76	108.42	118.39	123.47
3.193	67.79	76.44	83.63	97.76	108.44	118.42	123.49
3.196	67.79	76.47	83.75	97.77	108.46	118.45	123.50
3.199	67.78	76.54	83.88	97.77	108.46	118.48	123.51
3.202	67.78	76.58	83.92	97.77	108.45	118.52	123.53
3.204	67.78	76.65	83.96	97.76	108.45	118.55	123.54
3.207	67.77	76.68	84.04	97.76	108.45	118.58	123.56
3.210	67.77	76.75	84.08	97.70	108.45	118.61	123.57
3.213	67.77	76.79	84.29	97.64	108.45	118.66	123.59
3.215	67.77	76.86	84.42	97.62	108.45	118.69	123.60
3.218	67.76	76.89	84.52	97.62	108.44	118.72	123.62
3.221	67.76	76.96	84.56	97.72	108.44	118.74	123.64
3.223	67.75	76.93	84.56	97.71	108.44	118.76	123.65
3.226	67.75	76.85	84.57	97.70	108.44	118.77	123.67
3.229	67.75	76.76	84.60	97.69	108.44	118.79	123.68
3.232	67.74	76.68	84.65	97.69	108.44	118.80	123.70
3.234	67.74	76.60	84.69	97.69	108.51	118.77	123.71
3.237	67.73	76.59	84.77	97.70	108.71	118.74	123.72
3.240	67.73	76.61	84.81	97.70	108.75	118.69	123.74
3.243	67.72	76.64	84.85	97.70	108.83	118.64	123.75
3.245	67.72	76.67	84.94	97.71	108.90	118.61	123.77
3.248	67.72	76.73	84.98	97.72	108.99	118.56	123.78
3.251	67.71	76.77	85.02	97.73	109.06	118.50	123.80
3.254	67.70	76.80	85.08	97.76	109.11	118.48	123.82
3.256	67.70	76.83	85.10	97.84	109.12	118.42	123.83
3.259	67.69	76.87	85.12	97.83	109.12	118.39	123.85
3.262	67.69	76.93	85.16	97.86	109.13	118.34	123.86
3.264	67.68	76.97	85.17	97.86	109.13	118.29	123.91
3.267	67.68	77.01	85.16	97.86	109.14	118.26	124.01
3.270	67.67	77.10	85.16	97.86	109.14	118.21	124.07
3.273	67.67	77.14	85.13	97.86	109.15	118.16	124.12
3.275	67.66	77.23	85.10	97.85	109.15	118.19	124.17
3.278	67.66	77.27	85.06	97.83	109.16	118.22	124.24
3.281	67.65	77.36	84.99	97.75	109.16	118.24	124.28
3.284	67.65	77.40	84.94	97.69	109.16	118.27	124.36
3.286	67.64	77.44	84.90	97.65	109.17	118.30	124.39
3.289	67.64	77.44	84.92	97.61	109.17	118.33	124.42
3.292	67.63	77.44	84.94	97.59	109.18	118.35	124.46
3.295	67.63	77.45	84.95	97.59	109.19	118.38	124.49
3.297	67.63	77.45	84.97	97.59	109.19	118.41	124.52
3.300	67.62	77.45	84.94	97.58	109.20	118.43	124.60
3.303	67.62	77.46	84.92	97.58	109.21	118.46	124.64
3.306	67.61	77.47	84.94	97.58	109.22	118.49	124.67
3.308	67.61	77.49	85.00	97.58	109.23	118.51	124.70
3.311	67.59	77.51	85.05	97.58	109.25	118.54	124.74
3.314	67.57	77.55	85.09	97.58	109.26	118.56	124.77
3.316	67.54	77.57	85.14	97.58	109.27	118.58	124.87
3.319	67.51	77.59	85.25	97.58	109.29	118.60	124.91
3.322	67.48	77.62	85.30	97.57	109.30	118.58	124.96
3.325	67.45	77.64	85.34	97.57	109.31	118.56	125.00
3.327	67.43	77.68	85.36	97.57	109.33	118.53	125.05
3.330	67.39	77.70	85.40	97.57	109.18	118.51	125.09
3.333	67.37	77.67	85.43	97.57	109.15	118.48	125.10
3.336	67.34	77.63	85.46	97.57	108.94	118.46	125.11
3.338	67.32	77.61	85.51	97.57	109.01	118.43	125.11
3.341	67.29	77.57	85.54	97.57	109.02	118.41	125.12
3.344	67.25	77.56	85.59	97.56	108.99	118.38	125.12
3.347	67.23	77.52	85.62	97.49	108.99	118.36	125.12
3.349	67.20	77.48	85.66	97.56	108.99	118.46	125.13
3.352	67.22	77.46	85.67	97.56	108.99	118.57	125.14
3.355	67.23	77.45	85.71	97.56	108.99	118.69	125.15
3.357	67.25	77.45	85.72	97.56	108.99	118.80	125.15
3.360	67.28	77.45	85.73	97.56	108.99	118.88	125.16
3.363	67.28	77.44	85.74	97.56	108.99	118.87	125.16
3.366	67.31	77.44	85.75	97.55	108.99	118.86	125.16
3.368	67.31	77.44	85.75	97.57	108.99	118.87	125.17
3.371	67.31	77.43	85.76	97.64	108.99	118.85	125.17
3.374	67.33	77.43	85.77	97.71	108.99	118.84	125.18
3.377	67.34	77.43	85.78	97.77	108.98	118.82	125.18
3.379	67.36	77.42	85.78	97.84	108.98	118.80	125.19
3.382	67.37	77.42	85.71	97.89	108.98	118.79	125.19
3.385	67.39	77.41	85.72	97.88	108.98	118.77	125.19
3.388	67.39	77.41	85.73	97.83	108.98	118.76	125.20
3.390	67.41	77.41	85.75	97.81	108.98	118.74	125.20
3.393	67.45	77.40	85.76	97.78	108.98	118.73	125.21
3.396	67.45	77.40	85.91	97.76	108.98	118.70	125.21
3.399	67.45	77.40	86.07	97.74	108.98	118.68	125.23
3.401	67.44	77.39	86.14	97.69	108.98	118.67	125.22
3.404	67.44	77.39	86.21	97.66	108.98	118.65	125.23
3.407	67.43	77.39	86.25	97.64	108.98	118.64	125.24
3.409	67.43	77.38	86.30	97.61	108.98	118.62	125.24
3.412	67.42	77.38	86.31	97.59	108.98	118.60	125.25
3.415	67.42	77.38	86.25	97.54	108.98	118.59	125.25
3.418	67.41	77.37	86.16	97.53	108.98	118.57	125.26
3.420	67.41	77.37	86.23	97.53	108.98	118.56	125.26
3.423	67.40	77.37	86.37	97.53	108.98	118.54	125.26
3.426	67.40	77.36	86.52	97.53	108.98	118.52	125.27
3.429	67.40	77.36	86.64	97.42	108.98	118.51	125.27
3.431	67.39	77.36	86.68	97.42	108.98	118.49	125.28
3.434	67.39	77.35	86.72	97.43	108.98	118.48	125.28
3.437	67.38	77.35	86.76	97.44	108.97	118.45	125.29
3.440	67.38	77.34	86.81	97.44	108.97	118.43	125.29
3.442	67.37	77.34	86.84	97.45	108.98	118.42	125.29
3.445	67.37	77.34	86.88	97.46	108.98	118.40	125.30
3.448	67.36	77.33	86.92	97.46	108.99	118.39	125.30
3.450	67.36	77.33	86.97	97.47	108.99	118.38	125.31
3.453	67.35	77.33	87.00	97.48	109.00	118.55	125.36
3.456	67.35	77.32	87.04	97.48	109.00	118.90	125.44
3.459	67.34	77.32	87.07	97.49	109.01	119.08	125.56
3.461	67.34	77.32	87.13	97.50	109.01	119.25	125.63
3.464	67.33	77.31	87.16	97.50	109.01	119.43	125.71
3.467	67.33	77.31	87.20	97.51	109.02	119.60	125.77
3.470	67.32	77.31	87.23	97.51	109.02	119.78	125.85
3.472	67.31	77.30	87.29	97.51	109.03	120.00	125.92
3.475	67.31	77.30	87.31	97.50	109.03	120.01	125.99
3.478	67.31	77.29	87.35	97.50	109.04	120.02	126.12
3.481	67.30	77.29	87.36	97.50	109.04	120.02	126.19
3.483	67.30	77.29	87.40	97.49	109.05	120.02	126.26
3.486	67.29	77.29	87.42	97.41	109.05	120.02	126.33
3.489	67.29	77.28	87.45	97.33	109.06	120.02	126.40
3.492	67.28	77.28	87.47	97.33	109.06	120.03	126.47
3.494	67.28	77.27	87.52	97.33	109.07	120.03	126.55
3.497	67.23	77.27	87.55	97.35	109.07	120.03	126.67
3.500	67.17	77.27	87.59	97.38	109.08	120.03	126.74
3.502	67.11	77.26	87.60	97.44	109.08	120.03	126.82
3.505	67.05	77.26	87.63	97.47	109.08	120.03	126.88
3.508	66.99	77.26	87.61	97.49	109.09	120.03	126.96
3.511	66.96	77.25	87.55	97.58	109.09	120.03	127.03
3.513	66.90	77.25	87.55	97.63	109.10	120.04	127.11
3.516	66.84	77.25	87.55	97.68	109.11	120.04	127.26
3.519	66.78	77.24	87.55	97.73	109.14	120.04	127.34
3.522	66.73	77.24	87.55	97.86	109.18	120.04	127.42
3.524	66.66	77.24	87.55	98.01	109.22	120.04	127.50
3.527	66.63	77.23	87.61	98.07	109.24	120.04	127.59
3.530	66.57	77.23	87.55	98.08	109.24	120.04	127.66
3.533	66.52	77.22	87.55	98.08	109.23	120.04	127.75
3.535	66.45	77.22	87.55	98.06	109.22	120.04	127.90
3.538	66.40	77.22	87.55	98.02	109.21	120.04	127.98
3.541	66.37	77.21	87.55	98.10	109.21	120.04	128.06
3.543	66.31	77.21	87.55	98.13	109.20	119.92	128.14
3.546	66.25	77.22	87.55	98.18	109.20	119.78	128.23
3.549	66.19	77.23	87.55	98.21	109.19	119.65	128.31
3.552	66.13	77.25	87.55	98.16	109.19	119.51	128.34
3.554	66.07	77.26	87.55	98.31	109.19	119.38	128.29
3.557	66.04	77.27	87.55	98.32	109.19	119.25	128.28
3.560	65.98	77.29	87.55	98.33	109.18	118.98	128.26
3.563	65.92	77.30	87.55	98.34	109.18	118.84	128.24
3.565	65.87	77.31	87.55	98.35	109.19	118.71	128.23
3.568	65.80	77.33	87.55	98.36	109.19	118.57	128.21
3.571	65.77	77.27	87.55	98.37	109.20	118.44	128.20
3.574	65.70	77.10	87.55	98.38	109.21	118.30	128.15
3.576	65.64	77.00	87.55	98.39	109.22	118.17	128.13
3.579	65.56	76.88	87.55	98.41	109.24	117.90	128.12
3.582	65.50	76.76	87.55	98.41	109.68	117.77	128.10
3.585	65.43	76.81	87.55	98.42	109.83	117.63	128.09
3.587	65.39	76.94	87.55	98.43	109.84	117.50	128.07
3.590	65.33	77.06	87.55	98.44	109.85	117.47	128.05
3.593	65.26	77.12	87.55	98.39	109.86	117.45	128.01
3.595	65.19	77.19	87.55	98.38	109.87	117.44	127.99
3.598	65.12	77.16	87.55	98.33	109.88	117.41	127.98
3.601	65.05	77.13	87.55	98.32	109.89	117.40	127.96
3.604	65.01	77.10	87.55	98.27	109.90	117.37	127.95
3.606	64.95	77.06	87.56	98.23	109.91	117.34	127.93
3.609	64.88	77.03	87.59	98.21	109.94	117.33	127.91
3.612	64.81	77.00	87.62	98.17	109.98	117.34	127.88
3.615	64.75	76.97	87.63	98.15	110.02	117.40	127.87
3.617	64.71	76.94	87.64	98.12	110.06	117.43	127.87
3.620	64.64	76.93	87.55	98.09	110.12	117.46	127.85
3.623	64.57	76.91	87.55	98.05	110.23	117.49	127.85
3.626	64.50	76.91	87.55	98.04	110.28	117.31	127.84
3.628	64.43	76.90	87.55	97.94	110.28	117.18	127.83
3.631	64.37	76.89	87.55	97.81	110.29	117.16	127.80
3.634	64.33	76.89	87.55	97.74	110.29	117.14	127.79
3.636	64.26	76.88	87.55	97.62	110.29	117.12	127.78
3.639	64.19	76.87	87.55	97.81	110.29	117.09	127.77
3.642	64.12	76.86	87.55	98.01	110.29	117.07	127.77
3.645	64.06	76.85	87.55	98.21	110.29	117.05	127.75
3.647	63.99	76.85	87.55	98.34	110.30	117.03	127.74
3.650	63.95	76.84	87.55	98.38	110.30	117.01	127.72
3.653	63.88	76.83	87.54	98.36	110.30	116.98	127.70
3.656	63.82	76.82	87.53	98.34	110.30	116.97	127.70
3.658	63.78	76.81	87.49	98.28	110.30	116.94	127.69
3.661	63.75	76.80	86.92	98.06	110.30	116.93	127.68
3.664	63.71	76.79	86.94	97.90	110.31	116.90	127.67
3.667	63.68	76.79	86.98	97.87	110.32	116.88	127.66
3.669	63.80	76.78	87.00	97.83	110.32	116.86	127.63
3.672	63.92	76.77	87.05	97.80	110.31	116.83	127.62
3.675	64.04	76.76	87.05	97.76	110.30	116.82	127.61
3.678	64.16	76.75	87.02	97.72	110.30	116.79	127.60
3.680	64.22	76.75	86.99	97.65	110.29	116.78	127.60
3.683	64.34	76.74	86.96	97.62	110.29	116.75	127.59
3.686	64.45	76.69	86.95	97.59	110.28	116.73	127.57
3.688	64.57	76.58	87.09	97.61	110.28	116.79	127.55
3.691	64.69	76.51	87.16	97.68	110.28	116.87	127.53
3.694	64.81	76.39	87.23	97.79	110.27	117.03	127.53
3.697	64.87	76.29	87.29	97.87	110.27	117.11	127.52
3.699	64.99	76.27	87.41	97.95	110.24	117.19	127.51
3.702	65.10	76.25	87.46	97.97	110.21	117.35	127.50
3.705	65.19	76.23	87.52	97.98	110.21	117.43	127.49
3.708	65.29	76.20	87.53	97.99	110.21	117.51	127.46
3.710	65.33	76.18	87.49	98.00	110.20	117.67	127.45
3.713	65.42	76.16	87.43	97.98	110.20	117.75	127.45
3.716	65.51	76.13	87.37	97.97	110.20	117.83	127.43
3.719	65.61	76.11	87.31	97.95	110.20	117.99	127.43
3.721	65.70	76.09	87.19	97.94	110.22	118.07	127.42
3.724	65.80	76.06	87.13	97.91	110.17	118.15	127.40
3.727	65.85	76.04	87.16	97.90	110.08	118.31	127.38
3.729	65.94	76.01	87.21	97.88	110.03	118.39	127.37
3.732	66.04	75.99	87.24	97.87	110.02	118.39	127.36
3.735	66.13	75.97	87.30	97.84	110.02	118.38	127.35
3.738	66.14	75.95	87.28	97.83	110.01	118.34	127.35
3.740	66.06	75.92	87.05	97.81	110.02	118.32	127.33
3.743	65.97	75.90	86.92	97.80	110.01	118.31	127.32
3.746	65.90	75.88	86.76	97.78	110.01	118.29	127.29
3.749	65.83	75.85	86.81	97.76	110.01	118.27	127.28
3.751	65.73	75.82	86.84	97.75	110.01	118.26	127.28
3.754	65.66	75.80	86.87	97.73	110.01	118.24	127.26
3.757	65.59	75.78	86.88	97.63	110.01	118.22	127.23
3.760	65.49	75.76	86.87	97.62	110.00	118.21	127.17
3.762	65.42	75.73	86.84	97.62	110.00	118.20	127.07
3.765	65.35	75.71	86.77	97.60	110.00	118.18	126.99
3.768	65.25	75.70	86.68	97.59	110.00	118.15	126.89
3.771	65.18	75.70	86.49	97.59	110.00	118.11	126.83
3.773	65.11	75.69	86.31	97.58	109.99	118.08	126.77
3.776	65.01	75.69	86.12	97.56	109.99	118.12	126.67
3.779	64.94	75.68	86.03	97.56	109.99	118.25	126.61
3.781	64.88	75.67	85.84	97.38	109.99	118.37	126.52
3.784	64.77	75.67	85.76	97.38	109.99	118.49	126.44
3.787	64.71	75.67	85.74	97.36	110.00	118.61	126.38
3.790	64.64	75.66	85.67	97.35	110.01	118.73	126.28
3.792	64.54	75.66	85.57	97.35	110.02	118.85	126.22
3.795	64.46	75.67	85.48	97.34	110.03	118.97	126.16
3.798	64.37	75.67	85.43	97.32	110.05	119.10	126.06
3.801	64.26	75.68	85.34	97.32	110.06	119.22	126.00
3.803	64.17	75.67	85.25	97.31	110.07	119.34	125.88
3.806	64.09	75.68	85.18	97.30	110.08	119.46	125.82
3.809	63.97	75.69	85.09	97.29	110.09	119.58	125.76
3.812	63.89	75.70	85.00	97.28	110.11	119.70	125.67
3.814	63.81	75.70	84.92	97.27	110.12	119.82	125.61
3.817	63.69	75.71	84.91	97.26	110.13	119.95	125.51
3.820	63.61	75.71	85.00	97.25	110.14	120.02	125.45
3.822	63.53	75.72	85.10	97.24	110.21	120.03	125.37
3.825	63.41	75.72	85.19	97.23	110.27	120.03	125.30
3.828	63.33	75.73	85.28	97.22	110.35	120.03	125.26
3.831	63.25	75.73	85.33	97.21	110.51	120.03	125.19
3.833	63.13	75.73	85.42	97.20	110.52	120.03	125.16
3.836	63.05	75.74	85.50	97.21	110.53	120.03	125.12
3.839	62.97	75.74	85.50	97.21	110.54	120.03	125.05
3.842	62.85	75.82	85.49	97.22	110.55	120.03	125.01
3.844	62.77	76.03	85.48	97.22	110.56	120.03	124.98
3.847	62.76	76.23	85.47	97.22	110.57	120.03	124.93
3.850	62.75	76.33	85.46	97.22	110.58	120.03	124.97
3.853	62.74	76.54	85.44	97.22	110.59	120.03	124.94
3.855	62.74	76.74	85.38	97.21	110.57	120.03	124.94
3.858	62.73	76.95	85.32	97.21	110.54	120.03	124.99
3.861	62.72	77.15	85.27	97.21	110.51	120.03	124.91
3.864	62.72	77.17	85.22	97.21	110.50	120.03	124.85
3.866	62.71	77.11	85.15	97.20	110.49	120.03	124.74
3.869	62.71	77.09	85.10	97.20	110.50	120.03	124.69
3.872	62.70	77.03	85.05	97.19	110.49	120.03	124.64
3.874	62.69	77.01	84.98	97.19	110.48	120.03	124.53
3.877	62.68	76.96	84.93	97.18	110.48	120.03	124.48
3.880	62.68	76.95	84.94	97.16	110.47	120.03	124.38
3.883	62.67	76.90	84.95	97.15	110.47	120.03	124.31
3.885	62.66	76.89	84.97	97.14	110.47	120.03	124.26
3.888	62.66	76.85	84.99	97.12	110.44	120.03	124.17
3.891	62.65	76.84	84.99	97.12	110.43	120.03	124.11
3.894	62.64	76.80	85.04	97.10	110.42	120.03	124.07
3.896	62.63	76.78	85.06	97.09	110.41	120.03	124.06
3.899	62.63	76.74	85.06	97.08	110.41	120.03	124.09
3.902	62.62	76.73	85.08	97.07	110.42	120.03	124.13
3.905	62.61	76.70	85.10	97.10	110.43	120.03	124.15
3.907	62.61	76.82	85.10	97.08	110.46	120.03	124.18
3.910	62.60	76.88	85.10	97.04	110.44	120.03	124.22
3.913	62.59	77.01	85.08	97.03	110.15	120.03	124.24
3.915	62.58	77.07	85.02	97.02	110.08	120.03	124.29
3.918	62.58	77.19	85.00	97.01	110.13	120.03	124.31
3.921	62.57	77.32	84.95	97.00	110.23	120.03	124.34
3.924	62.57	77.38	84.92	96.99	110.29	120.03	124.38
3.926	62.56	77.51	84.91	96.98	110.32	120.03	124.40
3.929	62.55	77.57	84.86	96.87	110.31	120.03	124.45
3.932	62.55	77.60	84.83	96.85	110.30	120.03	124.47
3.935	62.54	77.56	84.81	96.84	110.30	120.03	124.49
3.937	62.53	77.52	84.76	96.82	110.29	120.03	124.54
3.940	62.52	77.48	84.73	96.80	110.28	120.03	124.56
3.943	62.52	77.41	84.72	96.79	110.27	120.03	124.58
3.946	62.51	77.37	84.67	96.77	110.26	120.03	124.63
3.948	62.50	77.33	84.64	96.76	110.25	120.03	124.65
3.951	62.50	77.29	84.64	96.77	110.25	120.03	124.70
3.954	62.49	77.21	84.79	96.78	110.24	120.03	124.72
3.956	62.48	77.18	84.97	96.88	110.23	120.03	124.74
3.959	62.47	77.13	85.07	96.92	110.22	120.03	124.79
3.962	62.47	77.06	85.26	96.99	110.22	119.83	124.81
3.965	62.46	77.02	85.44	97.03	110.21	119.62	124.86
3.967	62.45	76.98	85.62	97.07	110.20	119.75	124.88
3.970	62.44	76.94	85.80	97.11	110.19	119.99	124.90
3.973	62.44	76.87	85.90	97.11	110.19	120.03	124.95
3.976	62.44	76.83	86.08	97.11	110.19	120.03	124.97
3.978	62.43	76.79	86.27	97.11	110.18	120.03	125.01
3.981	62.42	76.71	86.35	97.11	110.18	120.02	125.04
3.984	62.48	76.67	86.43	97.11	110.18	120.00	125.06
3.987	62.53	76.63	86.36	97.11	110.18	119.94	125.11
3.989	62.64	76.59	86.14	97.07	110.07	119.88	125.13
3.992	62.69	76.52	85.69	97.01	109.47	119.83	125.15
3.995	62.75	76.48	85.71	96.96	109.47	119.76	125.20
3.998	62.82	76.44	85.76	96.85	109.47	119.70	125.22
4.000	62.78	76.36	85.83	96.79	109.46	119.63	125.26
4.003	62.75	76.33	85.87	96.74	109.46	119.57	125.29
4.006	62.72	76.28	85.90	96.68	109.46	119.50	125.31
4.008	62.66	76.25	85.98	96.65	109.45	119.44	125.35
4.011	62.63	76.17	86.11	96.61	109.45	119.37	125.38
4.014	62.59	76.13	86.31	96.56	109.44	119.30	125.42
4.017	62.56	76.09	86.31	96.52	109.44	119.24	125.45
4.019	62.53	76.02	86.20	96.47	109.44	119.18	125.47
4.022	62.50	75.98	86.16	96.42	109.43	119.11	125.51
4.025	62.47	75.94	86.13	96.39	109.43	119.05	125.51
4.028	62.44	75.91	86.08	96.34	109.43	118.96	125.50
4.030	62.40	75.84	85.99	96.29	109.42	118.90	125.49
4.033	62.34	75.80	85.95	96.25	109.42	118.83	125.47
4.036	62.31	75.77	85.90	96.22	109.42	118.76	125.46
4.039	62.28	75.73	85.85	96.21	109.41	118.70	125.45
4.041	62.24	75.66	85.76	96.18	109.41	118.63	125.44
4.044	62.21	75.62	85.71	96.17	109.41	118.57	125.42
4.047	62.18	75.59	85.67	96.16	109.41	118.51	125.41
4.049	62.15	75.52	85.62	96.15	109.41	118.44	125.40
4.052	62.12	75.48	85.53	96.17	109.41	118.37	125.38
4.055	62.09	75.45	85.48	96.19	109.41	118.31	125.37
4.058	62.05	75.41	85.48	96.20	109.40	118.28	125.36
4.060	61.99	75.34	85.51	96.21	109.40	118.29	125.35
4.063	61.96	75.31	85.52	96.21	109.40	118.32	125.33
4.066	61.93	75.27	85.53	96.23	109.40	118.33	125.32
4.069	61.90	75.20	85.54	96.24	109.40	118.35	125.31
4.071	61.86	75.16	85.55	96.25	109.40	118.37	125.29
4.074	61.83	75.13	85.58	96.26	109.40	118.35	125.28
4.077	61.80	75.09	85.59	96.27	109.39	118.31	125.26
4.080	61.77	75.02	85.60	96.28	109.39	118.27	125.25
4.082	61.75	74.99	85.60	96.23	109.39	118.23	125.24
4.085	61.79	74.95	85.59	96.18	109.39	118.19	125.22
4.088	61.81	74.92	85.58	96.13	109.39	118.15	125.21
4.091	61.83	74.91	85.55	96.07	109.39	118.06	125.20
4.093	61.85	74.84	85.54	96.04	109.39	118.02	125.19
4.096	61.87	74.76	85.52	96.03	109.38	117.98	125.17
4.099	61.89	74.68	85.61	96.05	109.38	117.94	125.16
4.101	61.91	74.63	85.89	96.07	109.38	117.89	125.15
4.104	61.93	74.59	85.94	96.10	109.38	117.85	125.14
4.107	61.95	74.51	85.95	96.14	109.38	117.81	125.12
4.110	61.97	74.46	85.95	96.17	109.38	117.73	125.11
4.112	62.02	74.42	85.98	96.19	109.38	117.68	125.10
4.115	62.04	74.37	85.98	96.22	109.37	117.64	125.08
4.118	62.06	74.29	85.90	96.22	109.37	117.60	125.07
4.121	62.08	74.25	85.84	96.15	109.37	117.56	125.06
4.123	62.10	74.21	85.86	96.08	109.37	117.52	125.04
4.126	62.12	74.13	85.84	96.13	109.37	117.48	125.03
4.129	62.14	74.09	85.85	96.18	109.37	117.39	125.01
4.132	62.16	74.04	85.83	96.15	109.37	117.35	124.97
4.134	62.18	73.99	85.79	96.20	109.36	117.31	124.86
4.137	62.22	73.91	85.76	96.28	109.36	117.27	124.76
4.140	62.24	73.87	85.74	96.31	109.36	117.22	124.56
4.142	62.26	73.84	85.70	96.20	109.36	117.18	124.45
4.145	62.28	73.83	85.67	96.01	109.36	117.14	124.35
4.148	62.31	73.77	85.64	96.01	109.36	117.05	124.25
4.151	62.33	73.97	85.62	96.01	109.36	117.01	124.15
4.153	62.35	74.07	85.58	96.01	109.35	116.96	124.05
4.156	62.37	74.17	85.55	96.01	109.35	116.91	123.87
4.159	62.39	74.34	85.53	96.01	109.35	116.86	123.78
4.162	62.43	74.29	85.48	96.01	109.35	116.81	123.70
4.164	62.45	74.24	85.46	96.01	109.42	116.76	123.61
4.167	62.37	74.18	85.44	96.01	109.51	116.67	123.53
4.170	62.23	74.07	85.47	96.01	109.55	116.62	123.45
4.173	62.10	74.02	85.51	96.05	109.64	116.57	123.36
4.175	61.96	73.97	85.54	96.07	109.75	116.56	123.20
4.178	61.83	73.91	85.57	96.10	109.81	116.56	123.20
4.181	61.69	73.93	85.61	96.12	109.83	116.55	123.20
4.184	61.39	73.99	85.65	96.16	109.89	116.55	123.20
4.186	61.22	74.03	85.68	96.19	109.88	116.54	123.21
4.189	61.06	74.06	85.69	96.21	109.87	116.54	123.21
4.192	60.89	74.08	85.70	96.21	109.86	116.53	123.21
4.194	60.73	74.11	85.67	96.21	109.85	116.53	123.21
4.197	60.40	74.14	85.68	96.19	109.84	116.52	123.21
4.200	60.38	74.18	85.67	96.18	109.83	116.52	123.21
4.203	60.38	74.21	85.65	96.19	109.82	116.51	123.21
4.205	60.38	74.24	85.65	96.22	109.81	116.51	123.21
4.208	60.38	74.31	85.65	96.23	109.80	116.51	123.22
4.211	60.38	74.34	85.50	96.25	109.79	116.50	123.22
4.214	60.38	74.36	85.43	96.26	109.78	116.49	123.22
4.216	60.38	74.40	85.36	96.20	109.77	116.49	123.22
4.219	60.38	74.43	85.21	96.12	109.76	116.48	123.22
4.222	60.38	74.46	85.14	96.07	109.75	116.48	123.22
4.225	60.38	74.49	85.07	96.06	109.74	116.48	123.22
4.227	60.38	74.53	84.91	96.05	109.73	116.47	123.22
4.230	60.38	74.58	84.84	96.03	109.72	116.47	123.23
4.233	60.38	74.66	84.79	96.03	109.71	116.46	123.23
4.235	60.38	74.71	84.84	96.01	109.70	116.45	123.23
4.238	60.38	74.74	84.88	96.01	109.70	116.44	123.23
4.241	60.38	74.75	84.85	96.01	109.69	116.40	123.23
4.244	60.38	74.75	84.81	96.05	109.69	116.38	123.23
4.246	60.38	74.76	84.71	96.08	109.69	116.37	123.23
4.249	60.38	74.77	84.70	96.13	109.69	116.35	123.23
4.252	60.38	74.77	84.59	96.16	109.68	116.32	123.24
4.255	60.38	74.79	84.36	96.21	109.68	116.32	123.24
4.257	60.38	74.79	84.40	96.24	109.68	116.32	123.24
4.260	60.38	74.80	84.46	96.29	109.65	116.32	123.24
4.263	60.38	74.81	84.52	96.33	109.57	116.32	123.24
4.266	60.38	74.81	84.56	96.32	109.53	116.32	123.24
4.268	60.38	74.82	84.62	96.31	109.52	116.32	123.24
4.271	60.38	74.82	84.65	96.33	109.51	116.32	123.24
4.274	60.38	74.84	84.72	96.34	109.49	116.32	123.25
4.277	60.38	74.84	84.75	96.38	109.47	116.32	123.25
4.279	60.38	74.85	84.81	96.43	109.45	116.32	123.25
4.282	60.38	74.86	84.85	96.45	109.43	116.32	123.25
4.285	60.38	74.86	84.91	96.51	109.41	116.32	123.25
4.287	60.38	74.87	84.94	96.53	109.39	116.32	123.25
4.290	60.38	74.87	85.01	96.54	109.47	116.32	123.25
4.293	60.38	74.89	85.06	96.56	109.46	116.32	123.25
4.296	60.38	74.89	85.10	96.58	109.46	116.32	123.13
4.298	60.38	74.90	85.16	96.59	109.64	116.32	122.91
4.301	60.38	74.91	85.20	96.61	109.64	116.32	122.69
4.304	60.38	74.91	85.26	96.63	109.63	116.32	122.54
4.307	60.38	74.92	85.29	96.64	109.63	116.31	122.33
4.309	60.38	74.92	85.35	96.66	109.63	116.24	122.22
4.312	60.38	75.02	85.39	96.68	109.63	116.25	122.22
4.315	60.38	75.02	85.45	96.69	109.62	116.27	122.22
4.318	60.38	74.92	85.48	96.71	109.62	116.28	122.22
4.320	60.38	74.91	85.55	96.73	109.62	116.30	122.22
4.323	60.38	74.90	85.61	96.74	109.62	116.32	122.23
4.326	60.38	74.88	85.70	96.76	109.62	116.32	122.23
4.328	60.38	74.66	85.90	96.78	109.62	116.32	122.23
4.331	60.38	74.42	85.96	96.80	109.62	116.32	122.23
4.334	60.38	74.15	86.01	96.80	109.62	116.32	122.23
4.337	60.25	74.01	86.07	96.77	109.53	116.32	122.23
4.339	60.12	73.87	86.09	96.58	109.39	116.32	122.23
4.342	59.86	73.70	86.11	96.50	109.37	116.32	122.24
4.345	59.74	73.63	86.15	96.54	109.37	116.32	122.24
4.348	59.49	73.52	86.17	96.56	109.38	116.33	122.24
4.350	59.37	73.41	86.17	96.57	109.38	116.35	122.24
4.353	59.09	73.29	86.18	96.61	109.39	116.35	122.25
4.356	58.95	73.18	86.19	96.63	109.39	116.32	122.29
4.359	58.68	73.14	86.24	96.67	109.40	116.32	122.31
4.361	58.54	73.17	86.28	96.69	109.42	116.32	122.34
4.364	58.40	73.20	86.34	96.72	109.43	116.32	122.37
4.367	58.12	73.28	86.38	96.74	109.44	116.32	122.40
4.370	57.98	73.32	86.44	96.76	109.46	116.32	122.42
4.372	57.70	73.35	86.47	96.78	109.46	116.32	122.46
4.375	57.56	73.39	86.54	96.78	109.36	116.32	122.49
4.378	57.28	73.42	86.60	96.78	109.36	116.32	122.51
4.380	57.14	73.46	86.63	96.78	109.36	116.32	122.55
4.383	57.13	73.49	86.70	96.78	109.36	116.32	122.58
4.386	57.26	73.52	86.71	96.78	109.36	116.32	122.60
4.389	57.44	73.60	86.61	96.78	109.35	116.32	122.64
4.391	57.58	73.64	86.50	96.77	109.29	116.32	122.66
4.394	57.76	73.67	86.37	96.77	109.24	116.32	122.69
4.397	57.93	73.71	86.25	96.77	109.23	116.32	122.71
4.400	58.07	73.74	86.13	96.77	109.23	116.32	122.71
4.402	58.25	73.77	86.10	96.77	109.23	116.32	122.71
4.405	58.38	73.81	86.07	96.77	109.23	116.32	122.71
4.408	58.56	73.85	86.05	96.77	109.22	116.32	122.71
4.411	58.69	73.92	86.02	96.77	109.22	116.32	122.71
4.413	58.87	73.96	86.00	96.76	109.18	116.32	122.71
4.416	59.05	73.99	85.98	96.76	109.18	116.32	122.71
4.419	59.19	74.02	85.95	96.73	109.18	116.32	122.71
4.421	59.37	74.06	85.92	96.68	109.18	116.32	122.71
4.424	59.48	74.11	85.90	96.63	109.18	116.32	122.71
4.427	59.63	74.15	85.88	96.58	109.15	116.32	122.71
4.430	59.74	74.20	85.87	96.53	109.14	116.32	122.71
4.432	59.89	74.29	85.86	96.43	109.14	116.32	122.71
4.435	60.00	74.34	85.85	96.33	109.14	116.32	122.71
4.438	60.14	74.38	85.84	96.29	109.14	116.32	122.71
4.441	60.29	74.43	85.83	96.27	109.15	116.32	122.71
4.443	60.36	74.47	85.82	96.28	109.15	116.32	122.71
4.446	60.36	74.47	85.81	96.28	109.15	116.32	122.71
4.449	60.36	74.47	85.81	96.29	109.15	116.32	122.71
4.452	60.36	74.47	85.80	96.30	109.15	116.32	122.71
4.454	60.36	74.47	85.79	96.30	109.14	116.32	122.71
4.457	60.36	74.47	85.78	96.31	109.15	116.32	122.71
4.460	60.36	74.47	85.77	96.31	109.16	116.32	122.71
4.463	60.36	74.47	85.77	96.32	109.16	116.32	122.71
4.465	60.36	74.47	85.76	96.32	109.16	116.32	122.71
4.468	60.36	74.47	85.75	96.32	109.16	116.32	122.71
4.471	60.36	74.47	85.74	96.33	109.16	116.32	122.71
4.473	60.36	74.47	85.74	96.33	109.16	116.32	122.71
4.476	60.36	74.47	85.73	96.34	109.16	116.32	122.71
4.479	60.36	74.47	85.72	96.34	109.17	116.32	122.71
4.482	60.36	74.49	85.71	96.34	109.17	116.32	122.71
4.484	60.36	74.50	85.70	96.34	109.17	116.32	122.71
4.487	60.36	74.53	85.70	96.34	109.17	116.32	122.71
4.490	60.36	74.54	85.69	96.34	109.17	116.32	122.71
4.493	60.36	74.56	85.68	96.34	109.17	116.32	122.73
4.495	60.36	74.58	85.67	96.33	109.17	116.36	122.77
4.498	60.36	74.60	85.67	96.33	109.18	116.41	122.84
4.501	60.36	74.62	85.66	96.33	109.18	116.45	122.88
4.504	60.36	74.64	85.65	96.33	109.18	116.46	122.92
4.506	60.36	74.65	85.64	96.33	109.18	116.46	122.98
4.509	60.36	74.68	85.63	96.33	109.18	116.46	123.03
4.512	60.36	74.69	85.63	96.33	109.18	116.46	123.07
4.514	60.36	74.72	85.62	96.33	109.18	116.47	123.13
4.517	60.36	74.73	85.61	96.35	109.18	116.47	123.17
4.520	60.36	74.75	85.60	96.40	109.18	116.47	123.21
4.523	60.36	74.77	85.60	96.44	109.16	116.47	123.26
4.525	60.36	74.79	85.59	96.49	109.14	116.47	123.33
4.528	60.36	74.81	85.58	96.53	109.12	116.48	123.38
4.531	60.36	74.83	85.56	96.53	109.12	116.48	123.43
4.534	60.36	74.85	85.56	96.54	109.12	116.48	123.51
4.536	60.36	74.87	85.55	96.54	109.12	116.48	123.56
4.539	60.36	74.88	85.54	96.54	109.12	116.48	123.61
4.542	60.36	74.91	85.53	96.56	109.12	116.49	123.67
4.545	60.36	74.92	85.53	96.59	109.12	116.49	123.67
4.547	60.36	75.13	85.52	96.62	109.12	116.49	123.67
4.550	60.36	75.25	85.51	96.65	109.12	116.49	123.67
4.553	60.36	75.37	85.50	96.68	109.12	116.49	123.67
4.556	60.36	75.61	85.49	96.72	109.12	116.50	123.67
4.558	60.36	75.65	85.49	96.76	109.12	116.50	123.67
4.561	60.36	75.65	85.48	96.79	109.12	116.50	123.67
4.564	60.36	75.65	85.47	96.82	109.12	116.50	123.67
4.566	60.36	75.65	85.46	96.85	109.12	116.50	123.67
4.569	60.36	75.65	85.46	96.85	109.12	116.50	123.67
4.572	60.36	75.65	85.45	96.86	109.12	116.51	123.67
4.575	60.36	75.65	85.44	96.86	109.12	116.51	123.67
4.577	60.36	75.65	85.43	96.86	109.12	116.51	123.67
4.580	60.36	75.65	85.42	96.87	109.12	116.51	123.67
4.583	60.36	75.62	85.42	96.87	109.12	116.52	123.67
4.586	60.36	75.49	85.41	96.88	109.12	116.52	123.67
4.588	60.36	75.35	85.40	96.88	109.12	116.52	123.67
4.591	60.36	75.22	85.76	96.88	109.12	116.52	123.67
4.594	60.36	75.07	85.76	96.88	109.12	116.52	123.67
4.597	60.36	74.94	85.68	96.89	109.12	116.52	123.67
4.599	60.43	74.91	85.71	96.89	109.12	116.53	123.67
4.602	60.56	74.90	85.84	96.90	109.12	116.53	123.67
4.605	60.69	74.90	85.93	96.90	109.12	116.53	123.67
4.607	60.82	74.91	85.97	96.90	109.12	116.53	123.67
4.610	60.95	74.97	86.01	96.91	109.12	116.53	123.67
4.613	61.08	75.17	86.06	96.91	109.12	116.54	123.67
4.616	61.34	75.37	86.10	96.92	109.12	116.54	123.67
4.618	61.47	75.57	86.12	96.92	109.12	116.54	123.67
4.621	61.54	75.65	86.12	96.92	109.12	116.54	123.67
4.624	61.54	75.65	86.12	96.92	109.12	116.54	123.67
4.627	61.54	75.65	86.12	96.93	109.12	116.54	123.67
4.629	61.54	75.65	86.12	97.01	109.12	116.55	123.67
4.632	61.54	75.65	86.12	97.12	109.12	116.55	123.67
4.635	61.54	75.65	86.12	97.12	109.12	116.55	123.67
4.638	61.54	75.65	86.12	97.12	109.12	116.55	123.67
4.640	61.54	75.65	86.12	97.12	109.12	116.56	123.67
4.643	61.54	75.65	86.12	97.12	109.12	116.56	123.67
4.646	61.54	75.65	86.12	97.12	109.12	116.56	123.67
4.649	61.54	75.62	86.12	97.12	109.12	116.56	123.67
4.651	61.54	75.19	86.12	97.12	109.12	116.56	123.67
4.654	61.54	74.97	86.11	97.12	109.12	116.56	123.67
4.657	61.54	74.88	86.09	97.12	109.12	116.57	123.67
4.659	61.54	74.84	86.06	97.12	109.12	116.57	123.67
4.662	61.54	74.79	86.04	97.12	109.12	116.57	123.67
4.665	61.54	74.75	86.01	97.12	109.12	116.57	123.67
4.668	61.54	74.76	86.06	97.13	109.12	116.57	123.67
4.670	61.54	74.76	86.20	97.13	109.12	116.58	123.67
4.673	61.54	74.77	86.18	97.14	109.12	116.58	123.43
4.676	61.54	74.78	86.16	97.14	109.12	116.58	123.24
4.679	61.54	74.78	86.12	97.14	109.12	116.58	123.08
4.681	61.54	74.80	86.12	97.15	109.12	116.58	122.75
4.684	61.54	74.81	86.12	97.15	109.12	116.59	122.71
4.687	61.54	74.81	86.12	97.15	109.12	116.59	122.71
4.690	61.54	74.82	86.12	97.16	109.12	116.59	122.71
4.692	61.54	74.83	86.12	97.16	109.12	116.59	122.71
4.695	61.54	74.83	86.12	97.16	109.12	116.59	122.71
4.698	61.54	74.84	86.12	97.17	109.12	116.60	122.71
4.700	61.54	74.85	86.12	97.17	109.07	116.60	122.71
4.703	61.55	74.86	86.12	97.18	109.07	116.60	122.71
4.706	61.64	74.87	86.12	97.18	109.07	116.58	122.71
4.709	61.72	74.88	86.12	97.18	109.07	116.56	122.71
4.711	61.81	74.88	86.12	97.19	109.07	116.53	122.71
4.714	61.90	74.89	86.12	97.19	109.07	116.52	122.71
4.717	61.98	74.90	86.12	97.19	109.07	116.51	122.71
4.720	62.07	74.91	86.12	97.20	109.07	116.48	122.71
4.722	62.15	74.91	86.12	97.20	109.07	116.46	122.71
4.725	62.16	74.92	86.11	97.21	109.07	116.43	122.71
4.728	62.17	74.93	86.10	97.21	109.07	116.42	122.71
4.731	62.12	74.99	86.09	97.21	109.07	116.39	122.71
4.733	61.91	75.12	86.08	97.22	109.07	116.38	122.71
4.736	61.69	75.18	86.07	97.22	109.07	116.36	122.71
4.739	61.54	75.25	86.06	97.22	109.07	116.33	122.71
4.742	61.54	75.31	86.05	97.23	109.07	116.32	122.71
4.744	61.54	75.38	86.04	97.23	109.07	116.32	122.71
4.747	61.54	75.44	86.03	97.23	109.07	116.32	122.71
4.750	61.54	75.50	86.01	97.24	109.07	116.32	122.71
4.752	61.54	75.57	86.01	97.24	109.07	116.32	122.71
4.755	61.54	75.63	85.99	97.25	109.07	116.32	122.71
4.758	61.54	75.62	85.99	97.25	109.07	116.32	122.71
4.761	61.54	75.61	85.97	97.25	109.07	116.32	122.71
4.763	61.54	75.59	85.97	97.26	109.07	116.32	122.71
4.766	61.54	75.59	85.95	97.26	109.07	116.32	122.71
4.769	61.54	75.58	85.94	97.26	109.07	116.32	122.71
4.772	61.54	75.56	85.93	97.30	109.07	116.32	122.71
4.774	61.54	75.56	85.92	97.31	109.07	116.32	122.71
4.777	61.54	75.54	85.91	97.31	109.07	116.32	122.71
4.780	61.54	75.53	85.90	97.31	109.07	116.32	122.71
4.783	61.54	75.52	85.86	97.32	109.07	116.32	122.71
4.785	61.54	75.51	85.84	97.32	109.07	116.32	122.71
4.788	61.54	75.50	85.80	97.32	109.07	116.32	122.71
4.791	61.54	75.49	85.78	97.33	109.07	116.32	122.71
4.793	61.54	75.48	85.74	97.33	109.07	116.32	122.71
4.796	61.54	75.46	85.72	97.34	109.07	116.32	122.71
4.799	61.54	75.46	85.68	97.39	109.07	116.32	122.71
4.802	61.54	75.45	85.65	97.47	109.07	116.32	122.71
4.804	61.54	75.43	85.63	97.48	109.07	116.32	122.71
4.807	61.54	75.42	85.59	97.48	109.07	116.32	122.71
4.810	61.54	75.41	85.57	97.49	109.07	116.32	122.71
4.813	61.54	75.40	85.53	97.49	109.07	116.32	122.71
4.815	61.54	75.39	85.51	97.49	109.07	116.32	122.71
4.818	61.54	75.38	85.47	97.50	109.07	116.32	122.71
4.821	61.54	75.37	85.43	97.50	109.07	116.32	122.71
4.824	61.54	75.36	85.41	97.51	109.07	116.32	122.71
4.826	61.54	75.35	85.37	97.51	109.07	116.32	122.71
4.829	61.54	75.34	85.35	97.51	109.07	116.32	122.71
4.832	61.54	75.32	85.31	97.51	109.07	116.32	122.71
4.835	61.54	75.32	85.28	97.52	109.07	116.32	122.71
4.837	61.54	75.30	85.31	97.52	109.07	116.30	122.71
4.840	61.54	75.29	85.37	97.53	109.07	116.25	122.71
4.843	61.54	75.29	85.40	97.53	109.07	116.20	122.71
4.845	61.54	75.27	85.44	97.53	109.07	116.16	122.71
4.848	61.54	75.26	85.47	97.54	109.07	116.26	122.71
4.851	61.54	75.25	85.50	97.54	109.07	116.32	122.71
4.854	61.54	75.24	85.53	97.54	109.07	116.32	122.71
4.856	61.54	75.22	85.53	97.55	109.07	116.32	122.71
4.859	61.54	75.22	85.53	97.55	109.07	116.32	122.71
4.862	61.54	75.21	85.53	97.55	109.07	116.32	122.71
4.865	61.54	75.19	85.53	97.56	109.07	116.32	122.71
4.867	61.54	75.19	85.53	97.56	109.07	116.32	122.71
4.870	61.54	75.17	85.53	97.57	109.07	116.32	122.71
4.873	61.54	75.16	85.53	97.57	109.07	116.32	122.71
4.876	61.54	75.16	85.53	97.57	109.07	116.32	122.71
4.878	61.54	75.14	85.53	97.58	109.07	116.32	122.71
4.881	61.54	75.13	85.53	97.58	109.07	116.32	122.71
4.884	61.54	75.12	85.53	97.58	109.07	116.32	122.71
4.886	61.54	75.11	85.53	97.59	109.07	116.32	122.71
4.889	61.54	75.10	85.53	97.59	109.07	116.32	122.71
4.892	61.54	75.09	85.53	97.59	109.07	116.32	122.71
4.895	61.54	75.08	85.53	97.60	109.07	116.31	122.71
4.897	61.54	74.92	85.53	97.60	109.07	116.27	122.71
4.900	61.54	74.90	85.53	97.61	109.07	116.24	122.71
4.903	61.54	74.89	85.53	97.61	109.07	116.20	122.71
4.906	61.54	74.86	85.53	97.61	109.07	116.17	122.71
4.908	61.54	74.85	85.53	97.62	109.07	116.13	122.71
4.911	61.54	74.82	85.53	97.62	109.07	116.13	122.71
4.914	61.54	74.80	85.53	97.62	109.07	116.13	122.71
4.917	61.54	74.79	85.53	97.63	109.07	116.13	122.71
4.919	61.54	74.76	85.53	97.63	109.07	116.13	122.71
4.922	61.54	74.75	85.53	97.64	109.07	116.13	122.71
4.925	61.54	74.72	85.53	97.64	109.07	116.13	122.71
4.928	61.54	74.71	85.53	97.64	109.07	116.13	122.71
4.930	61.54	74.68	85.53	97.65	109.11	116.13	122.71
4.933	61.54	74.66	85.53	97.65	109.12	116.13	122.71
4.936	61.54	74.65	85.53	97.65	109.12	116.13	122.71
4.938	61.54	74.62	85.53	97.66	109.12	116.13	122.71
4.941	61.54	74.61	85.53	97.66	109.12	116.13	122.71
4.944	61.54	74.58	85.53	97.66	109.12	116.13	122.71
4.947	61.54	74.56	85.53	97.67	109.12	116.13	122.71
4.949	61.54	74.55	85.53	97.67	109.12	116.13	122.71
4.952	61.54	74.52	85.53	97.68	109.12	116.13	122.71
4.955	61.54	74.51	85.53	97.68	109.12	116.13	122.71
4.958	61.54	74.50	85.53	97.68	109.12	116.13	122.71
4.960	61.54	74.50	85.53	97.69	109.12	116.13	122.71
4.963	61.54	74.50	85.53	97.69	109.12	116.13	122.71
4.966	61.54	74.50	85.53	97.69	109.12	116.13	122.71
4.969	61.54	74.50	85.53	97.69	109.12	116.13	122.71
4.971	61.54	74.50	85.53	97.69	109.12	116.13	122.71
4.974	61.54	74.50	85.53	97.69	109.12	116.13	122.71
4.977	61.54	74.50	85.53	97.69	109.12	116.13	122.71
4.979	61.54	74.50	85.53	97.69	109.12	116.13	122.71
4.982	61.54	74.50	85.53	97.69	109.12	116.13	122.71
4.985	61.54	74.50	85.53	97.69	109.12	116.13	122.71
4.988	61.54	74.50	85.53	97.69	109.12	116.13	122.71
4.990	61.54	74.50	85.53	97.69	109.12	116.13	122.71