X	Percentil5	Percentil10	Percentil25	Percentil50	Percentil75	Percentil90	Percentil95
2019.501	35.62	8.71	11.93	12.75	14.98	13.31	6.94
2019.504	35.62	8.71	11.93	12.75	14.98	13.31	6.94
2019.507	35.62	8.71	11.93	12.75	14.98	13.31	6.94
2019.510	35.62	8.71	11.93	12.75	14.98	13.31	6.94
2019.512	35.62	8.71	11.93	12.75	14.98	13.31	6.94
2019.515	35.62	8.71	11.93	12.75	14.98	13.31	6.94
2019.518	35.62	8.71	11.93	12.75	14.98	13.31	6.94
2019.521	35.62	8.71	11.93	12.75	14.98	13.31	6.94
2019.523	35.62	8.71	11.93	12.75	14.98	13.31	6.94
2019.526	35.62	8.71	11.93	12.74	14.99	13.31	6.94
2019.529	35.62	8.71	11.93	12.72	15.02	13.31	6.94
2019.532	35.62	8.71	11.93	12.69	15.05	13.31	6.94
2019.534	35.62	8.71	11.93	12.67	15.07	13.31	6.94
2019.537	35.62	8.71	11.93	12.64	15.10	13.31	6.94
2019.540	35.62	8.71	11.93	12.62	15.12	13.31	6.94
2019.542	35.62	8.71	11.93	12.57	15.17	13.31	6.94
2019.545	35.62	8.71	11.93	12.57	15.17	13.31	6.94
2019.548	35.62	8.71	11.93	12.55	15.18	13.31	6.94
2019.551	35.62	8.71	11.93	12.52	15.22	13.31	6.94
2019.553	35.62	8.71	11.93	12.50	15.24	13.31	6.94
2019.556	35.62	8.71	11.99	12.41	15.27	13.31	6.94
2019.559	35.62	8.71	11.99	12.39	15.29	13.31	6.94
2019.562	35.62	8.71	11.93	12.42	15.32	13.31	6.94
2019.564	35.62	8.71	11.95	12.41	15.31	13.31	6.94
2019.567	35.62	8.71	11.99	12.41	15.28	13.31	6.94
2019.570	35.62	8.71	11.99	12.44	15.24	13.30	6.94
2019.573	35.62	8.71	11.99	12.51	15.18	13.30	6.94
2019.575	35.62	8.71	11.99	12.51	15.17	13.31	6.94
2019.578	35.62	8.71	12.01	12.49	15.17	13.31	6.94
2019.581	35.62	8.71	12.03	12.47	15.14	13.33	6.94
2019.584	35.62	8.71	12.05	12.45	15.13	13.35	6.94
2019.586	35.62	8.71	12.06	12.44	15.12	13.36	6.94
2019.589	35.62	8.71	12.07	12.43	15.12	13.36	6.94
2019.592	35.62	8.65	12.14	12.42	15.12	13.36	6.94
2019.595	35.62	8.65	12.16	12.43	15.09	13.36	6.94
2019.597	35.62	8.68	12.13	12.43	15.05	13.40	6.94
2019.600	35.62	8.71	12.05	12.47	15.04	13.41	6.94
2019.603	35.62	8.71	11.99	12.54	15.04	13.41	6.94
2019.605	35.62	8.71	11.96	12.57	15.04	13.41	6.94
2019.608	35.62	8.71	11.93	12.60	15.04	13.41	6.94
2019.611	35.62	8.71	11.93	12.60	14.97	13.49	6.94
2019.614	35.62	8.71	11.93	12.60	14.87	13.58	6.94
2019.616	35.62	8.71	11.93	12.60	14.87	13.58	6.94
2019.619	35.62	8.71	11.93	12.60	14.87	13.58	6.94
2019.622	35.62	8.71	11.93	12.61	14.85	13.58	6.94
2019.625	35.62	8.71	11.93	12.68	14.78	13.58	6.94
2019.627	35.62	8.71	11.93	12.72	14.75	13.58	7.08
2019.630	35.62	8.71	11.93	12.75	14.72	13.58	7.08
2019.633	35.62	8.71	11.93	12.75	14.72	13.58	7.08
2019.636	35.62	8.71	11.93	12.60	14.87	13.58	7.08
2019.638	35.62	8.71	11.93	12.60	14.87	13.58	7.08
2019.641	35.62	8.71	11.94	12.59	14.87	13.58	7.08
2019.644	35.62	8.71	11.95	12.58	14.87	13.58	7.08
2019.647	35.62	8.71	11.95	12.57	14.87	13.58	7.08
2019.649	35.62	8.71	11.97	12.56	14.87	13.58	7.08
2019.652	35.62	8.71	11.97	12.55	14.87	13.58	7.08
2019.655	35.62	8.71	11.99	12.54	14.87	13.58	7.08
2019.658	35.51	8.83	11.99	12.53	14.88	13.57	7.08
2019.660	35.51	8.78	12.06	12.52	14.88	13.57	7.08
2019.663	35.51	8.72	12.12	12.48	14.91	13.57	7.08
2019.666	35.51	8.67	12.21	12.45	14.91	13.57	7.08
2019.668	35.51	8.62	12.29	12.34	14.99	13.57	7.08
2019.671	35.51	8.56	12.30	12.28	15.09	13.57	7.08
2019.674	35.51	8.52	12.34	12.28	15.13	13.53	7.08
2019.677	35.56	8.47	12.23	12.52	15.02	13.51	7.08
2019.679	35.62	8.41	12.23	12.57	14.99	13.49	7.08
2019.682	35.62	8.41	12.23	12.57	15.02	13.46	7.08
2019.685	35.62	8.41	12.24	12.59	15.03	13.42	7.08
2019.688	35.62	8.41	12.27	12.54	15.11	13.37	7.08
2019.690	35.62	8.41	12.29	12.51	15.13	13.35	7.08
2019.693	35.62	8.41	12.32	12.49	15.15	13.32	7.08
2019.696	35.62	8.41	12.31	12.49	15.17	13.31	7.08
2019.699	35.62	8.41	12.30	12.51	15.17	13.31	7.08
2019.701	35.62	8.41	12.23	12.57	15.17	13.31	7.08
2019.704	35.68	8.32	12.26	12.57	15.17	13.31	7.08
2019.707	35.68	8.28	12.30	12.58	15.17	13.31	7.08
2019.710	35.69	8.22	12.33	12.60	15.17	13.31	7.08
2019.712	35.70	8.16	12.36	12.61	15.17	13.31	7.08
2019.715	35.69	8.12	12.40	12.62	15.17	13.31	7.08
2019.718	35.68	8.08	12.44	12.63	15.17	13.31	7.08
2019.721	35.68	8.06	12.46	12.64	15.17	13.31	7.08
2019.723	35.68	8.05	12.42	12.68	15.17	13.31	7.08
2019.726	35.68	8.05	12.38	12.72	15.17	13.31	6.94
2019.729	35.68	8.05	12.37	12.73	15.17	13.32	6.93
2019.732	35.68	8.05	12.24	12.86	15.17	13.34	6.91
2019.734	35.68	8.05	12.23	12.87	15.17	13.35	6.89
2019.737	35.68	8.05	12.22	12.88	15.17	13.33	6.91
2019.740	35.70	8.03	12.21	12.89	15.17	13.31	6.93
2019.742	35.72	8.01	12.20	12.90	15.17	13.31	6.93
2019.745	35.74	7.96	12.22	12.91	15.17	13.24	7.00
2019.748	35.76	7.94	12.21	12.92	15.17	13.16	7.07
2019.751	35.80	7.91	12.20	12.94	15.17	13.12	7.12
2019.753	35.81	7.89	12.19	12.95	15.17	13.12	7.12
2019.756	35.83	7.87	12.17	12.96	15.15	13.14	7.12
2019.759	35.85	7.85	12.21	12.75	15.30	13.16	7.11
2019.762	35.87	7.83	12.24	12.74	15.28	13.16	7.11
2019.764	35.91	7.16	12.91	12.72	15.26	13.16	7.11
2019.767	35.91	7.16	13.00	12.65	15.28	13.04	7.18
2019.770	35.68	7.38	13.15	12.52	15.26	13.04	7.18
2019.773	35.68	7.38	13.13	12.56	15.24	13.04	7.18
2019.775	35.68	7.38	13.11	12.60	15.22	13.04	7.18
2019.778	35.68	7.38	13.09	12.64	15.20	12.94	7.28
2019.781	35.68	7.38	13.06	12.70	15.19	12.93	7.29
2019.784	35.68	7.38	13.04	12.72	15.18	12.92	7.30
2019.786	35.68	7.38	13.03	12.72	15.19	12.92	7.30
2019.789	35.68	7.43	13.07	12.68	15.14	12.92	7.31
2019.792	35.68	7.38	13.19	12.58	15.16	12.91	7.31
2019.795	35.68	7.38	13.20	12.60	15.12	12.91	7.32
2019.797	35.68	7.38	13.20	12.57	15.15	12.91	7.31
2019.800	35.68	7.38	13.20	12.57	15.14	12.90	7.30
2019.803	35.68	7.38	13.20	12.57	15.14	12.90	7.29
2019.805	35.64	7.42	13.20	12.59	15.08	12.93	7.28
2019.808	35.62	7.45	13.20	12.60	15.06	12.94	7.28
2019.811	35.62	7.45	13.20	12.60	15.05	12.95	7.28
2019.814	35.62	7.45	13.20	12.60	15.05	12.95	7.28
2019.816	35.62	7.47	13.14	12.64	15.05	12.96	7.28
2019.819	35.62	7.51	13.00	12.72	15.06	12.96	7.28
2019.822	35.62	7.53	12.93	12.75	15.06	12.97	7.28
2019.825	35.62	7.57	12.96	12.64	15.10	12.97	7.28
2019.827	35.62	7.59	13.06	12.50	15.13	12.97	7.28
2019.830	35.62	7.63	13.02	12.53	15.04	13.03	7.28
2019.833	35.62	7.67	12.97	12.57	15.04	12.99	7.28
2019.836	35.62	7.69	12.95	12.58	15.03	12.99	7.28
2019.838	35.62	7.73	12.92	12.60	15.01	12.99	7.28
2019.841	35.62	7.72	12.93	12.63	14.99	12.98	7.28
2019.844	35.62	7.71	12.88	12.67	14.99	13.00	7.28
2019.847	35.62	7.70	12.85	12.70	15.00	13.01	7.28
2019.849	35.62	7.68	12.90	12.66	14.89	13.11	7.28
2019.852	35.62	7.67	12.96	12.61	14.87	13.13	7.28
2019.855	35.62	7.66	12.98	12.63	14.82	13.15	7.28
2019.858	35.62	7.65	13.00	12.65	14.76	13.19	7.28
2019.860	35.62	7.64	13.01	12.60	14.80	13.20	7.28
2019.863	35.62	7.63	13.03	12.59	14.80	13.20	7.28
2019.866	35.62	7.62	13.05	12.58	14.80	13.21	7.28
2019.868	35.54	7.67	13.08	12.57	14.79	13.22	7.28
2019.871	35.47	7.74	13.11	12.55	14.76	13.25	7.26
2019.874	35.46	7.73	13.13	12.55	14.72	13.27	7.26
2019.877	35.46	7.72	13.15	12.53	14.70	13.30	7.26
2019.879	35.45	7.72	13.17	12.49	14.73	13.30	7.26
2019.882	35.44	7.72	13.20	12.48	14.73	13.30	7.26
2019.885	35.44	7.71	13.27	12.42	14.73	13.30	7.26
2019.888	35.43	7.70	13.32	12.38	14.73	13.30	7.27
2019.890	35.43	7.70	13.34	12.38	14.71	13.31	7.27
2019.893	35.42	7.69	13.36	12.31	14.78	13.31	7.27
2019.896	35.42	7.68	13.36	12.29	14.81	13.31	7.27
2019.899	35.41	7.73	13.31	12.26	14.81	13.33	7.27
2019.901	35.41	7.77	13.25	12.26	14.81	13.36	7.27
2019.904	35.33	7.89	13.13	12.33	14.82	13.39	7.24
2019.907	35.25	7.98	13.12	12.33	14.85	13.42	7.19
2019.910	35.16	8.00	13.16	12.41	14.77	13.42	7.20
2019.912	35.13	7.98	13.21	12.48	14.71	13.41	7.21
2019.915	35.13	7.93	13.24	12.53	14.67	13.40	7.23
2019.918	35.13	7.94	13.24	12.52	14.68	13.38	7.24
2019.921	35.13	7.93	13.21	12.44	14.74	13.42	7.25
2019.923	35.14	7.92	13.21	12.38	14.86	13.36	7.26
2019.926	35.14	7.92	13.13	12.41	14.91	13.36	7.26
2019.929	35.14	7.92	12.96	12.56	14.92	13.36	7.26
2019.932	35.15	7.91	12.95	12.57	14.92	13.36	7.25
2019.934	35.16	7.90	12.94	12.59	14.92	13.36	7.25
2019.937	35.17	7.89	12.93	12.60	14.91	13.36	7.25
2019.940	35.19	7.88	12.91	12.59	14.94	13.36	7.25
2019.942	35.20	7.86	12.89	12.62	14.92	13.36	7.25
2019.945	35.21	7.85	12.87	12.65	14.91	13.36	7.25
2019.948	35.23	7.83	12.83	12.70	14.91	13.37	7.25
2019.951	35.25	7.81	12.81	12.71	14.91	13.37	7.24
2019.953	35.27	7.80	12.80	12.72	14.91	13.37	7.24
2019.956	35.28	7.78	12.79	12.73	14.91	13.36	7.24
2019.959	35.29	7.77	12.78	12.73	14.93	13.36	7.24
2019.962	35.30	7.76	12.77	12.69	14.98	13.36	7.24
2019.964	35.32	7.74	12.75	12.65	15.02	13.38	7.24
2019.967	35.33	7.73	12.72	12.62	15.06	13.40	7.23
2019.970	35.39	7.67	12.70	12.60	15.07	13.43	7.23
2019.973	35.51	7.55	12.67	12.63	15.06	13.44	7.23
2019.975	35.55	7.36	12.81	12.64	15.06	13.44	7.23
2019.978	35.56	7.41	12.76	12.63	15.06	13.44	7.23
2019.981	35.57	7.48	12.70	12.61	15.06	13.45	7.23
2019.984	35.58	7.48	12.68	12.62	15.05	13.45	7.22
2019.986	35.59	7.48	12.62	12.62	15.10	13.46	7.22
2019.989	35.59	7.47	12.66	12.57	15.07	13.50	7.22
2019.992	35.60	7.46	12.68	12.56	15.06	13.51	7.22
2019.995	35.61	7.46	12.76	12.47	15.05	13.52	7.22
2019.997	35.62	7.45	12.91	12.32	15.04	13.53	7.22
2020.000	35.63	7.44	12.87	12.34	15.06	13.54	7.22
2020.003	35.64	7.43	12.82	12.35	15.08	13.55	7.21
2020.005	35.64	7.42	12.78	12.31	15.15	13.56	7.21
2020.008	35.66	7.40	12.81	12.30	15.12	13.58	7.21
2020.011	35.67	7.34	12.89	12.27	15.08	13.61	7.21
2020.014	35.68	7.34	12.93	12.22	15.08	13.61	7.21
2020.016	35.68	7.34	12.96	12.19	15.08	13.61	7.21
2020.019	35.68	7.32	13.01	12.25	14.98	13.62	7.18
2020.022	35.68	7.03	13.33	12.27	14.93	13.62	7.15
2020.025	35.68	7.01	13.39	12.23	14.93	13.63	7.12
2020.027	35.68	6.96	13.46	12.20	14.92	13.64	7.08
2020.030	35.68	6.86	13.60	12.17	14.91	13.64	7.04
2020.033	35.58	6.97	13.60	12.16	15.03	13.53	7.03
2020.036	35.59	6.97	13.56	12.08	15.14	13.54	7.02
2020.038	35.59	6.96	13.55	12.07	15.18	13.55	7.01
2020.041	35.60	6.94	13.52	12.11	15.17	13.56	7.00
2020.044	35.60	6.95	13.57	12.05	15.16	13.58	6.99
2020.047	35.61	6.96	13.60	12.00	15.14	13.62	6.96
2020.049	35.61	6.98	13.62	11.96	15.11	13.66	6.96
2020.052	35.62	6.99	13.65	11.91	15.08	13.70	6.97
2020.055	35.63	7.00	13.68	11.86	15.05	13.74	6.99
2020.058	35.63	7.01	13.71	11.83	15.01	13.78	6.99
2020.060	35.64	7.01	13.73	11.79	14.90	13.91	6.95
2020.063	35.65	7.06	13.66	11.80	14.89	13.93	6.90
2020.066	35.66	7.06	13.63	11.81	14.92	13.92	6.88
2020.068	35.68	7.06	13.61	11.82	14.94	13.90	6.87
2020.071	35.69	7.06	13.59	11.86	15.01	13.82	6.86
2020.074	35.71	7.06	13.55	11.96	14.93	13.82	6.85
2020.077	35.69	7.09	13.53	12.02	14.88	13.84	6.84
2020.079	35.68	7.11	13.53	12.01	14.90	13.82	6.83
2020.082	35.68	7.12	13.54	11.99	14.89	13.83	6.83
2020.085	35.68	7.14	13.53	11.97	14.86	13.86	6.83
2020.088	35.68	7.15	13.54	11.95	14.86	13.86	6.83
2020.090	35.68	7.17	13.53	11.95	14.91	13.80	6.83
2020.093	35.68	7.18	13.52	11.95	14.93	13.78	6.84
2020.096	35.68	7.20	13.50	11.95	15.02	13.69	6.85
2020.099	35.68	7.21	13.48	11.96	15.02	13.70	6.86
2020.101	35.68	7.22	13.42	11.96	15.11	13.66	6.87
2020.104	35.68	7.23	13.31	12.00	15.20	13.62	6.88
2020.107	35.68	7.26	13.24	12.07	15.11	13.69	6.89
2020.110	35.68	7.27	13.19	12.12	15.03	13.75	6.90
2020.112	35.68	7.28	13.17	12.12	15.03	13.76	6.90
2020.115	35.68	7.29	13.14	12.15	15.01	13.77	6.91
2020.118	35.68	7.32	13.14	12.17	14.95	13.79	6.92
2020.121	35.70	7.31	13.28	11.99	14.97	13.79	6.93
2020.123	35.72	7.30	13.34	11.92	14.92	13.84	6.94
2020.126	35.75	7.28	13.24	12.02	14.85	13.91	6.94
2020.129	35.78	7.28	13.06	12.18	14.78	13.97	6.95
2020.132	35.80	7.26	12.74	12.51	14.73	14.01	6.96
2020.134	35.83	7.25	12.68	12.57	14.70	14.02	6.96
2020.137	35.84	7.25	12.66	12.57	14.69	14.03	6.96
2020.140	35.84	7.27	12.72	12.52	14.67	14.03	6.96
2020.142	35.85	7.27	12.77	12.45	14.67	14.03	6.96
2020.145	35.85	7.28	12.75	12.46	14.67	14.03	6.95
2020.148	35.86	7.29	12.71	12.50	14.67	14.02	6.95
2020.151	35.78	7.38	12.69	12.49	14.68	14.15	6.82
2020.153	35.68	7.50	12.67	12.50	14.68	14.25	6.72
2020.156	35.68	7.51	12.67	12.49	14.66	14.29	6.68
2020.159	35.68	7.52	12.68	12.48	14.61	14.34	6.68
2020.162	35.68	7.54	12.67	12.48	14.51	14.42	6.68
2020.164	35.68	7.56	12.69	12.47	14.49	14.43	6.68
2020.167	35.65	7.60	12.64	12.51	14.47	14.43	6.67
2020.170	35.62	7.65	12.53	12.64	14.44	14.43	6.67
2020.173	35.61	7.68	12.45	12.74	14.38	14.45	6.67
2020.175	35.62	7.69	12.44	12.79	14.30	14.46	6.69
2020.178	35.62	7.69	12.43	12.78	14.35	14.40	6.70
2020.181	35.63	7.70	12.42	12.77	14.36	14.42	6.68
2020.184	35.64	7.69	12.43	12.76	14.36	14.43	6.67
2020.186	35.65	7.70	12.41	12.75	14.36	14.43	6.66
2020.189	35.66	7.70	12.36	12.81	14.35	14.43	6.66
2020.192	35.67	7.71	12.35	12.79	14.34	14.46	6.66
2020.195	35.68	7.39	12.67	12.77	14.32	14.49	6.66
2020.197	35.68	7.38	12.71	12.73	14.30	14.51	6.66
2020.200	35.68	7.38	12.72	12.71	14.30	14.52	6.66
2020.203	35.68	7.38	12.73	12.71	14.29	14.52	6.66
2020.205	35.68	7.38	12.73	12.72	14.27	14.52	6.65
2020.208	35.68	7.38	12.74	12.72	14.27	14.52	6.65
2020.211	35.68	7.38	12.72	12.74	14.31	14.47	6.65
2020.214	35.68	7.38	12.70	12.76	14.34	14.43	6.65
2020.216	35.68	7.38	12.68	12.73	14.40	14.43	6.65
2020.219	35.68	7.38	12.68	12.72	14.41	14.43	6.65
2020.222	35.60	7.47	12.69	12.71	14.41	14.43	6.65
2020.225	35.61	7.46	12.70	12.69	14.42	14.43	6.65
2020.227	35.62	7.44	12.73	12.66	14.42	14.43	6.65
2020.230	35.64	7.42	12.73	12.66	14.43	14.43	6.65
2020.233	35.65	7.41	12.75	12.64	14.43	14.43	6.65
2020.236	35.67	7.39	12.76	12.63	14.43	14.43	6.65
2020.238	35.68	7.38	12.77	12.57	14.47	14.43	6.65
2020.241	35.68	7.38	12.80	12.51	14.51	14.43	6.65
2020.244	35.68	7.38	12.81	12.50	14.52	14.41	6.65
2020.247	35.68	7.38	12.81	12.50	14.55	14.39	6.65
2020.249	35.68	7.38	12.82	12.49	14.59	14.34	6.65
2020.252	35.68	7.38	12.83	12.48	14.69	14.25	6.65
2020.255	35.68	7.38	12.82	12.48	14.70	14.19	6.70
2020.258	35.68	7.34	12.85	12.48	14.72	14.03	6.86
2020.260	35.68	7.32	12.86	12.49	14.72	13.97	6.92
2020.263	35.68	7.31	12.88	12.49	14.72	13.96	6.92
2020.266	35.68	7.29	12.89	12.45	14.76	13.90	6.99
2020.268	35.68	7.25	12.93	12.39	14.80	13.91	7.01
2020.271	35.68	7.23	12.95	12.36	14.85	13.91	7.04
2020.274	35.68	7.21	12.96	12.35	14.87	13.90	7.05
2020.277	35.68	7.19	12.98	12.32	14.92	13.89	7.08
2020.279	35.68	7.16	13.02	12.31	14.94	13.88	7.09
2020.282	35.68	7.14	13.06	12.28	14.94	13.88	7.12
2020.285	35.68	7.19	12.99	12.31	14.95	13.88	7.14
2020.288	35.68	7.23	12.94	12.32	14.97	13.87	7.13
2020.290	35.69	7.28	12.86	12.35	15.01	13.82	7.12
2020.293	35.73	7.31	12.78	12.39	15.06	13.76	7.12
2020.296	35.77	7.30	12.71	12.41	15.10	13.74	7.11
2020.299	35.81	7.26	12.72	12.38	15.12	13.74	7.11
2020.301	35.84	7.22	12.73	12.37	15.14	13.73	7.10
2020.304	35.83	7.23	12.73	12.37	15.15	13.72	7.10
2020.307	35.82	7.24	12.73	12.38	15.16	13.72	7.10
2020.310	35.81	7.25	12.72	12.38	15.07	13.80	7.10
2020.312	35.81	7.26	12.71	12.39	14.97	13.91	7.10
2020.315	35.80	7.27	12.70	12.40	14.90	13.98	7.10
2020.318	35.79	7.28	12.70	12.41	14.90	13.98	7.10
2020.321	35.78	7.29	12.65	12.46	14.90	13.98	7.10
2020.323	35.77	7.30	12.64	12.45	14.91	13.98	7.10
2020.326	35.76	7.30	12.64	12.43	14.93	13.98	7.10
2020.329	35.74	7.29	12.66	12.39	14.98	13.98	7.10
2020.332	35.73	7.27	12.68	12.36	14.97	14.03	7.10
2020.334	35.72	7.25	12.70	12.36	14.84	14.17	7.10
2020.337	35.71	7.23	12.73	12.37	14.84	14.17	7.10
2020.340	35.70	7.21	12.74	12.38	14.84	14.14	7.12
2020.342	35.69	7.16	12.79	12.39	14.84	14.12	7.14
2020.345	35.69	7.14	12.81	12.40	14.84	14.08	7.18
2020.348	35.68	7.14	12.82	12.45	14.80	14.06	7.20
2020.351	35.68	7.14	12.81	12.49	14.75	14.02	7.24
2020.353	35.68	7.15	12.81	12.51	14.73	14.06	7.20
2020.356	35.68	7.15	12.80	12.51	14.73	14.09	7.17
2020.359	35.68	7.16	12.86	12.45	14.73	14.12	7.14
2020.362	35.68	7.16	12.88	12.43	14.72	14.15	7.11
2020.364	35.68	7.17	12.85	12.45	14.72	14.17	7.10
2020.367	35.68	7.18	12.79	12.45	14.77	14.17	7.10
2020.370	35.68	7.18	12.77	12.45	14.79	14.15	7.12
2020.373	35.68	7.19	12.77	12.44	14.72	14.22	7.13
2020.375	35.68	7.19	12.76	12.46	14.69	14.21	7.14
2020.378	35.68	7.20	12.76	12.43	14.73	14.20	7.15
2020.381	35.68	7.20	12.78	12.37	14.77	14.16	7.17
2020.384	35.68	7.21	12.81	12.34	14.78	14.14	7.19
2020.386	35.60	7.30	12.81	12.32	14.80	14.11	7.20
2020.389	35.49	7.42	12.76	12.33	14.87	14.07	7.21
2020.392	35.48	7.43	12.73	12.31	14.93	14.04	7.22
2020.395	35.47	7.41	12.76	12.30	14.94	14.02	7.24
2020.397	35.46	7.39	12.79	12.30	14.94	14.01	7.26
2020.400	35.45	7.36	12.82	12.25	14.99	14.00	7.27
2020.403	35.43	7.37	12.84	12.18	15.06	13.98	7.28
2020.405	35.45	7.32	12.89	12.09	15.13	13.97	7.29
2020.408	35.48	7.25	12.94	12.17	15.04	13.94	7.31
2020.411	35.55	7.10	13.00	12.18	15.07	13.91	7.32
2020.414	35.58	6.95	13.13	12.16	15.14	13.85	7.34
2020.416	35.61	7.00	13.06	12.10	15.17	13.84	7.35
2020.419	35.64	6.96	13.12	12.04	15.15	13.88	7.35
2020.422	35.68	6.89	13.15	12.09	15.09	13.89	7.35
2020.425	35.68	6.86	13.18	12.22	14.96	13.90	7.35
2020.427	35.68	6.82	13.21	12.20	14.98	13.89	7.35
2020.430	35.68	6.79	13.25	12.13	15.06	13.88	7.35
2020.433	35.68	6.76	13.28	12.10	15.05	13.92	7.35
2020.436	35.68	6.73	13.31	12.07	15.09	13.92	7.35
2020.438	35.68	6.70	13.34	12.03	15.12	13.92	7.35
2020.441	35.68	6.70	13.34	12.03	15.10	13.94	7.35
2020.444	35.68	6.70	13.32	12.08	15.03	13.97	7.35
2020.447	35.68	6.70	13.31	12.14	14.99	13.99	7.33
2020.449	35.68	6.70	13.27	12.21	14.95	13.98	7.33
2020.452	35.68	6.70	13.26	12.23	14.96	13.97	7.34
2020.455	35.68	6.71	13.17	12.28	14.98	13.96	7.35
2020.458	35.68	6.72	13.16	12.27	15.01	13.96	7.35
2020.460	35.68	6.73	13.09	12.28	15.05	13.96	7.35
2020.463	35.68	6.75	13.08	12.26	15.07	13.96	7.35
2020.466	35.68	6.70	13.12	12.24	15.10	13.95	7.35
2020.468	35.68	6.70	13.13	12.22	15.11	13.95	7.35
2020.471	35.68	6.70	13.13	12.19	15.14	13.95	7.35
2020.474	35.68	6.70	13.11	12.21	15.14	13.95	7.35
2020.477	35.68	6.70	13.11	12.23	15.13	13.94	7.35
2020.479	35.68	6.70	13.12	12.20	15.14	13.94	7.35
2020.482	35.68	6.62	13.21	12.20	15.14	13.94	7.35
2020.485	35.68	6.51	13.32	12.17	15.18	13.94	7.38
2020.488	35.68	6.50	13.33	12.16	15.19	13.92	7.40
2020.490	35.68	6.51	13.32	12.20	15.14	13.93	7.42
2020.493	35.68	6.52	13.31	12.21	15.14	13.96	7.44
2020.496	35.68	6.54	13.30	12.19	15.14	14.00	7.44
2020.499	35.68	6.56	13.26	12.23	15.11	14.05	7.43
2020.501	35.68	6.52	13.26	12.25	15.10	14.09	7.40
2020.504	35.68	6.42	13.36	12.28	15.07	14.13	7.37
2020.507	35.68	6.31	13.47	12.27	15.06	14.17	7.34
2020.510	35.68	6.21	13.59	12.26	15.02	14.24	7.31
2020.512	35.68	6.15	13.61	12.29	14.98	14.31	7.28
2020.515	35.68	6.09	13.67	12.30	14.97	14.32	7.28
2020.518	35.68	6.13	13.64	12.30	14.95	14.33	7.28
2020.521	35.68	6.14	13.62	12.30	14.94	14.34	7.28
2020.523	35.68	6.15	13.61	12.30	14.93	14.34	7.29
2020.526	35.68	6.15	13.61	12.30	14.93	14.34	7.29
2020.529	35.69	6.15	13.61	12.30	14.93	14.34	7.30
2020.532	35.69	6.14	13.61	12.28	14.95	14.33	7.30
2020.534	35.71	6.19	13.55	12.26	14.96	14.33	7.31
2020.537	35.72	6.23	13.50	12.23	14.98	14.34	7.31
2020.540	35.73	6.23	13.48	12.21	14.98	14.36	7.31
2020.542	35.74	6.24	13.46	12.19	14.95	14.40	7.31
2020.545	35.76	6.08	13.61	12.18	14.97	14.39	7.32
2020.548	35.75	6.08	13.52	12.26	15.00	14.38	7.32
2020.551	35.67	6.16	13.52	12.26	15.00	14.37	7.33
2020.553	35.72	6.12	13.52	12.25	15.00	14.37	7.33
2020.556	35.76	6.07	13.52	12.25	14.99	14.38	7.33
2020.559	35.80	6.03	13.53	12.25	14.94	14.42	7.34
2020.562	35.82	6.01	13.53	12.24	14.89	14.47	7.34
2020.564	35.83	5.81	13.72	12.26	14.79	14.54	7.34
2020.567	35.83	5.64	13.89	12.25	14.81	14.52	7.35
2020.570	35.83	5.65	13.89	12.25	14.87	14.48	7.35
2020.573	35.82	5.66	13.85	12.28	14.74	14.61	7.35
2020.575	35.80	5.69	13.85	12.21	14.91	14.48	7.36
2020.578	35.79	5.86	13.70	12.16	14.93	14.48	7.39
2020.581	35.78	5.87	13.71	12.15	14.90	14.43	7.47
2020.584	35.77	5.88	13.72	12.14	14.88	14.41	7.51
2020.586	35.76	5.89	13.72	12.13	14.87	14.38	7.58
2020.589	35.64	6.02	13.73	12.07	14.91	14.44	7.60
2020.592	35.34	6.32	13.74	11.98	14.98	14.51	7.60
2020.595	35.22	6.44	13.74	11.96	15.00	14.65	7.54
2020.597	35.20	6.46	13.73	11.95	15.01	14.63	7.58
2020.600	35.34	6.32	13.74	11.91	15.02	14.60	7.61
2020.603	35.48	6.18	13.75	11.91	15.02	14.56	7.65
2020.605	35.62	6.05	13.68	11.97	15.03	14.52	7.68
2020.608	35.62	6.05	13.73	11.93	15.04	14.47	7.72
2020.611	35.53	6.15	13.69	11.97	15.04	14.42	7.75
2020.614	35.44	6.25	13.69	11.95	15.07	14.36	7.79
2020.616	35.33	6.38	13.67	11.95	15.07	14.33	7.82
2020.619	35.23	6.48	13.66	11.95	15.07	14.65	7.51
2020.622	35.14	6.65	13.61	11.92	15.06	14.66	7.51
2020.625	35.00	6.75	13.59	11.98	15.06	14.66	7.51
2020.627	34.91	6.85	13.57	11.98	15.07	14.66	7.51
2020.630	34.80	6.97	13.55	12.00	15.04	14.68	7.51
2020.633	34.71	7.09	13.48	12.05	15.02	14.70	7.51
2020.636	34.62	7.19	13.47	12.04	15.00	14.72	7.51
2020.638	34.53	7.29	13.48	12.03	15.01	14.71	7.52
2020.641	34.43	7.40	13.46	12.03	15.06	14.66	7.52
2020.644	34.42	7.42	13.46	12.04	15.06	14.66	7.52
2020.647	34.42	7.42	13.45	12.04	15.07	14.65	7.52
2020.649	34.42	7.42	13.46	12.05	15.07	14.64	7.52
2020.652	34.42	7.42	13.59	11.91	15.09	14.63	7.52
2020.655	34.42	7.42	13.65	11.84	15.09	14.63	7.52
2020.658	34.42	7.42	13.64	11.85	15.09	14.63	7.52
2020.660	34.42	7.42	13.63	11.86	15.09	14.63	7.52
2020.663	34.42	7.42	13.68	11.97	14.92	14.63	7.54
2020.666	34.42	7.41	13.68	11.97	14.86	14.62	7.61
2020.668	34.42	7.38	13.72	11.88	14.93	14.59	7.65
2020.671	34.42	7.33	13.78	11.80	15.01	14.52	7.72
2020.674	34.42	7.31	13.82	11.78	15.00	14.49	7.75
2020.677	34.42	7.30	13.86	11.74	15.01	14.43	7.82
2020.679	34.42	7.29	13.89	11.72	15.01	14.44	7.81
2020.682	34.42	7.29	13.92	11.69	15.01	14.46	7.79
2020.685	34.42	7.31	13.94	11.64	14.97	14.52	7.78
2020.688	34.42	7.39	13.88	11.64	14.99	14.51	7.76
2020.690	34.41	7.42	13.81	11.69	15.00	14.52	7.73
2020.693	34.36	7.48	13.80	11.69	14.99	14.56	7.71
2020.696	34.34	7.49	13.78	11.75	14.95	14.57	7.69
2020.699	34.29	7.54	13.77	11.78	14.95	14.58	7.68
2020.701	34.38	7.45	13.78	11.77	14.95	14.62	7.65
2020.704	34.42	7.42	13.78	11.71	15.01	14.63	7.63
2020.707	34.42	7.42	13.73	11.75	15.01	14.61	7.66
2020.710	34.42	7.42	13.73	11.75	15.07	14.57	7.65
2020.712	34.42	7.42	13.73	11.75	15.12	14.48	7.69
2020.715	34.42	7.42	13.74	11.74	15.13	14.44	7.72
2020.718	34.42	7.42	13.74	11.74	15.14	14.40	7.76
2020.721	34.42	7.42	13.75	11.69	15.20	14.36	7.80
2020.723	34.42	7.48	13.69	11.60	15.27	14.33	7.84
2020.726	34.42	7.77	13.41	11.55	15.31	14.27	7.90
2020.729	34.42	7.90	13.28	11.55	15.30	14.24	7.94
2020.732	34.42	7.92	13.27	11.55	15.29	14.22	7.98
2020.734	34.42	7.93	13.25	11.55	15.28	14.21	7.99
2020.737	34.42	7.90	13.27	11.56	15.28	14.28	7.94
2020.740	34.42	7.69	13.49	11.56	15.27	14.31	7.91
2020.742	34.42	7.51	13.62	11.62	15.28	14.33	7.89
2020.745	34.42	7.42	13.71	11.58	15.33	14.35	7.86
2020.748	34.42	7.42	13.68	11.61	15.30	14.41	7.84
2020.751	34.42	7.49	13.58	11.63	15.29	14.45	7.81
2020.753	34.42	7.59	13.48	11.69	15.22	14.49	7.79
2020.756	34.42	7.65	13.42	11.73	15.17	14.52	7.76
2020.759	34.42	7.66	13.41	11.68	15.32	14.56	7.64
2020.762	34.42	7.67	13.40	11.68	15.33	14.54	7.64
2020.764	34.42	7.68	13.40	11.68	15.35	14.52	7.64
2020.767	34.42	7.67	13.42	11.67	15.40	14.74	7.38
2020.770	34.41	7.65	13.45	11.72	15.37	14.71	7.39
2020.773	34.40	7.63	13.48	11.67	15.42	14.71	7.39
2020.775	34.38	7.63	13.55	11.62	15.42	14.72	7.40
2020.778	34.37	7.58	13.65	11.57	15.41	14.72	7.40
2020.781	34.38	7.55	13.69	11.56	15.40	14.73	7.41
2020.784	34.42	7.48	13.71	11.70	15.26	14.73	7.41
2020.786	34.44	7.44	13.74	11.71	15.28	14.71	7.41
2020.789	34.46	7.39	13.76	11.76	15.23	14.72	7.41
2020.792	34.48	7.36	13.82	11.69	15.20	14.81	7.38
2020.795	34.47	7.36	13.80	11.70	15.21	14.85	7.36
2020.797	34.45	7.38	13.78	11.71	15.19	14.89	7.33
2020.800	34.42	7.42	13.78	11.73	15.17	14.96	7.27
2020.803	34.42	7.42	13.81	11.68	15.18	14.99	7.25
2020.805	34.42	7.40	13.81	11.76	15.12	15.02	7.22
2020.808	34.42	7.37	13.84	11.85	15.02	15.05	7.20
2020.811	34.42	7.37	13.85	11.84	15.03	15.08	7.17
2020.814	34.42	7.37	13.85	11.80	15.04	15.11	7.16
2020.816	34.42	7.38	13.84	11.82	14.99	15.14	7.17
2020.819	34.45	7.35	13.83	11.87	14.92	15.17	7.17
2020.822	34.54	7.27	13.79	11.91	14.91	15.16	7.18
2020.825	34.64	7.19	13.80	11.93	14.95	15.08	7.20
2020.827	34.73	7.10	13.80	11.99	14.89	15.06	7.21
2020.830	34.61	7.23	13.81	12.01	14.86	15.05	7.22
2020.833	34.51	7.32	13.83	12.02	14.81	15.07	7.23
2020.836	34.42	7.37	13.86	12.02	14.79	15.08	7.24
2020.838	34.42	7.26	13.98	11.95	14.85	15.14	7.19
2020.841	34.42	7.19	14.07	11.92	14.83	15.16	7.19
2020.844	34.42	7.19	14.12	11.89	14.81	15.18	7.19
2020.847	34.42	7.18	14.15	11.87	14.80	15.19	7.18
2020.849	34.36	7.23	14.13	11.91	14.80	15.16	7.18
2020.852	34.30	7.28	14.14	11.93	14.80	15.15	7.17
2020.855	34.24	7.34	14.15	11.94	14.79	15.14	7.17
2020.858	34.15	7.42	14.14	11.97	14.79	15.13	7.18
2020.860	34.03	7.53	14.14	11.98	14.81	15.11	7.19
2020.863	33.95	7.61	14.15	11.97	14.83	15.09	7.19
2020.866	33.90	7.64	14.15	12.01	14.81	15.08	7.20
2020.868	33.86	7.67	14.15	12.04	14.81	15.06	7.20
2020.871	33.83	7.70	14.16	12.03	14.90	14.99	7.20
2020.874	33.79	7.65	14.24	12.08	14.87	14.96	7.20
2020.877	33.75	7.63	14.29	12.08	14.90	14.95	7.20
2020.879	33.71	7.54	14.43	12.10	14.90	14.93	7.20
2020.882	33.67	7.52	14.51	12.10	14.86	14.95	7.20
2020.885	33.61	7.54	14.57	12.09	14.79	15.00	7.20
2020.888	33.61	7.56	14.57	12.11	14.76	14.98	7.20
2020.890	33.65	7.54	14.56	12.16	14.73	14.96	7.20
2020.893	33.68	7.24	14.83	12.14	14.78	14.93	7.20
2020.896	33.77	7.08	14.92	12.14	14.75	14.94	7.19
2020.899	33.92	6.93	14.93	12.15	14.72	14.95	7.19
2020.901	34.05	6.80	14.94	12.16	14.71	14.94	7.19
2020.904	34.14	6.71	14.93	12.20	14.70	14.92	7.18
2020.907	34.23	6.61	14.92	12.22	14.68	14.92	7.18
2020.910	34.35	6.49	14.92	12.25	14.66	14.92	7.18
2020.912	34.42	6.51	14.80	12.30	14.64	14.92	7.17
2020.915	34.42	6.63	14.68	12.31	14.66	14.90	7.17
2020.918	34.42	6.75	14.53	12.34	14.86	14.70	7.17
2020.921	34.42	6.98	14.29	12.35	14.85	14.71	7.16
2020.923	34.42	6.97	14.32	12.37	14.80	14.72	7.16
2020.926	34.42	6.96	14.33	12.33	14.83	14.74	7.16
2020.929	34.42	6.96	14.33	12.08	15.08	14.73	7.15
2020.932	34.42	6.95	14.33	12.08	15.10	14.76	7.11
2020.934	34.42	6.94	14.34	12.29	14.89	14.83	7.03
2020.937	34.42	6.94	14.37	12.30	14.86	14.96	6.89
2020.940	34.42	6.93	14.37	12.32	14.86	15.10	6.74
2020.942	34.42	6.92	14.37	12.33	14.86	15.24	6.59
2020.945	34.42	6.91	14.37	12.45	14.80	15.37	6.41
2020.948	34.42	6.91	14.36	12.47	14.75	15.46	6.38
2020.951	34.42	6.90	14.36	12.48	14.73	15.54	6.30
2020.953	34.42	6.89	14.37	12.48	14.70	15.54	6.32
2020.956	34.42	6.88	14.37	12.48	14.70	15.54	6.33
2020.959	34.42	6.88	14.38	12.48	14.71	15.54	6.40
2020.962	34.42	6.87	14.39	12.49	14.72	15.53	6.40
2020.964	34.42	6.84	14.41	12.50	14.71	15.54	6.45
2020.967	34.42	6.81	14.49	12.48	14.71	15.51	6.45
2020.970	34.42	6.78	14.53	12.50	14.71	15.50	6.44
2020.973	34.42	6.78	14.53	12.54	14.70	15.47	6.44
2020.975	34.42	6.79	14.54	12.50	14.78	15.41	6.37
2020.978	34.42	6.81	14.49	12.59	14.75	15.38	6.36
2020.981	34.42	6.81	14.49	12.60	14.76	15.37	6.36
2020.984	34.52	6.70	14.50	12.61	14.78	15.35	6.29
2020.986	34.57	6.65	14.51	12.61	14.79	15.34	6.21
2020.989	34.49	6.72	14.52	12.53	14.88	15.34	6.20
2020.992	34.43	6.77	14.54	12.60	14.78	15.34	6.19
2020.995	34.58	6.62	14.55	12.77	14.62	15.35	6.18
2020.997	34.58	6.61	14.58	12.81	14.58	15.33	6.17
2021.000	34.58	6.60	14.61	12.79	14.64	15.28	6.16
2021.003	34.58	6.60	14.62	12.80	14.62	15.28	6.15
2021.005	34.58	6.59	14.65	12.79	14.58	15.30	6.16
2021.008	34.58	6.58	14.70	12.73	14.64	15.27	6.13
2021.011	34.58	6.57	14.72	12.73	14.67	15.23	6.14
2021.014	34.58	6.67	14.62	12.72	14.71	15.12	6.20
2021.016	34.58	6.76	14.53	12.73	14.75	14.98	6.28
2021.019	34.58	6.94	14.42	12.66	14.76	15.07	6.18
2021.022	34.56	6.98	14.38	12.68	14.87	14.92	6.23
2021.025	34.53	7.02	14.33	12.72	14.88	14.88	6.25
2021.027	34.51	7.32	14.04	12.73	14.94	14.79	6.35
2021.030	34.49	7.35	14.04	12.77	14.92	14.76	6.38
2021.033	34.46	7.37	14.04	12.80	14.90	14.72	6.40
2021.036	34.44	7.37	14.07	12.79	14.92	14.69	6.43
2021.038	34.41	7.42	14.04	12.79	14.94	14.65	6.46
2021.041	34.39	7.44	14.27	12.55	14.94	14.64	6.50
2021.044	34.40	7.41	14.21	12.62	14.87	14.70	6.61
2021.047	34.41	7.39	14.09	12.74	14.87	15.08	6.22
2021.049	34.42	7.37	14.12	12.72	14.88	15.09	6.21
2021.052	34.44	7.34	14.19	12.66	15.05	14.93	6.21
2021.055	34.45	7.32	14.18	12.66	15.08	14.92	6.21
2021.058	34.46	7.31	14.14	12.73	15.19	14.78	6.21
2021.060	34.48	7.32	14.07	12.83	15.38	14.55	6.22
2021.063	34.50	7.33	14.00	12.94	15.31	14.54	6.23
2021.066	34.56	7.27	13.95	13.03	15.13	14.69	6.22
2021.068	34.56	7.27	13.93	13.09	14.95	14.84	6.23
2021.071	34.57	7.31	13.85	13.16	14.89	14.78	6.31
2021.074	34.57	7.33	13.82	13.12	15.28	14.25	6.51
2021.077	34.57	7.35	13.81	13.18	15.23	14.12	6.65
2021.079	34.57	7.36	13.79	13.15	15.25	14.00	6.78
2021.082	34.57	7.38	13.77	13.08	15.33	13.87	6.92
2021.085	34.57	7.37	13.79	13.01	15.41	13.73	7.05
2021.088	34.58	7.35	13.79	13.05	15.34	13.72	7.09
2021.090	34.59	7.34	13.79	13.07	15.18	13.84	7.10
2021.093	34.60	7.34	13.79	13.11	15.10	13.85	7.14
2021.096	34.61	7.33	13.79	13.15	15.07	13.82	7.16
2021.099	34.61	7.33	13.79	13.18	15.15	14.30	6.57
2021.101	34.60	7.34	13.79	13.20	15.18	14.37	6.44
2021.104	34.59	7.33	13.82	13.24	15.01	14.41	6.52
2021.107	34.59	7.25	13.92	13.17	15.05	14.28	6.68
2021.110	34.58	7.25	13.93	13.03	15.18	14.11	6.84
2021.112	34.57	7.26	13.93	12.98	15.24	13.95	7.00
2021.115	34.57	7.26	13.89	13.03	15.22	13.87	7.08
2021.118	34.56	7.27	13.88	13.06	15.21	13.71	7.24
2021.121	34.54	7.29	13.84	13.12	15.22	13.60	7.34
2021.123	34.53	7.30	13.80	13.17	15.23	13.57	7.36
2021.126	34.52	7.43	13.68	13.30	15.15	13.53	7.34
2021.129	34.49	7.46	13.66	13.23	15.29	13.49	7.31
2021.132	34.48	7.47	13.58	13.31	15.09	13.68	7.31
2021.134	34.47	7.49	13.60	13.30	15.12	13.62	7.33
2021.137	34.46	7.50	13.62	13.29	15.14	13.58	7.34
2021.140	34.43	7.53	13.67	13.14	15.28	13.55	7.34
2021.142	34.42	7.54	13.68	13.19	15.19	13.58	7.34
2021.145	34.40	7.43	13.84	13.26	15.07	13.43	7.50
2021.148	34.39	7.49	13.84	13.18	15.08	13.33	7.62
2021.151	34.37	7.58	13.78	13.01	15.24	13.34	7.62
2021.153	34.37	7.60	13.75	13.00	15.21	13.39	7.62
2021.156	34.38	7.59	13.75	13.03	15.32	13.24	7.62
2021.159	34.38	7.59	13.75	12.97	15.43	13.19	7.62
2021.162	34.39	7.71	13.62	12.96	15.46	13.17	7.61
2021.164	34.40	7.81	13.50	12.98	15.60	13.02	7.61
2021.167	34.41	7.90	13.33	13.05	15.59	13.04	7.61
2021.170	34.43	7.99	13.14	13.15	15.55	13.05	7.61
2021.173	34.43	8.08	13.05	13.26	15.48	13.00	7.61
2021.175	34.44	8.16	12.97	13.26	15.57	12.90	7.61
2021.178	34.45	8.14	13.00	13.25	15.63	12.84	7.61
2021.181	34.46	7.88	13.25	13.26	15.69	12.77	7.61
2021.184	34.47	7.63	13.51	13.25	15.72	12.74	7.60
2021.186	34.48	7.50	13.66	13.22	15.73	12.72	7.60
2021.189	34.49	7.50	13.67	13.21	15.76	12.68	7.60
2021.192	34.50	7.49	13.67	13.19	15.80	12.67	7.60
2021.195	34.22	7.77	13.66	12.99	15.99	12.67	7.60
2021.197	34.23	7.77	13.65	13.01	15.98	12.65	7.63
2021.200	34.20	7.79	13.64	13.01	15.97	12.61	7.68
2021.203	34.17	7.82	13.69	12.97	15.97	12.57	7.72
2021.205	34.14	7.85	13.68	12.98	15.95	12.54	7.76
2021.208	34.31	7.69	13.67	12.99	15.94	12.51	7.80
2021.211	34.27	7.73	13.72	12.94	15.93	12.47	7.85
2021.214	34.27	7.74	13.75	12.90	15.92	12.47	7.86
2021.216	34.27	7.73	13.75	12.88	15.92	12.49	7.86
2021.219	34.28	7.72	13.75	12.82	15.97	12.50	7.86
2021.222	34.29	7.72	13.75	12.80	15.98	12.51	7.85
2021.225	34.29	7.71	13.75	12.90	15.87	12.52	7.85
2021.227	34.30	7.71	13.78	12.87	15.80	12.58	7.85
2021.230	34.31	7.70	13.83	12.82	15.76	12.66	7.82
2021.233	34.31	7.70	13.87	12.77	15.77	12.67	7.80
2021.236	34.32	7.69	13.88	12.77	15.77	12.64	7.82
2021.238	34.33	7.69	13.87	12.77	15.77	12.72	7.75
2021.241	34.34	7.81	13.74	12.74	15.81	12.76	7.72
2021.244	34.34	7.85	13.69	12.73	15.82	12.80	7.67
2021.247	34.35	7.70	13.83	12.76	15.79	12.88	7.57
2021.249	34.34	7.75	13.79	12.77	15.75	12.92	7.55
2021.252	34.34	7.79	13.75	12.79	15.70	12.95	7.54
2021.255	34.33	7.86	13.67	12.80	15.69	12.96	7.53
2021.258	34.33	7.90	13.63	12.80	15.70	12.98	7.49
2021.260	34.32	7.95	13.58	12.82	15.72	12.99	7.45
2021.263	34.31	7.99	13.52	12.84	15.68	13.06	7.41
2021.266	34.29	8.08	13.43	12.87	15.65	13.10	7.39
2021.268	34.27	8.14	13.37	12.89	15.67	13.13	7.36
2021.271	34.24	8.21	13.31	12.91	15.67	13.14	7.34
2021.274	34.22	8.26	13.27	12.91	15.55	13.30	7.30
2021.277	34.19	8.36	13.20	12.96	15.53	13.30	7.29
2021.279	34.17	8.42	13.16	13.01	15.49	13.30	7.27
2021.282	34.14	8.49	13.12	13.07	15.49	13.28	7.24
2021.285	34.14	8.53	13.08	13.17	15.43	13.26	7.23
2021.288	34.14	8.60	13.00	13.19	15.31	13.36	7.27
2021.290	34.20	8.58	12.97	13.24	15.26	13.36	7.27
2021.293	34.26	8.55	12.89	13.29	15.25	13.35	7.27
2021.296	34.32	8.53	12.85	13.29	15.23	13.38	7.27
2021.299	34.37	8.55	12.78	13.26	15.18	13.46	7.27
2021.301	34.39	8.57	12.74	13.23	15.16	13.51	7.26
2021.304	34.41	8.58	12.71	13.22	15.14	13.55	7.26
2021.307	34.43	8.48	12.77	13.23	15.25	13.44	7.26
2021.310	34.44	8.37	12.86	13.21	15.13	13.59	7.26
2021.312	34.45	8.17	13.07	13.17	15.16	13.58	7.26
2021.315	34.47	8.06	13.16	13.14	15.20	13.57	7.26
2021.318	34.48	7.95	13.28	13.09	15.29	13.51	7.26
2021.321	34.51	7.93	13.27	13.06	15.44	13.39	7.26
2021.323	34.52	7.94	13.27	13.02	15.50	13.32	7.30
2021.326	34.53	7.98	13.22	12.99	15.52	13.28	7.33
2021.329	34.55	8.10	13.09	13.00	15.47	13.28	7.37
2021.332	34.10	8.69	12.95	13.04	15.34	13.24	7.49
2021.334	34.09	8.84	12.81	13.13	15.21	13.23	7.54
2021.337	34.07	9.00	12.66	13.24	15.07	13.28	7.54
2021.340	34.06	9.15	12.50	13.29	14.99	13.31	7.56
2021.342	34.05	9.07	12.58	13.26	14.99	13.26	7.63
2021.345	34.04	8.98	12.68	13.22	14.94	13.32	7.67
2021.348	34.03	8.89	12.77	13.19	14.92	13.34	7.71
2021.351	34.02	8.80	12.85	13.16	14.94	13.35	7.72
2021.353	34.01	8.71	12.94	13.13	14.90	13.44	7.67
2021.356	34.00	8.69	12.96	13.17	14.80	13.52	7.65
2021.359	33.99	8.72	12.95	13.35	14.61	13.53	7.64
2021.362	33.97	8.75	12.95	13.31	14.64	13.55	7.63
2021.364	33.96	8.77	12.93	13.25	14.64	13.62	7.61
2021.367	33.94	8.81	12.93	13.26	14.56	13.69	7.61
2021.370	33.91	9.11	12.66	13.31	14.51	13.70	7.59
2021.373	33.85	8.95	12.89	13.33	14.48	13.71	7.58
2021.375	33.81	8.98	12.89	13.31	14.50	13.72	7.58
2021.378	33.78	8.92	12.98	13.23	14.58	13.73	7.57
2021.381	33.75	8.76	13.18	13.13	14.67	13.74	7.56
2021.384	33.74	8.68	13.27	13.04	14.77	13.75	7.56
2021.386	33.72	8.51	13.46	13.03	14.76	13.77	7.56
2021.389	33.70	8.43	13.56	13.07	14.72	13.79	7.55
2021.392	33.65	8.45	13.59	13.06	14.73	13.80	7.55
2021.395	33.63	8.70	13.35	13.02	14.75	13.80	7.57
2021.397	33.61	9.35	12.72	13.02	14.74	13.78	7.59
2021.400	33.60	9.39	12.70	13.02	14.74	13.76	7.62
2021.403	33.58	9.42	12.69	13.03	14.72	13.75	7.63
2021.405	33.56	9.45	12.67	13.00	14.74	13.74	7.66
2021.408	33.54	9.49	12.65	12.89	14.84	13.72	7.68
2021.411	33.55	9.51	12.66	12.80	14.88	13.71	7.70
2021.414	33.58	9.50	12.65	12.79	14.89	13.69	7.72
2021.416	33.60	9.49	12.61	12.79	14.89	13.69	7.74
2021.419	33.63	9.47	12.58	12.82	14.87	13.68	7.76
2021.422	33.66	9.46	12.56	13.02	14.66	13.69	7.77
2021.425	33.69	9.46	12.53	12.88	14.78	13.71	7.76
2021.427	33.74	9.43	12.51	12.85	14.77	13.80	7.71
2021.430	33.77	9.41	12.50	12.79	14.80	13.85	7.69
2021.433	33.78	9.40	12.49	12.79	14.79	13.87	7.68
2021.436	33.74	9.42	12.55	12.76	14.77	13.87	7.70
2021.438	33.73	9.38	12.66	12.71	14.75	13.88	7.72
2021.441	33.71	9.28	12.78	12.69	14.70	13.92	7.71
2021.444	33.66	9.10	13.03	12.68	14.65	14.00	7.66
2021.447	33.64	9.00	13.19	12.63	14.65	14.10	7.55
2021.449	33.59	8.93	13.29	12.69	14.60	14.21	7.47
2021.452	33.58	8.84	13.37	12.76	14.55	14.21	7.48
2021.455	33.52	8.91	13.34	12.82	14.49	14.22	7.49
2021.458	33.48	8.98	13.30	12.83	14.49	14.23	7.51
2021.460	33.44	9.04	13.27	12.80	14.52	14.24	7.52
2021.463	33.38	9.14	13.22	12.80	14.53	14.24	7.53
2021.466	33.34	9.20	13.21	12.85	14.47	14.17	7.61
2021.468	33.27	9.30	13.19	12.86	14.43	14.13	7.66
2021.471	33.23	9.17	13.37	12.87	14.38	14.15	7.68
2021.474	33.18	9.09	13.52	12.87	14.35	14.17	7.68
2021.477	33.12	9.05	13.64	12.85	14.35	14.20	7.68
2021.479	33.13	9.22	13.47	12.79	14.37	14.21	7.68
2021.482	33.11	9.17	13.58	12.69	14.45	14.20	7.67
2021.485	33.09	9.08	13.74	12.66	14.47	14.17	7.66
2021.488	33.06	9.09	13.79	12.65	14.46	14.17	7.64
2021.490	33.04	9.11	13.82	12.67	14.39	14.20	7.56
2021.493	33.02	9.13	13.84	12.66	14.35	14.22	7.54
2021.496	33.00	9.16	13.86	12.69	14.31	14.22	7.53
2021.499	32.98	9.18	13.88	12.64	14.34	14.23	7.50
2021.501	32.96	9.20	13.89	12.57	14.39	14.25	7.48
2021.504	32.94	9.23	13.89	12.56	14.35	14.30	7.46
2021.507	32.90	9.31	13.83	12.69	14.24	14.32	7.40
2021.510	32.88	9.37	13.79	12.66	14.25	14.33	7.39
2021.512	32.86	9.39	13.80	12.64	14.25	14.35	7.36
2021.515	32.84	9.36	13.86	12.68	14.20	14.36	7.35
2021.518	32.84	9.33	13.91	12.67	14.19	14.37	7.33
2021.521	32.83	9.34	13.92	12.70	14.14	14.38	7.30
2021.523	32.83	9.34	13.93	12.72	14.13	14.37	7.29
2021.526	32.83	9.34	13.94	12.69	14.14	14.37	7.28
2021.529	32.83	9.35	13.94	12.64	14.19	14.36	7.27
2021.532	32.83	9.35	13.92	12.71	14.15	14.36	7.25
2021.534	32.82	9.33	13.94	12.65	14.21	14.35	7.24
2021.537	32.82	9.30	13.96	12.66	14.20	14.33	7.26
2021.540	32.82	9.27	13.98	12.67	14.20	14.25	7.33
2021.542	32.82	9.25	14.01	12.67	14.20	14.20	7.36
2021.545	32.81	9.22	14.03	12.66	14.20	14.15	7.43
2021.548	32.81	9.16	14.04	12.57	14.34	14.13	7.45
2021.551	32.81	9.13	13.99	12.62	14.32	14.17	7.47
2021.553	32.81	9.12	13.92	12.71	14.30	14.19	7.32
2021.556	32.80	9.15	13.81	12.72	14.37	14.19	7.34
2021.559	32.80	9.18	13.74	12.68	14.43	14.21	7.35
2021.562	32.80	9.18	13.81	12.58	14.46	13.97	7.63
2021.564	32.80	9.17	13.77	12.58	14.50	13.99	7.60
2021.567	32.80	9.14	13.80	12.59	14.48	14.04	7.55
2021.570	32.79	9.12	13.83	12.61	14.45	14.08	7.51
2021.573	32.79	9.07	13.89	12.61	14.44	14.12	7.51
2021.575	32.77	9.05	13.90	12.48	14.60	13.61	8.03
2021.578	32.72	9.07	13.92	12.37	14.73	13.57	8.08
2021.581	32.66	9.11	13.96	12.31	14.79	13.57	8.09
2021.584	32.59	9.11	14.03	12.44	14.66	13.81	7.87
2021.586	32.53	9.14	14.05	12.41	14.73	14.01	7.66
2021.589	32.42	9.23	14.08	12.32	14.82	14.19	7.51
2021.592	32.35	9.23	14.14	12.36	14.75	14.21	7.57
2021.595	32.29	9.26	14.17	12.31	14.76	14.19	7.65
2021.597	32.26	9.27	14.19	12.28	14.79	14.16	7.69
2021.600	32.27	9.23	14.22	12.23	14.83	14.12	7.77
2021.603	32.27	9.17	14.22	12.27	14.84	14.28	7.64
2021.605	32.28	9.13	14.31	12.17	14.87	14.28	7.60
2021.608	32.33	9.05	14.34	12.12	14.93	14.28	7.53
2021.611	32.37	8.98	14.34	12.11	14.98	14.27	7.47
2021.614	32.42	8.87	14.32	12.15	14.93	14.35	7.40
2021.616	32.47	8.78	14.34	12.19	14.91	14.35	7.40
2021.619	32.52	8.66	14.46	12.17	14.87	14.33	7.45
2021.622	32.56	8.53	14.51	12.20	14.86	14.32	7.48
2021.625	32.61	8.41	14.48	12.25	14.93	14.30	7.51
2021.627	32.53	8.44	14.49	12.29	14.93	14.28	7.54
2021.630	32.57	8.37	14.50	12.31	14.93	13.85	7.99
2021.633	32.61	8.30	14.50	12.35	14.92	13.83	8.02
2021.636	32.65	8.23	14.52	12.33	14.96	13.82	8.03
2021.638	32.70	8.12	14.67	12.28	14.99	13.79	8.03
2021.641	32.74	8.05	14.75	12.23	14.99	13.78	8.04
2021.644	32.78	7.99	14.77	12.20	15.03	13.77	8.09
2021.647	32.84	7.93	14.84	12.13	15.04	13.77	8.16
2021.649	32.88	7.89	14.82	12.11	15.13	13.74	8.18
2021.652	32.92	7.85	14.77	12.19	15.10	13.75	8.18
2021.655	32.94	7.79	14.81	12.21	15.05	13.79	8.19
2021.658	32.95	7.77	14.82	12.21	15.06	13.79	8.20
2021.660	32.97	7.79	14.75	12.23	15.08	13.77	8.21
2021.663	32.95	7.83	14.71	12.22	15.17	13.73	8.22
2021.666	32.93	7.81	14.72	12.24	15.11	13.80	8.23
2021.668	32.91	7.78	14.84	12.14	15.12	13.83	8.24
2021.671	32.89	7.75	14.88	12.16	15.12	13.83	8.25
2021.674	32.82	7.72	14.95	12.22	15.09	13.84	8.26
2021.677	32.75	7.74	14.97	12.29	15.06	13.83	8.28
2021.679	32.67	7.77	14.98	12.32	15.09	13.79	8.32
2021.682	32.57	7.81	15.16	12.15	15.18	13.73	8.37
2021.685	32.50	7.82	15.21	12.15	15.21	13.78	8.29
2021.688	32.44	7.85	15.24	12.12	15.29	13.74	8.29
2021.690	32.47	7.79	15.20	12.10	15.29	13.84	8.29
2021.693	32.50	7.70	15.24	12.11	15.24	13.90	8.29
2021.696	32.52	7.68	15.21	12.11	15.32	13.86	8.30
2021.699	32.55	7.75	15.10	12.11	15.28	13.94	8.28
2021.701	32.57	7.82	14.98	12.13	15.28	13.98	8.26
2021.704	32.60	7.90	14.92	12.10	15.28	14.04	8.08
2021.707	32.61	7.94	14.87	12.11	15.26	14.08	8.06
2021.710	32.54	8.11	14.78	12.13	15.24	14.11	8.04
2021.712	32.47	8.20	14.75	12.12	15.25	14.14	8.03
2021.715	32.36	8.25	14.80	12.15	15.24	14.18	8.02
2021.718	32.18	8.37	14.84	12.11	15.28	14.21	8.01
2021.721	32.14	8.36	14.90	12.08	15.31	14.13	8.11
2021.723	32.14	8.30	14.99	11.94	15.42	14.08	8.19
2021.726	32.14	8.25	15.03	11.91	15.47	14.12	8.17
2021.729	32.14	8.13	15.12	11.93	15.47	14.15	8.16
2021.732	32.14	8.07	15.16	11.95	15.49	14.14	8.17
2021.734	32.14	8.00	15.23	11.95	15.55	14.05	8.20
2021.737	32.14	8.00	15.24	11.95	15.56	14.03	8.21
2021.740	32.14	8.00	15.24	12.01	15.47	14.05	8.23
2021.742	32.14	7.99	15.24	12.08	15.39	14.06	8.25
2021.745	32.14	7.99	15.23	12.14	15.40	13.99	8.27
2021.748	32.14	7.99	15.22	12.13	15.47	13.92	8.27
2021.751	32.11	7.98	15.26	12.12	15.51	13.89	8.27
2021.753	32.03	7.87	15.45	12.10	15.46	13.97	8.27
2021.756	31.86	7.85	15.64	12.16	15.33	14.05	8.27
2021.759	31.61	8.03	15.72	12.16	15.32	14.06	8.28
2021.762	31.54	8.15	15.67	12.15	15.34	14.05	8.28
2021.764	31.51	8.21	15.65	12.10	15.45	13.99	8.29
2021.767	31.45	8.30	15.54	12.08	15.67	13.89	8.30
2021.770	31.41	8.36	15.53	12.04	15.70	13.89	8.30
2021.773	31.36	8.44	15.54	12.12	15.62	13.87	8.31
2021.775	31.37	8.48	15.49	12.18	15.59	13.84	8.31
2021.778	31.38	8.49	15.47	12.15	15.60	13.86	8.31
2021.781	31.40	8.51	15.42	12.19	15.60	13.84	8.31
2021.784	31.41	8.52	15.38	12.20	15.58	13.88	8.32
2021.786	31.42	8.54	15.34	12.22	15.49	13.97	8.34
2021.789	31.43	8.56	15.31	12.22	15.60	13.87	8.35
2021.792	31.44	8.60	15.30	12.17	15.57	13.92	8.35
2021.795	31.45	8.61	15.31	12.09	15.55	14.03	8.33
2021.797	31.47	8.58	15.36	12.04	15.57	14.03	8.35
2021.800	31.48	8.55	15.35	11.95	15.69	14.03	8.36
2021.803	31.50	8.51	15.34	11.98	15.66	14.05	8.37
2021.805	31.50	8.47	15.37	11.98	15.64	14.08	8.39
2021.808	31.51	8.44	15.35	11.97	15.65	14.11	8.40
2021.811	31.55	8.38	15.41	11.92	15.64	14.15	8.41
2021.814	31.58	8.32	15.48	11.84	15.64	14.19	8.43
2021.816	31.63	8.25	15.52	11.79	15.69	14.19	8.41
2021.819	31.68	8.18	15.54	11.93	15.59	14.16	8.40
2021.822	31.67	8.16	15.59	11.86	15.67	14.15	8.39
2021.825	31.64	8.16	15.60	11.86	15.66	14.16	8.39
2021.827	31.59	8.20	15.60	11.83	15.71	14.18	8.38
2021.830	31.55	8.20	15.62	11.79	15.75	14.21	8.38
2021.833	31.55	8.18	15.58	11.80	15.78	14.22	8.38
2021.836	31.56	8.16	15.61	11.73	15.82	14.23	8.39
2021.838	31.56	8.12	15.63	11.81	15.76	14.24	8.39
2021.841	31.55	8.11	15.63	11.83	15.78	14.22	8.40
2021.844	31.54	8.11	15.63	11.97	15.69	14.19	8.40
2021.847	31.57	8.05	15.65	12.02	15.68	14.15	8.40
2021.849	31.65	7.94	15.67	12.03	15.70	14.12	8.41
2021.852	31.74	7.83	15.67	12.05	15.73	14.09	8.41
2021.855	31.77	7.79	15.67	12.08	15.73	14.08	8.42
2021.858	31.88	7.64	15.67	12.13	15.77	14.02	8.42
2021.860	31.89	7.62	15.70	12.19	15.71	14.01	8.43
2021.863	31.90	7.59	15.72	12.31	15.56	14.13	8.34
2021.866	31.88	7.63	15.71	12.30	15.54	14.17	8.23
2021.868	31.87	7.70	15.68	12.27	15.54	14.18	8.16
2021.871	31.85	7.75	15.72	12.20	15.66	14.06	8.05
2021.874	31.84	7.79	15.72	12.26	15.61	14.10	7.98
2021.877	31.83	7.86	15.69	12.24	15.63	14.07	7.98
2021.879	31.80	7.91	15.69	12.20	15.61	14.09	7.98
2021.882	31.80	7.95	15.68	12.12	15.67	14.10	7.98
2021.885	31.77	8.00	15.64	12.16	15.65	14.09	7.98
2021.888	31.76	8.07	15.58	12.19	15.64	14.07	7.98
2021.890	31.75	8.16	15.50	12.19	15.62	14.09	7.98
2021.893	31.73	8.16	15.53	12.19	15.62	14.08	7.98
2021.896	31.72	8.14	15.51	12.29	15.61	14.04	7.98
2021.899	31.70	8.29	15.38	12.36	15.55	14.05	7.97
2021.901	31.69	8.31	15.35	12.39	15.53	14.06	7.96
2021.904	31.68	8.32	15.31	12.21	15.76	14.07	7.95
2021.907	31.66	8.34	15.27	12.27	15.74	14.07	7.97
2021.910	31.65	8.34	15.24	12.39	15.66	14.08	7.98
2021.912	31.65	8.34	15.22	12.54	15.57	14.05	7.99
2021.915	31.64	8.35	15.21	12.54	15.63	14.01	7.99
2021.918	31.63	8.35	15.20	12.54	15.65	14.01	8.00
2021.921	31.64	8.34	15.22	12.50	15.67	14.02	8.01
2021.923	31.90	8.08	15.23	12.46	15.70	14.03	8.04
2021.926	32.03	7.95	15.29	12.39	15.72	14.03	8.23
2021.929	32.03	7.95	15.32	12.34	15.75	14.04	8.22
2021.932	32.03	7.94	15.33	12.29	15.79	14.03	8.24
2021.934	32.04	8.01	15.29	12.27	15.80	14.04	8.25
2021.937	32.04	7.98	15.32	12.28	15.78	14.05	8.26
2021.940	32.04	7.95	15.35	12.32	15.79	14.00	8.28
2021.942	32.04	7.93	15.37	12.25	15.89	13.98	8.29
2021.945	32.04	7.92	15.38	12.25	15.86	14.01	8.32
2021.948	32.05	7.93	15.38	12.33	15.75	14.03	8.33
2021.951	32.13	7.87	15.38	12.34	15.73	14.03	8.35
2021.953	32.13	7.89	15.47	12.18	15.80	14.02	8.36
2021.956	32.13	7.90	15.45	12.22	15.79	13.98	8.40
2021.959	32.13	7.92	15.44	12.22	15.82	13.93	8.45
2021.962	32.13	7.94	15.42	12.20	15.86	13.87	8.49
2021.964	32.13	7.97	15.39	12.17	15.92	13.82	8.54
2021.967	32.13	7.99	15.38	12.17	15.94	13.76	8.57
2021.970	32.13	8.06	15.33	12.23	15.91	13.71	8.60
2021.973	32.13	8.02	15.37	12.19	16.00	13.60	8.65
2021.975	32.13	8.22	15.18	12.22	15.96	13.57	8.68
2021.978	32.13	8.35	15.01	12.26	16.02	13.48	8.71
2021.981	32.13	8.42	14.93	12.24	16.04	13.48	8.72
2021.984	32.13	8.49	14.86	12.24	16.01	13.52	8.67
2021.986	32.13	8.56	14.77	12.26	16.02	13.51	8.68
2021.989	32.13	8.64	14.63	12.35	16.05	13.47	8.69
2021.992	32.13	8.71	14.60	12.31	16.14	13.38	8.69
2021.995	32.13	8.75	14.54	12.33	16.13	13.31	8.76
2021.997	32.13	8.74	14.55	12.35	16.10	13.37	8.73
2022.000	32.13	8.72	14.57	12.36	16.10	13.40	8.69
2022.003	32.13	8.66	14.61	12.39	16.09	13.42	8.66
2022.005	32.13	8.59	14.67	12.41	16.09	13.41	8.65
2022.008	32.13	8.56	14.71	12.40	16.09	13.46	8.59
2022.011	32.13	8.49	14.79	12.34	16.17	13.46	8.53
2022.014	32.11	8.48	14.83	12.40	16.16	13.47	8.46
2022.016	32.11	8.41	14.93	12.37	16.19	13.51	8.37
2022.019	32.12	8.37	14.91	12.43	16.21	13.51	8.32
2022.022	32.12	8.36	14.91	12.44	16.24	13.52	8.27
2022.025	32.12	8.33	14.93	12.44	16.29	13.54	8.21
2022.027	32.12	8.26	14.97	12.38	16.37	13.56	8.17
2022.030	32.12	8.20	15.02	12.39	16.35	13.65	8.08
2022.033	32.12	8.15	15.05	12.42	16.42	13.61	8.04
2022.036	32.12	8.09	15.09	12.41	16.49	13.61	7.99
2022.038	32.12	8.03	15.12	12.47	16.56	13.53	8.00
2022.041	32.12	8.01	15.15	12.46	16.62	13.49	8.06
2022.044	32.12	8.06	15.11	12.45	16.64	13.43	8.17
2022.047	32.12	8.19	14.97	12.37	16.77	13.45	8.11
2022.049	32.15	8.35	14.78	12.33	16.80	13.49	8.08
2022.052	32.16	8.44	14.68	12.31	16.81	13.52	8.06
2022.055	32.17	8.42	14.69	12.31	16.82	13.53	8.05
2022.058	32.17	8.40	14.63	12.39	16.78	13.59	8.04
2022.060	32.17	8.37	14.60	12.38	16.88	13.57	8.01
2022.063	32.17	8.37	14.53	12.45	16.92	13.53	8.02
2022.066	32.18	8.36	14.49	12.49	16.94	13.49	8.17
2022.068	32.18	8.35	14.56	12.41	16.96	13.43	8.20
2022.071	32.18	8.34	14.53	12.46	16.97	13.36	8.24
2022.074	32.19	8.32	14.52	12.49	17.07	13.24	8.25
2022.077	32.19	8.30	14.53	12.52	16.99	13.24	8.29
2022.079	32.27	8.21	14.55	12.48	16.94	13.31	8.28
2022.082	32.28	8.19	14.56	12.48	16.86	13.41	8.23
2022.085	32.26	8.19	14.57	12.50	16.86	13.43	8.19
2022.088	32.23	8.21	14.50	12.58	16.85	13.46	8.11
2022.090	32.19	8.23	14.42	12.67	16.81	13.52	8.07
2022.093	32.17	8.25	14.41	12.70	16.74	13.61	8.04
2022.096	32.15	8.26	14.42	12.69	16.72	13.65	8.00
2022.099	32.12	8.27	14.43	12.69	16.71	13.75	7.89
2022.101	32.12	8.26	14.48	12.66	16.66	14.00	7.69
2022.104	32.12	8.24	14.46	12.72	16.55	14.08	7.70
2022.107	32.12	8.23	14.42	12.79	16.52	14.09	7.72
2022.110	32.12	8.21	14.38	12.86	16.47	14.11	7.75
2022.112	32.12	8.20	14.35	12.95	16.43	14.11	7.76
2022.115	32.12	8.19	14.46	12.86	16.35	14.03	7.90
2022.118	32.12	8.18	14.45	12.83	16.38	14.10	7.88
2022.121	32.12	8.17	14.42	12.86	16.36	14.15	7.88
2022.123	32.12	8.16	14.42	12.92	16.25	14.23	7.88
2022.126	32.08	8.17	14.45	12.96	16.13	14.32	7.88
2022.129	32.10	8.15	14.48	12.79	16.25	14.31	7.93
2022.132	32.08	8.15	14.50	12.59	16.40	14.34	7.95
2022.134	32.06	8.16	14.52	12.59	16.36	14.37	7.97
2022.137	32.01	8.22	14.50	12.55	16.58	14.18	7.99
2022.140	31.99	8.28	14.40	12.45	16.72	14.18	8.00
2022.142	31.96	8.35	14.30	12.71	16.51	14.17	8.02
2022.145	31.94	8.42	14.26	12.68	16.54	14.16	8.03
2022.148	31.89	8.51	14.35	12.44	16.71	14.16	7.97
2022.151	31.91	8.53	14.34	12.34	16.81	14.16	7.97
2022.153	32.12	8.36	14.33	12.35	16.74	14.24	7.96
2022.156	32.12	8.45	14.26	12.36	16.73	14.13	8.13
2022.159	32.12	8.49	14.23	12.30	16.81	14.15	8.13
2022.162	32.12	8.54	14.20	12.27	16.68	14.52	7.95
2022.164	32.12	8.58	14.20	12.23	16.68	14.57	7.97
2022.167	32.12	8.58	14.25	12.18	16.67	14.62	7.94
2022.170	32.12	8.64	14.20	12.16	16.67	14.66	7.92
2022.173	32.12	8.64	14.22	12.15	16.66	14.69	7.91
2022.175	32.12	8.63	14.24	12.12	16.64	14.74	7.91
2022.178	32.11	8.63	14.25	12.10	16.64	14.75	7.94
2022.181	32.11	8.63	14.22	12.09	16.61	14.79	7.97
2022.184	32.12	8.65	14.18	12.10	16.60	14.79	8.00
2022.186	32.12	8.69	14.09	12.15	16.56	14.80	8.02
2022.189	32.12	8.72	14.05	12.07	16.63	14.79	8.06
2022.192	32.10	8.72	14.12	12.08	16.58	14.76	8.10
2022.195	32.08	8.70	14.17	12.13	16.51	14.76	8.13
2022.197	32.06	8.70	14.19	12.13	16.42	15.05	7.94
2022.200	32.05	8.69	14.23	12.11	16.48	14.98	7.79
2022.203	32.04	8.68	14.21	12.16	16.52	14.94	7.77
2022.205	32.03	8.67	14.17	12.25	16.51	14.93	7.78
2022.208	32.07	8.63	14.14	12.27	16.55	14.88	7.80
2022.211	32.11	8.75	13.97	12.28	16.55	14.95	7.75
2022.214	32.06	8.74	14.03	12.29	16.55	15.12	7.61
2022.216	32.02	8.64	14.15	12.32	16.55	15.13	7.60
2022.219	31.99	8.64	14.09	12.39	16.55	15.15	7.58
2022.222	31.97	8.66	14.11	12.39	16.53	15.18	7.56
2022.225	31.88	8.74	14.14	12.47	16.44	15.20	7.54
2022.227	31.79	8.86	14.10	12.44	16.49	15.20	7.52
2022.230	31.74	9.01	14.00	12.35	16.59	15.21	7.50
2022.233	31.65	9.19	13.75	12.52	16.57	15.23	7.53
2022.236	31.66	9.26	13.69	12.52	16.57	15.15	7.74
2022.238	31.79	9.23	13.59	12.49	16.61	15.17	7.79
2022.241	31.92	9.19	13.49	12.39	16.72	15.18	7.69
2022.244	31.92	9.26	13.42	12.51	16.66	15.15	7.60
2022.247	31.92	9.36	13.33	12.51	16.68	15.13	7.52
2022.249	31.91	9.33	13.38	12.58	16.56	15.17	7.47
2022.252	31.90	9.31	13.39	12.52	16.65	15.15	7.47
2022.255	31.89	9.30	13.36	12.57	16.68	15.12	7.48
2022.258	31.89	9.29	13.34	12.60	16.69	15.10	7.49
2022.260	31.88	9.28	13.31	12.59	16.75	15.08	7.49
2022.263	31.87	9.55	12.98	12.72	16.71	15.06	7.50
2022.266	31.87	9.81	12.79	12.54	16.82	15.06	7.51
2022.268	31.86	9.82	12.78	12.37	16.97	15.06	7.52
2022.271	31.85	9.84	12.79	12.36	16.95	15.08	7.51
2022.274	31.84	9.87	12.87	12.29	16.91	15.13	7.48
2022.277	31.84	9.93	12.82	12.28	16.89	15.17	7.44
2022.279	31.83	9.94	12.83	12.24	16.90	15.25	7.38
2022.282	31.82	9.96	12.84	12.29	16.83	15.29	7.35
2022.285	31.81	9.97	12.84	12.30	16.80	15.33	7.32
2022.288	31.80	9.99	12.83	12.31	16.82	15.37	7.25
2022.290	31.79	10.01	12.80	12.30	16.85	15.36	7.27
2022.293	31.76	10.03	12.77	12.37	16.80	15.28	7.36
2022.296	31.73	10.07	12.82	12.28	16.82	15.20	7.44
2022.299	31.71	9.96	12.98	12.18	16.86	15.31	7.37
2022.301	31.69	9.90	13.09	12.10	16.91	15.48	7.21
2022.304	31.65	9.83	13.20	12.08	16.92	15.48	7.20
2022.307	31.63	9.82	13.22	12.06	16.95	15.49	7.20
2022.310	31.61	10.22	12.80	12.07	16.96	15.51	7.21
2022.312	31.58	10.25	12.77	12.11	16.89	15.53	7.24
2022.315	31.55	10.29	12.81	12.09	16.81	15.56	7.25
2022.318	31.52	10.28	12.98	12.01	16.74	15.57	7.27
2022.321	31.50	10.30	13.05	11.93	16.83	15.47	7.28
2022.323	31.47	10.38	13.08	11.84	16.97	15.33	7.29
2022.326	31.44	10.42	13.16	11.82	16.93	15.28	7.31
2022.329	31.42	10.45	13.15	11.80	16.96	15.26	7.36
2022.332	31.39	10.57	13.15	11.71	16.91	15.29	7.39
2022.334	31.36	10.51	13.25	11.68	17.03	15.21	7.40
2022.337	31.34	10.54	13.25	11.65	17.06	15.23	7.40
2022.340	31.31	10.57	13.24	11.72	16.95	15.28	7.44
2022.342	31.29	10.59	13.23	11.62	17.04	15.27	7.49
2022.345	31.26	10.63	13.10	11.72	17.22	15.09	7.53
2022.348	31.23	10.66	13.03	11.82	17.15	15.10	7.59
2022.351	31.21	10.69	13.02	11.88	17.04	15.12	7.62
2022.353	31.14	10.76	13.01	11.80	17.13	15.10	7.65
2022.356	31.03	10.88	12.94	12.09	16.88	15.09	7.68
2022.359	30.97	10.95	12.92	11.97	16.99	15.09	7.70
2022.362	31.01	10.91	13.03	11.76	17.08	15.06	7.73
2022.364	31.02	10.91	13.06	11.59	17.19	15.16	7.65
2022.367	31.01	10.92	13.09	11.57	17.16	15.42	7.40
2022.370	31.02	10.91	13.13	11.56	17.10	15.45	7.40
2022.373	31.00	10.92	13.08	11.74	16.99	15.45	7.40
2022.375	30.97	10.94	13.09	11.71	17.09	15.38	7.53
2022.378	30.94	10.93	13.13	11.61	17.23	15.33	7.52
2022.381	30.92	10.94	13.16	11.66	17.23	15.27	7.51
2022.384	30.90	10.95	13.13	11.79	17.14	15.26	7.51
2022.386	30.86	10.97	13.11	11.84	17.13	15.21	7.72
2022.389	30.84	10.97	13.13	11.85	17.10	15.08	7.87
2022.392	30.82	10.98	13.26	11.74	17.11	15.05	7.88
2022.395	30.79	10.99	13.20	11.89	17.05	15.08	7.81
2022.397	30.76	11.01	13.06	11.98	17.13	15.13	7.74
2022.400	30.73	11.04	12.97	12.07	17.12	15.11	7.64
2022.403	30.71	11.07	13.06	11.90	17.20	15.05	7.70
2022.405	30.68	11.11	13.09	11.83	17.25	14.94	7.83
2022.408	30.65	11.14	13.13	11.78	17.26	14.89	7.84
2022.411	30.56	11.24	13.16	11.80	17.18	15.06	7.70
2022.414	30.38	11.42	13.24	11.82	17.04	15.28	7.53
2022.416	30.26	11.55	13.24	11.83	17.02	15.30	7.54
2022.419	30.24	11.57	13.20	11.84	16.91	15.42	7.54
2022.422	30.22	11.60	13.19	11.83	16.89	15.46	7.56
2022.425	30.20	11.63	13.23	11.83	16.82	15.48	7.55
2022.427	30.16	11.67	13.23	11.82	16.82	15.48	7.54
2022.430	30.15	11.70	13.21	11.80	16.82	15.52	7.53
2022.433	30.13	11.73	13.18	11.89	16.71	15.55	7.53
2022.436	30.11	11.75	13.14	11.87	16.85	15.43	7.56
2022.438	30.07	11.79	12.97	12.01	16.93	15.33	7.59
2022.441	30.05	11.82	12.87	12.11	16.96	15.28	7.60
2022.444	30.03	11.83	12.91	11.99	17.08	15.21	7.64
2022.447	30.01	11.88	12.94	11.84	17.21	15.14	7.67
2022.449	30.16	11.73	12.92	11.84	17.25	15.10	7.69
2022.452	30.34	11.63	12.80	11.86	17.28	15.13	7.63
2022.455	30.33	11.68	12.80	11.80	17.30	15.18	7.58
2022.458	30.31	11.68	12.83	11.77	17.31	15.28	7.55
2022.460	30.30	11.68	12.84	11.83	17.26	15.30	7.55
2022.463	30.29	11.67	12.83	11.83	17.25	15.33	7.54
2022.466	30.27	11.67	12.83	11.82	17.29	15.32	7.52
2022.468	30.26	11.69	12.82	11.97	17.18	15.35	7.43
2022.471	30.24	11.70	12.84	11.96	17.16	15.40	7.37
2022.474	30.23	11.72	12.90	11.87	17.20	15.36	7.39
2022.477	30.22	11.72	12.91	11.83	17.25	15.48	7.29
2022.479	30.20	11.72	12.86	11.87	17.30	15.55	7.22
2022.482	30.30	11.53	12.95	11.84	17.35	15.53	7.25
2022.485	30.34	11.47	12.96	11.86	17.35	15.36	7.43
2022.488	30.39	11.40	12.96	11.89	17.50	15.12	7.42
2022.490	30.43	11.32	12.88	12.03	17.51	15.04	7.47
2022.493	30.48	11.21	12.92	12.06	17.52	15.02	7.47
2022.496	30.52	11.23	12.86	12.03	17.56	15.01	7.49
2022.499	30.57	11.17	12.85	12.09	17.54	14.90	7.59
2022.501	30.61	11.11	12.84	12.13	17.54	14.81	7.69
2022.504	30.66	11.05	12.92	12.08	17.48	14.83	7.73
2022.507	30.72	10.96	12.96	12.09	17.54	14.74	7.76
2022.510	30.79	10.87	12.99	12.09	17.57	14.68	7.81
2022.512	30.83	10.76	13.06	12.08	17.59	14.62	7.87
2022.515	30.85	10.68	13.13	11.94	17.74	14.58	7.91
2022.518	30.88	10.59	13.20	11.88	17.81	14.58	7.93
2022.521	30.97	10.43	13.28	11.90	17.89	14.47	7.96
2022.523	31.07	10.27	13.39	11.89	17.80	14.49	8.06
2022.526	31.16	10.11	13.44	11.93	17.76	14.43	8.17
2022.529	31.26	9.95	13.50	11.98	17.74	14.41	8.24
2022.532	31.36	9.79	13.57	11.96	17.48	14.74	8.17
2022.534	31.55	9.53	13.67	11.91	17.50	14.82	8.10
2022.537	31.55	9.47	13.72	11.96	17.47	14.82	8.10
2022.540	31.54	9.44	13.79	11.91	17.49	14.82	8.09
2022.542	31.51	9.44	13.86	11.87	17.36	14.94	8.12
2022.545	31.47	9.41	13.88	11.91	17.03	15.26	8.15
2022.548	31.48	9.37	13.89	11.92	17.13	15.15	8.18
2022.551	31.48	9.33	13.90	11.90	17.24	14.99	8.25
2022.553	31.51	9.24	13.96	11.89	17.27	14.99	8.26
2022.556	31.50	9.21	13.99	11.90	17.27	14.98	8.26
2022.559	31.49	9.19	14.00	11.93	17.27	15.02	8.22
2022.562	31.46	9.18	14.03	11.93	17.29	15.06	8.17
2022.564	31.45	9.13	14.08	11.95	17.29	15.02	8.20
2022.567	31.44	9.11	14.06	11.96	17.26	15.06	8.24
2022.570	31.41	9.10	14.20	11.86	17.23	15.07	8.27
2022.573	31.40	9.08	14.27	11.81	17.28	15.03	8.26
2022.575	31.39	9.07	14.35	11.76	17.31	14.99	8.25
2022.578	31.38	9.10	14.29	11.77	17.38	14.96	8.25
2022.581	31.35	9.14	14.26	11.77	17.43	14.92	8.24
2022.584	31.34	9.16	14.23	11.75	17.49	14.91	8.23
2022.586	31.35	9.17	14.17	11.77	17.52	14.90	8.23
2022.589	31.32	9.20	14.12	11.84	17.50	14.90	8.22
2022.592	31.31	9.22	13.95	12.01	17.38	15.01	8.22
2022.595	31.26	9.29	13.91	12.03	17.37	15.02	8.20
2022.597	31.19	9.37	13.86	12.10	17.22	15.22	8.13
2022.600	31.14	9.44	13.84	12.12	17.17	15.31	8.06
2022.603	31.09	9.50	13.78	12.11	17.33	15.28	7.99
2022.605	31.06	9.54	13.75	12.11	17.46	15.26	7.88
2022.608	31.02	9.60	13.80	12.05	17.50	15.25	7.85
2022.611	30.99	9.52	13.83	12.11	17.57	15.22	7.83
2022.614	30.94	9.46	13.85	12.19	17.64	15.15	7.99
2022.616	30.92	9.50	13.85	12.16	17.66	15.08	8.06
2022.619	30.87	9.56	13.79	12.18	17.68	14.85	8.27
2022.622	30.83	9.62	13.78	12.20	17.73	14.81	8.27
2022.625	30.82	9.65	13.73	12.16	17.78	14.86	8.27
2022.627	30.80	9.83	13.51	12.21	17.76	14.92	8.27
2022.630	30.81	9.85	13.48	12.23	17.81	14.89	8.27
2022.633	30.78	9.73	13.68	12.19	17.93	14.71	8.34
2022.636	30.78	9.75	13.70	12.16	17.86	14.76	8.39
2022.638	30.77	9.78	13.67	12.19	17.84	14.74	8.45
2022.641	30.74	9.82	13.62	12.23	17.83	14.70	8.56
2022.644	30.74	9.82	13.62	12.24	17.81	14.70	8.60
2022.647	30.73	9.82	13.66	12.24	17.78	14.70	8.63
2022.649	30.72	9.74	13.79	12.17	17.81	14.71	8.65
2022.652	30.70	9.59	13.99	12.15	17.80	14.71	8.68
2022.655	30.70	9.50	14.11	12.17	17.75	14.68	8.72
2022.658	30.68	9.42	14.19	12.19	17.73	14.66	8.74
2022.660	30.68	9.33	14.23	12.25	17.74	14.66	8.33
2022.663	30.64	9.27	14.24	12.36	17.74	14.65	8.32
2022.666	30.57	9.26	14.32	12.41	17.72	14.64	8.31
2022.668	30.51	9.28	14.35	12.42	17.74	14.53	8.40
2022.671	30.43	9.33	14.43	12.36	17.78	14.63	8.28
2022.674	30.37	9.40	14.41	12.38	17.79	14.61	8.28
2022.677	30.29	9.42	14.40	12.45	17.80	14.59	8.28
2022.679	30.23	9.40	14.48	12.51	17.63	14.58	8.42
2022.682	30.15	9.58	14.41	12.52	17.47	14.68	8.42
2022.685	30.09	9.59	14.52	12.51	17.45	14.80	8.28
2022.688	30.01	9.62	14.56	12.43	17.58	14.81	8.24
2022.690	29.89	9.80	14.45	12.49	17.60	14.74	8.28
2022.693	29.83	9.82	14.41	12.58	17.77	14.56	8.28
2022.696	29.76	9.95	14.34	12.54	17.82	14.55	8.28
2022.699	29.72	10.05	14.18	12.65	17.80	14.58	8.28
2022.701	29.70	10.09	14.17	12.72	17.73	14.57	8.28
2022.704	29.71	10.07	14.12	12.75	17.61	14.73	8.28
2022.707	29.73	10.06	14.15	12.67	17.58	14.79	8.28
2022.710	29.76	10.02	14.21	12.62	17.56	14.81	8.28
2022.712	29.84	9.94	14.24	12.63	17.55	14.78	8.28
2022.715	29.92	9.83	14.29	12.61	17.67	14.66	8.29
2022.718	30.00	9.78	14.32	12.52	17.74	14.62	8.29
2022.721	30.08	9.70	14.35	12.45	17.78	14.63	8.28
2022.723	30.16	9.62	14.39	12.39	17.79	14.86	8.07
2022.726	30.24	9.54	14.42	12.43	17.72	14.84	8.09
2022.729	30.32	9.46	14.47	12.39	17.74	14.78	8.13
2022.732	30.47	9.32	14.58	12.30	17.78	14.70	8.14
2022.734	30.55	9.24	14.59	12.34	17.72	14.70	8.16
2022.737	30.63	9.34	14.41	12.43	17.70	14.60	8.18
2022.740	30.72	9.26	14.44	12.36	17.77	14.56	8.20
2022.742	30.81	9.19	14.45	12.31	17.79	14.53	8.22
2022.745	30.85	9.13	14.49	12.40	17.49	14.70	8.26
2022.748	30.86	9.07	14.55	12.27	17.55	14.75	8.27
2022.751	30.87	8.96	14.69	12.36	17.40	14.81	8.23
2022.753	30.90	8.95	14.69	12.34	17.39	14.92	8.17
2022.756	30.90	9.00	14.62	12.39	17.35	15.02	8.15
2022.759	30.91	9.04	14.53	12.44	17.33	15.12	8.12
2022.762	30.92	8.92	14.63	12.46	17.31	15.21	8.04
2022.764	30.94	9.06	14.55	12.41	17.30	15.23	8.03
2022.767	30.95	9.13	14.46	12.43	17.27	15.26	8.01
2022.770	30.98	9.10	14.58	12.27	17.29	15.29	7.99
2022.773	30.99	9.10	14.60	12.24	17.29	15.31	7.80
2022.775	31.00	9.10	14.62	12.17	17.22	15.43	7.79
2022.778	31.01	9.09	14.57	12.25	17.10	15.51	7.81
2022.781	31.02	9.09	14.49	12.34	17.03	15.51	7.85
2022.784	31.04	9.10	14.47	12.43	16.89	15.46	8.04
2022.786	31.05	9.09	14.51	12.39	16.84	15.46	8.16
2022.789	31.08	9.07	14.53	12.38	16.79	15.46	8.30
2022.792	31.09	9.06	14.55	12.36	16.86	15.34	8.44
2022.795	31.10	9.06	14.59	12.39	16.78	15.41	8.38
2022.797	31.08	9.09	14.61	12.38	16.81	15.30	8.44
2022.800	30.91	9.27	14.62	12.35	16.80	15.32	8.43
2022.803	30.92	9.27	14.64	12.32	16.77	15.36	8.43
2022.805	30.92	9.28	14.64	12.58	16.43	15.58	8.27
2022.808	30.93	9.30	14.62	12.61	16.35	15.71	8.18
2022.811	30.92	9.35	14.59	12.62	16.35	15.68	8.22
2022.814	30.92	9.44	14.51	12.63	16.35	15.64	8.27
2022.816	30.93	9.48	14.48	12.63	16.38	15.59	8.31
2022.819	30.93	9.51	14.45	12.63	16.34	15.60	8.36
2022.822	30.92	9.51	14.54	12.57	16.32	15.59	8.38
2022.825	30.94	9.48	14.58	12.55	16.30	15.64	8.21
2022.827	30.95	9.46	14.57	12.58	16.27	15.79	8.06
2022.830	30.97	9.42	14.58	12.59	16.27	15.87	7.99
2022.833	30.98	9.49	14.63	12.50	16.23	15.95	7.92
2022.836	31.01	9.50	14.58	12.52	16.21	16.02	7.85
2022.838	31.01	9.52	14.54	12.56	16.16	15.97	7.93
2022.841	31.03	9.48	14.52	12.61	16.14	15.71	8.20
2022.844	31.04	9.46	14.51	12.66	16.18	15.49	8.34
2022.847	31.06	9.43	14.50	12.75	16.13	15.47	8.35
2022.849	31.07	9.41	14.51	12.83	16.06	15.44	8.36
2022.852	31.10	9.37	14.51	12.84	16.05	15.43	8.37
2022.855	31.10	9.35	14.55	12.85	16.06	15.38	8.40
2022.858	31.13	9.31	14.59	12.83	16.02	15.40	8.43
2022.860	31.14	9.30	14.59	12.85	16.01	15.39	8.46
2022.863	31.16	9.26	14.59	12.88	15.99	15.41	8.43
2022.866	31.16	9.25	14.60	12.90	15.97	15.41	8.43
2022.868	31.19	9.22	14.60	12.91	15.97	15.41	8.40
2022.871	31.43	9.08	14.51	12.91	15.99	15.39	8.40
2022.874	31.67	8.88	14.52	12.82	16.01	15.46	8.35
2022.877	31.70	8.83	14.56	12.79	16.01	15.54	8.31
2022.879	31.70	8.79	14.60	12.77	16.02	15.51	8.31
2022.882	31.73	8.75	14.62	12.75	16.03	15.52	8.29
2022.885	31.73	9.02	14.35	12.69	16.12	15.51	8.28
2022.888	31.76	9.05	14.31	12.66	16.13	15.54	8.29
2022.890	31.75	9.11	14.27	12.68	16.10	15.55	8.39
2022.893	31.73	9.17	14.18	12.69	16.11	15.59	8.41
2022.896	31.72	9.23	14.09	12.69	16.15	15.61	8.40
2022.899	31.71	9.29	14.01	12.68	16.25	15.56	8.40
2022.901	31.70	9.36	13.90	12.70	16.31	15.57	8.38
2022.904	31.68	9.42	13.88	12.64	16.34	15.57	8.36
2022.907	31.70	9.45	13.78	12.72	16.33	15.58	8.35
2022.910	31.74	9.46	13.75	12.73	16.37	15.52	8.32
2022.912	31.78	9.47	13.73	12.74	16.35	15.50	8.32
2022.915	31.82	9.48	13.68	12.74	16.35	15.44	8.38
2022.918	31.89	9.46	13.62	12.78	16.31	15.38	8.45
2022.921	31.93	9.63	13.41	12.83	16.26	15.32	8.51
2022.923	31.97	9.76	13.11	12.95	16.25	15.33	8.51
2022.926	32.01	9.72	13.15	13.00	16.15	15.34	8.50
2022.929	32.05	9.68	13.21	12.96	16.11	15.37	8.49
2022.932	32.07	9.65	13.19	12.98	16.09	15.40	8.48
2022.934	32.07	9.65	13.18	12.98	16.20	15.36	8.42
2022.937	32.07	9.68	13.13	12.99	16.21	15.58	8.19
2022.940	32.07	9.73	13.06	13.05	16.16	15.64	8.13
2022.942	32.07	9.69	13.10	13.08	16.05	15.59	8.28
2022.945	32.07	9.67	13.16	13.03	16.15	15.43	8.35
2022.948	32.07	9.64	13.15	13.16	16.19	15.31	8.34
2022.951	32.07	9.69	13.08	13.22	16.15	15.33	8.33
2022.953	32.07	9.66	13.11	13.28	16.10	15.35	8.31
2022.956	32.07	9.65	13.16	13.36	16.01	15.35	8.31
2022.959	32.07	9.64	13.21	13.33	15.96	15.41	8.31
2022.962	32.07	9.63	13.22	13.29	15.97	15.45	8.32
2022.964	32.07	9.62	13.18	13.38	16.04	15.38	8.30
2022.967	32.07	9.60	13.16	13.41	16.11	15.25	8.38
2022.970	32.06	9.64	13.12	13.38	16.18	15.21	8.41
2022.973	32.04	9.65	13.17	13.28	16.24	15.19	8.43
2022.975	32.01	9.69	13.28	13.15	16.09	15.36	8.46
2022.978	31.99	9.70	13.32	13.14	16.06	15.48	8.35
2022.981	31.97	9.72	13.29	13.20	15.96	15.68	8.23
2022.984	31.95	9.73	13.21	13.33	15.88	15.74	8.20
2022.986	31.93	9.75	13.21	13.26	16.00	15.72	8.18
2022.989	31.89	9.79	13.23	13.19	16.07	15.71	8.17
2022.992	31.79	9.89	13.18	13.20	16.13	15.73	8.14
2022.995	31.62	10.05	13.18	13.23	16.12	15.74	8.12
2022.997	31.54	10.14	13.15	13.23	16.13	15.77	8.11
2023.000	31.51	10.16	13.12	13.31	16.09	15.79	8.09
2023.003	31.50	10.17	13.10	13.39	16.04	15.82	8.06
2023.005	31.49	10.18	12.99	13.47	16.09	15.83	8.04
2023.008	31.48	10.19	12.91	13.47	16.17	15.77	8.08
2023.011	31.47	10.19	12.88	13.52	16.16	15.81	8.00
2023.014	31.44	10.22	12.88	13.53	16.15	15.79	7.96
2023.016	31.43	10.22	12.90	13.50	16.18	15.77	7.95
2023.019	31.42	10.23	12.91	13.49	16.20	15.75	7.96
2023.022	31.41	10.24	12.92	13.54	16.14	15.78	7.93
2023.025	31.40	10.25	12.98	13.45	16.28	15.66	7.94
2023.027	31.38	10.15	13.09	13.46	16.34	15.62	7.93
2023.030	31.37	10.22	13.02	13.46	16.32	15.70	7.89
2023.033	31.35	10.29	12.93	13.53	16.19	15.67	7.95
2023.036	31.34	10.30	12.91	13.58	16.17	15.66	7.90
2023.038	31.34	10.30	12.88	13.62	16.19	15.60	7.86
2023.041	31.31	10.32	12.87	13.66	16.22	15.55	7.85
2023.044	31.30	10.34	12.85	13.69	16.21	15.52	7.87
2023.047	31.29	10.35	12.85	13.73	16.23	15.45	7.88
2023.049	31.28	10.35	12.86	13.81	16.17	15.44	7.88
2023.052	31.27	10.36	12.91	13.78	16.12	15.49	7.88
2023.055	31.24	10.39	12.89	13.81	16.07	15.56	7.86
2023.058	31.23	10.39	12.85	13.84	16.05	15.61	7.86
2023.060	31.26	10.49	12.74	13.86	15.96	15.69	7.86
2023.063	31.28	10.50	12.64	13.93	15.89	15.78	7.84
2023.066	31.30	10.50	12.59	14.01	15.84	15.80	7.77
2023.068	31.33	10.46	12.54	14.09	15.85	15.78	7.74
2023.071	31.36	10.25	12.71	14.12	15.84	15.79	7.73
2023.074	31.38	10.23	12.73	13.96	15.96	15.85	7.71
2023.077	31.40	10.48	12.52	13.89	15.99	15.85	7.71
2023.079	31.42	10.48	12.53	13.86	16.03	15.82	7.71
2023.082	31.45	10.46	12.56	13.78	16.10	15.81	7.70
2023.085	31.46	10.47	12.55	13.67	16.15	15.87	7.69
2023.088	31.46	10.27	12.74	13.66	16.16	15.90	7.68
2023.090	31.40	10.08	12.98	13.83	16.05	15.88	7.65
2023.093	31.32	9.88	13.12	13.97	15.99	15.97	7.61
2023.096	31.24	9.93	13.13	13.99	15.87	16.11	7.60
2023.099	31.18	10.00	13.13	13.99	15.83	16.17	7.58
2023.101	31.10	10.09	13.12	13.98	15.67	16.34	7.57
2023.104	31.02	10.17	13.12	13.84	15.66	16.51	7.54
2023.107	31.03	10.10	13.16	13.84	15.68	16.53	7.51
2023.110	31.06	10.14	12.96	13.97	15.79	16.45	7.50
2023.112	31.10	10.11	12.98	13.93	15.96	16.30	7.48
2023.115	31.14	10.10	13.09	13.81	16.06	16.22	7.46
2023.118	31.19	10.05	13.08	13.81	16.14	16.16	7.44
2023.121	31.19	10.06	13.11	13.77	16.02	16.30	7.42
2023.123	31.19	10.07	13.23	13.75	15.90	16.33	7.40
2023.126	31.19	10.07	13.21	13.63	15.95	16.44	7.39
2023.129	31.19	10.08	13.18	13.58	15.97	16.50	7.37
2023.132	31.19	10.09	13.14	13.57	15.97	16.58	7.33
2023.134	31.19	10.10	13.19	13.58	15.85	16.65	7.32
2023.137	31.19	9.76	13.53	13.63	15.85	16.61	7.30
2023.140	31.21	9.79	13.49	13.56	16.10	16.45	7.28
2023.142	31.20	9.85	13.43	13.57	16.28	16.29	7.26
2023.145	31.20	9.89	13.33	13.59	16.48	16.14	7.24
2023.148	31.20	9.94	13.24	13.61	16.63	16.04	7.23
2023.151	31.16	10.02	13.18	13.58	16.74	16.01	7.19
2023.153	31.10	10.11	13.14	13.58	16.77	15.95	7.21
2023.156	31.05	10.21	13.10	13.61	16.78	15.85	7.27
2023.159	31.02	10.13	13.21	13.68	16.68	15.84	7.33
2023.162	30.98	10.04	13.37	13.69	16.69	15.74	7.38
2023.164	30.94	9.94	13.50	13.67	16.90	15.51	7.42
2023.167	30.89	9.95	13.55	13.65	17.01	15.48	7.35
2023.170	30.88	10.21	13.31	13.63	17.01	15.55	7.31
2023.173	30.86	10.35	13.22	13.58	16.90	15.61	7.36
2023.175	30.85	10.43	13.21	13.49	16.95	15.48	7.47
2023.178	30.82	10.39	13.28	13.45	16.99	15.49	7.47
2023.181	30.81	10.33	13.37	13.42	16.99	15.54	7.42
2023.184	30.80	10.28	13.43	13.40	17.11	15.49	7.39
2023.186	30.77	10.24	13.50	13.37	17.23	15.44	7.34
2023.189	30.76	10.18	13.57	13.31	17.31	15.47	7.28
2023.192	30.75	10.06	13.67	13.32	17.30	15.56	7.23
2023.195	30.74	10.00	13.72	13.39	17.19	15.65	7.20
2023.197	30.81	9.87	13.79	13.37	17.15	15.74	7.17
2023.200	30.89	9.71	13.87	13.35	17.14	15.75	7.20
2023.203	30.98	9.61	13.81	13.50	17.03	15.71	7.24
2023.205	31.05	9.56	13.79	13.51	17.06	15.66	7.27
2023.208	31.04	9.61	13.76	13.42	17.12	15.66	7.29
2023.211	31.03	9.48	13.90	13.43	16.94	15.97	7.16
2023.214	31.01	9.48	13.92	13.46	16.85	16.07	7.16
2023.216	31.00	9.34	14.07	13.42	16.84	16.10	7.20
2023.219	30.99	9.19	14.23	13.35	16.84	16.16	7.23
2023.222	30.98	9.02	14.42	13.28	16.85	16.22	7.30
2023.225	30.98	8.95	14.49	13.21	16.91	16.22	7.33
2023.227	31.36	8.51	14.52	13.24	16.90	16.24	7.35
2023.230	31.54	8.26	14.57	13.27	16.88	16.23	7.34
2023.233	31.55	8.24	14.63	13.27	16.87	16.19	7.32
2023.236	31.53	8.25	14.64	13.28	16.89	16.14	7.31
2023.238	31.50	8.29	14.66	13.30	16.83	16.16	7.35
2023.241	31.48	8.30	14.67	13.33	16.76	16.19	7.40
2023.244	31.47	8.32	14.69	13.37	16.72	16.16	7.35
2023.247	31.52	8.26	14.70	13.42	16.66	16.16	7.29
2023.249	31.65	8.13	14.70	13.45	16.55	16.23	7.26
2023.252	31.79	8.00	14.70	13.54	16.43	16.26	7.27
2023.255	32.05	7.74	14.71	13.64	16.31	16.26	7.29
2023.258	32.07	7.71	14.73	13.62	16.27	16.28	7.31
2023.260	32.07	7.71	14.71	13.63	16.26	16.18	7.44
2023.263	32.07	7.71	14.71	13.54	16.38	16.13	7.48
2023.266	32.07	7.71	14.69	13.47	16.48	16.10	7.51
2023.268	32.07	7.71	14.69	13.46	16.60	15.96	7.54
2023.271	32.07	7.71	14.71	13.44	16.55	15.99	7.57
2023.274	32.07	7.79	14.61	13.43	16.56	16.14	7.46
2023.277	31.86	8.21	14.39	13.45	16.57	16.08	7.51
2023.279	31.65	8.41	14.40	13.47	16.57	16.04	7.55
2023.282	31.67	8.37	14.41	13.49	16.57	15.98	7.61
2023.285	31.69	8.33	14.41	13.52	16.54	15.97	7.66
2023.288	31.70	8.30	14.49	13.46	16.58	15.90	7.70
2023.290	31.59	8.39	14.51	13.49	16.56	15.85	7.76
2023.293	31.48	8.47	14.51	13.54	16.54	15.79	7.83
2023.296	31.38	8.58	14.46	13.59	16.47	15.81	7.92
2023.299	31.26	8.78	14.33	13.67	16.33	15.89	8.00
2023.301	31.28	8.79	14.27	13.72	16.18	16.00	8.01
2023.304	31.31	8.75	14.30	13.77	16.14	15.96	7.99
2023.307	31.49	8.56	14.33	13.72	16.11	16.03	7.97
2023.310	31.63	8.37	14.32	13.62	16.10	16.20	7.94
2023.312	31.75	8.17	14.35	13.67	15.94	16.37	7.84
2023.315	31.74	8.04	14.44	13.68	15.96	16.32	7.85
2023.318	31.75	8.04	14.42	13.66	16.03	16.23	7.88
2023.321	31.75	8.04	14.40	13.74	16.00	16.15	7.94
2023.323	31.74	7.97	14.46	13.55	16.22	16.12	7.95
2023.326	31.75	7.94	14.46	13.52	16.33	16.09	7.92
2023.329	31.72	7.95	14.47	13.55	16.34	16.09	7.91
2023.332	31.72	7.93	14.33	13.78	16.21	16.18	7.87
2023.334	31.69	7.94	14.34	13.81	16.16	16.25	7.80
2023.337	31.67	8.12	14.22	13.73	16.20	16.27	7.79
2023.340	31.60	8.18	14.22	13.74	16.13	16.36	7.80
2023.342	31.51	8.28	14.18	13.75	16.07	16.48	7.77
2023.345	31.38	8.40	14.10	13.76	16.05	16.59	7.75
2023.348	31.39	8.40	14.07	13.77	15.99	16.70	7.72
2023.351	31.38	8.41	14.06	13.80	16.02	16.65	7.72
2023.353	31.37	8.41	14.05	13.84	16.05	16.62	7.72
2023.356	31.37	8.42	14.09	13.80	16.34	16.33	7.72
2023.359	31.34	8.44	14.14	13.73	16.32	16.37	7.71
2023.362	31.36	8.32	14.28	13.63	16.31	16.46	7.71
2023.364	31.36	8.37	14.25	13.60	16.39	16.39	7.70
2023.367	31.34	8.41	14.24	13.58	16.62	16.17	7.70
2023.370	31.33	8.41	14.24	13.60	16.73	16.06	7.69
2023.373	31.31	8.42	14.20	13.64	16.83	15.93	7.72
2023.375	31.28	8.44	14.23	13.62	16.95	15.87	7.66
2023.378	31.26	8.50	14.10	13.69	17.08	15.68	7.73
2023.381	31.24	8.48	14.07	13.75	17.12	15.58	7.80
2023.384	31.23	8.53	14.04	13.75	17.15	15.48	7.81
2023.386	31.21	8.57	14.00	13.76	17.19	15.36	7.86
2023.389	31.20	8.59	14.00	13.82	17.15	15.26	7.91
2023.392	31.18	8.60	14.00	13.76	17.24	15.17	7.95
2023.395	31.14	8.64	14.00	13.75	17.25	15.22	7.88
2023.397	31.13	8.66	13.99	13.76	17.26	15.60	7.51
2023.400	31.09	8.70	14.02	13.74	17.28	15.55	7.51
2023.403	31.12	8.72	14.05	13.67	17.30	15.53	7.51
2023.405	31.18	8.65	14.02	13.68	17.30	15.55	7.51
2023.408	31.14	8.65	14.06	13.64	17.31	15.55	7.52
2023.411	31.08	8.71	14.17	13.57	17.30	15.53	7.54
2023.414	31.02	8.76	14.23	13.49	17.32	15.52	7.55
2023.416	30.98	8.81	14.22	13.49	17.31	15.43	7.66
2023.419	30.96	8.79	14.19	13.55	17.35	15.41	7.64
2023.422	30.94	8.79	14.20	13.57	17.46	15.36	7.60
2023.425	30.88	8.82	14.21	13.58	17.57	15.27	7.59
2023.427	30.83	8.81	14.22	13.62	17.60	15.23	7.61
2023.430	30.71	8.88	14.29	13.58	17.63	15.22	7.62
2023.433	30.66	8.94	14.28	13.59	17.63	14.56	8.27
2023.436	30.60	8.99	14.20	13.67	17.65	14.31	8.48
2023.438	30.55	9.01	14.24	13.59	17.73	14.31	8.44
2023.441	30.51	9.17	14.13	13.56	17.76	14.29	8.36
2023.444	30.50	9.27	14.02	13.59	17.75	14.29	8.30
2023.447	30.48	9.31	14.00	13.63	17.74	14.28	8.28
2023.449	30.44	9.35	14.01	13.66	17.73	14.29	8.26
2023.452	30.40	9.39	14.02	13.65	17.71	14.33	8.18
2023.455	30.40	9.39	14.01	13.64	17.72	14.35	8.09
2023.458	30.40	9.39	14.00	13.60	17.75	14.41	8.05
2023.460	30.32	9.46	14.01	13.59	17.61	14.58	8.05
2023.463	30.23	9.55	14.01	13.54	17.63	14.62	8.06
2023.466	30.04	9.74	14.01	13.47	17.73	14.62	8.05
2023.468	30.01	9.78	14.01	13.49	17.72	14.62	8.07
2023.471	30.03	9.70	14.06	13.53	17.71	14.63	8.04
2023.474	30.03	9.76	13.97	13.58	17.69	14.65	8.02
2023.477	30.01	9.77	13.94	13.64	17.67	14.67	8.00
2023.479	29.96	9.82	13.92	13.63	17.70	14.96	7.69
2023.482	29.93	9.86	13.86	13.67	17.75	15.14	7.48
2023.485	29.90	9.89	13.87	13.64	17.82	15.08	7.48
2023.488	29.84	9.71	14.12	13.59	17.69	15.70	7.03
2023.490	29.81	9.49	14.26	13.70	17.60	15.79	7.02
2023.493	29.78	9.18	14.55	13.76	17.55	15.83	7.02
2023.496	29.74	9.19	14.72	13.62	17.56	15.82	7.02
2023.499	29.71	9.30	14.68	13.61	17.55	15.81	7.02
2023.501	29.67	9.44	14.58	13.68	17.51	15.78	7.02
2023.504	29.62	9.54	14.55	13.66	17.53	15.53	7.23
2023.507	29.59	9.65	14.52	13.59	17.78	15.03	7.50
2023.510	29.54	9.85	14.35	13.58	17.86	14.97	7.51
2023.512	29.50	9.95	14.29	13.61	17.82	14.96	7.51
2023.515	29.47	10.06	14.20	13.60	17.94	14.86	7.51
2023.518	29.42	10.19	14.11	13.63	17.91	14.87	7.51
2023.521	29.38	10.37	13.93	13.66	17.85	14.93	7.52
2023.523	29.35	10.43	13.87	13.66	17.74	15.04	7.52
2023.526	29.32	10.58	13.76	13.62	17.72	15.12	7.50
2023.529	29.28	10.50	13.87	13.60	17.64	15.24	7.48
2023.532	29.25	10.54	13.87	13.63	17.59	15.29	7.47
2023.534	29.20	10.59	13.87	13.67	17.44	15.42	7.50
2023.537	29.16	10.62	13.78	13.74	17.37	15.52	7.51
2023.540	29.11	10.66	13.77	13.72	17.35	15.60	7.49
2023.542	29.08	10.66	13.81	13.72	17.21	15.76	7.47
2023.545	29.07	10.60	13.89	13.63	17.27	15.80	7.46
2023.548	29.05	10.56	13.96	13.52	17.39	15.82	7.43
2023.551	29.05	10.50	14.03	13.41	17.65	15.67	7.41
2023.553	29.00	10.51	14.09	13.43	17.62	15.68	7.37
2023.556	28.88	10.57	14.14	13.52	17.56	15.69	7.35
2023.559	28.76	10.63	14.23	13.41	17.65	15.70	7.32
2023.562	28.74	10.59	14.28	13.45	17.64	15.71	7.30
2023.564	28.74	10.56	14.36	13.39	17.60	15.79	7.28
2023.567	28.74	10.50	14.41	13.39	17.62	15.80	7.26
2023.570	28.71	10.46	14.44	13.39	17.66	15.83	7.22
2023.573	28.71	10.39	14.48	13.39	17.70	15.83	7.20
2023.575	28.72	10.35	14.50	13.40	17.71	15.84	7.18
2023.578	28.71	10.30	14.54	13.43	17.72	15.85	7.16
2023.581	28.72	10.23	14.59	13.36	17.81	15.86	7.14
2023.584	28.73	10.16	14.65	13.38	17.89	15.82	7.08
2023.586	28.73	10.12	14.68	13.45	17.79	15.85	7.10
2023.589	28.74	10.05	14.73	13.45	17.81	15.88	7.05
2023.592	28.59	10.13	14.90	13.36	17.83	15.91	7.00
2023.595	28.45	10.33	14.80	13.42	17.82	15.87	7.05
2023.597	28.44	10.43	14.70	13.41	17.89	15.85	7.05
2023.600	28.42	10.53	14.55	13.48	17.85	15.91	7.05
2023.603	28.41	10.60	14.46	13.44	17.83	16.00	7.06
2023.605	28.46	10.38	14.62	13.46	17.84	16.01	7.06
2023.608	28.49	10.26	14.70	13.44	17.93	15.99	7.06
2023.611	28.54	10.12	14.75	13.44	17.98	15.99	7.00
2023.614	28.60	9.97	14.90	13.41	17.97	16.01	6.93
2023.616	28.67	9.89	14.95	13.38	17.97	16.03	6.88
2023.619	28.74	9.81	14.99	13.34	17.91	16.11	6.83
2023.622	28.78	9.76	14.90	13.33	17.96	16.19	6.79
2023.625	28.84	9.68	14.90	13.28	17.97	16.25	6.76
2023.627	29.13	9.38	14.91	13.25	17.92	16.35	6.75
2023.630	29.05	9.45	14.91	13.25	17.98	16.33	6.74
2023.633	28.92	9.56	14.83	13.30	18.03	16.31	6.74
2023.636	28.79	9.69	14.79	13.31	18.12	16.27	6.73
2023.638	28.66	9.80	14.80	13.26	18.17	16.29	6.72
2023.641	28.59	9.92	14.75	13.28	18.17	16.27	6.72
2023.644	28.56	9.94	14.75	13.25	18.16	16.32	6.71
2023.647	28.53	9.97	14.75	13.24	18.12	16.38	6.72
2023.649	28.50	10.00	14.66	13.46	18.25	16.13	6.72
2023.652	28.47	10.03	14.61	13.54	18.26	16.11	6.73
2023.655	28.44	10.05	14.62	13.62	18.20	16.18	6.64
2023.658	28.41	10.08	14.63	13.63	18.22	16.24	6.57
2023.660	28.38	10.36	14.35	13.68	18.19	16.28	6.54
2023.663	28.35	10.35	14.44	13.65	18.17	16.30	6.54
2023.666	28.32	10.36	14.52	13.48	18.27	16.31	6.57
2023.668	28.43	10.21	14.52	13.50	18.22	16.36	6.60
2023.671	28.61	9.99	14.58	13.50	18.14	16.40	6.63
2023.674	28.79	9.79	14.61	13.51	18.01	16.49	6.66
2023.677	28.97	9.57	14.64	13.54	17.94	16.51	6.71
2023.679	29.15	9.37	14.67	13.54	17.87	16.55	6.74
2023.682	29.31	9.17	14.67	13.73	17.66	16.60	6.78
2023.685	29.38	9.09	14.66	13.75	17.72	16.52	6.82
2023.688	29.42	9.00	14.70	13.70	17.64	16.64	6.85
2023.690	29.44	8.92	14.63	13.86	17.49	16.76	6.87
2023.693	29.45	8.82	14.71	13.87	17.42	16.83	6.86
2023.696	29.47	8.82	14.68	13.84	17.39	17.07	6.69
2023.699	29.49	8.74	14.72	13.94	17.65	16.77	6.66
2023.701	29.51	8.72	14.69	13.85	17.78	16.74	6.68
2023.704	29.52	8.61	14.77	13.71	17.91	16.72	6.72
2023.707	29.54	8.58	14.74	13.76	17.89	16.70	6.76
2023.710	29.56	8.55	14.78	13.73	17.92	16.63	6.80
2023.712	29.58	8.50	14.82	13.72	18.05	16.48	6.82
2023.715	29.59	8.45	14.87	13.71	18.12	16.41	6.81
2023.718	29.61	8.39	14.94	13.70	18.11	16.41	6.93
2023.721	29.63	8.34	15.01	13.65	18.13	16.42	7.06
2023.723	29.65	8.28	15.08	13.58	18.15	16.43	7.05
2023.726	29.66	8.29	15.11	13.34	18.29	16.48	6.78
2023.729	29.68	8.22	15.20	13.30	18.28	16.50	6.77
2023.732	29.70	8.15	15.26	13.27	18.33	16.45	6.90
2023.734	29.73	8.13	15.24	13.29	18.31	16.42	7.07
2023.737	29.75	8.11	15.24	13.33	18.27	16.31	7.18
2023.740	29.76	8.08	15.25	13.35	18.18	16.39	7.15
2023.742	29.78	8.06	15.25	13.34	18.24	16.33	7.16
2023.745	29.80	8.04	15.23	13.33	18.24	16.31	7.19
2023.748	29.64	8.21	15.21	13.34	18.26	16.26	7.22
2023.751	29.35	8.57	15.09	13.40	18.25	16.19	7.29
2023.753	29.17	8.74	15.05	13.44	18.28	16.12	7.32
2023.756	29.00	8.89	14.98	13.74	18.13	16.01	7.34
2023.759	28.79	9.09	14.97	13.72	18.22	15.93	7.37
2023.762	28.82	9.05	14.92	13.61	18.38	15.90	7.40
2023.764	28.88	8.98	14.89	13.63	18.38	15.88	7.43
2023.767	28.91	8.93	14.81	13.58	18.48	15.89	7.47
2023.770	28.94	8.90	14.72	13.67	18.51	15.87	7.45
2023.773	28.97	8.87	14.70	13.63	18.56	15.92	7.39
2023.775	29.00	8.84	14.76	13.55	18.51	16.06	7.30
2023.778	29.06	8.78	14.73	13.57	18.36	16.31	7.21
2023.781	29.09	8.82	14.74	13.46	18.38	16.38	7.16
2023.784	29.17	8.87	14.63	13.36	18.64	16.28	7.07
2023.786	29.23	8.90	14.57	13.10	18.81	16.42	7.02
2023.789	29.28	8.82	14.73	13.01	18.73	16.54	6.98
2023.792	29.34	8.73	14.90	12.93	18.59	16.65	7.02
2023.795	29.23	8.80	14.90	13.07	18.44	16.80	6.99
2023.797	29.13	8.89	14.79	13.18	18.45	16.89	6.95
2023.800	29.04	8.95	14.80	13.24	18.39	16.94	6.94
2023.803	29.07	8.90	14.99	13.15	18.26	16.98	6.94
2023.805	29.10	8.85	15.01	13.09	18.29	17.02	6.93
2023.808	29.13	8.79	15.03	12.93	18.43	17.06	6.93
2023.811	29.06	8.84	14.81	13.15	18.30	17.21	6.92
2023.814	29.12	8.76	14.77	13.09	18.35	17.29	6.92
2023.816	29.19	8.67	14.83	13.04	18.22	17.43	6.91
2023.819	29.25	8.59	14.72	13.17	18.15	17.50	6.91
2023.822	29.31	8.53	14.46	13.43	18.04	17.62	6.90
2023.825	29.34	8.50	14.42	13.49	17.98	17.66	6.90
2023.827	29.37	8.47	14.46	13.49	17.90	17.71	6.90
2023.830	29.40	8.42	14.52	13.37	18.03	17.68	6.88
2023.833	29.43	8.41	14.70	13.15	18.09	17.65	6.88
2023.836	29.45	8.39	14.83	13.01	18.18	17.57	6.88
2023.838	29.48	8.36	14.74	13.07	18.23	17.56	6.87
2023.841	29.51	8.33	14.47	13.37	18.20	17.56	6.87
2023.844	29.54	8.15	14.61	13.30	18.18	17.67	6.86
2023.847	29.56	8.25	14.40	13.37	18.14	17.73	6.80
2023.849	29.59	8.25	14.31	13.51	17.99	17.68	6.84
2023.852	29.62	8.18	14.33	13.61	17.84	17.66	6.83
2023.855	29.68	8.00	14.44	13.61	17.84	17.34	7.08
2023.858	29.75	7.74	14.64	13.61	17.87	16.79	7.58
2023.860	29.81	7.67	14.70	13.55	17.83	16.82	7.58
2023.863	29.86	7.58	14.79	13.52	17.84	16.81	7.58
2023.866	29.90	7.52	14.77	13.63	17.76	16.81	7.56
2023.868	29.97	7.45	14.77	13.75	17.64	16.82	7.53
2023.871	30.01	7.41	14.78	13.75	17.65	16.81	7.50
2023.874	30.06	7.36	14.85	13.68	17.64	16.79	7.49
2023.877	30.12	7.30	14.94	13.51	17.71	16.59	7.64
2023.879	30.17	7.25	15.04	13.44	17.69	16.60	7.59
2023.882	30.23	7.19	15.13	13.42	17.62	16.62	7.54
2023.885	30.28	7.14	15.16	13.40	17.63	16.62	7.52
2023.888	30.32	7.10	15.18	13.38	17.60	16.66	7.51
2023.890	30.39	7.00	15.23	13.42	17.52	16.48	7.72
2023.893	30.43	6.80	15.42	13.41	17.47	16.47	7.76
2023.896	30.47	6.75	15.42	13.40	17.49	16.44	7.78
2023.899	30.54	6.81	15.36	13.39	17.44	16.39	7.82
2023.901	30.58	6.64	15.49	13.37	17.47	16.36	7.84
2023.904	30.61	6.61	15.48	13.38	17.59	16.20	7.88
2023.907	30.60	6.62	15.47	13.33	17.64	16.19	7.91
2023.910	30.59	6.63	15.41	13.34	17.67	16.18	7.95
2023.912	30.59	6.64	15.31	13.47	17.65	15.99	8.15
2023.915	30.58	6.64	15.30	13.51	17.60	15.94	8.21
2023.918	30.57	6.38	15.65	13.43	17.60	15.96	8.20
2023.921	30.56	5.98	16.04	13.44	17.62	16.07	8.10
2023.923	30.55	5.99	16.02	13.50	17.56	16.06	8.13
2023.926	30.54	6.04	16.07	13.38	17.58	15.92	8.29
2023.929	30.53	6.18	15.93	13.42	17.54	15.93	8.30
2023.932	30.53	6.16	15.94	13.47	17.51	15.93	8.30
2023.934	30.52	6.02	16.06	13.52	17.49	15.92	8.32
2023.937	30.51	6.03	16.04	13.57	17.49	15.88	8.33
2023.940	30.50	6.04	15.92	13.75	17.58	15.71	8.36
2023.942	30.49	6.08	15.87	13.79	17.51	15.73	8.40
2023.945	30.48	6.11	15.85	13.78	17.46	15.76	8.43
2023.948	30.47	6.13	15.84	13.76	17.46	15.75	8.48
2023.951	30.46	6.14	15.84	13.63	17.56	15.76	8.50
2023.953	30.33	6.21	15.89	13.65	17.51	15.76	8.55
2023.956	30.30	6.24	15.90	13.67	17.36	15.87	8.58
2023.959	30.34	6.20	15.93	13.65	17.25	15.92	8.62
2023.962	30.36	6.18	15.91	13.68	17.33	15.81	8.65
2023.964	30.37	6.32	15.72	13.71	17.30	15.82	8.68
2023.967	30.38	6.16	15.84	13.75	17.38	15.74	8.70
2023.970	30.39	6.15	15.72	13.86	17.44	15.68	8.70
2023.973	30.40	6.14	15.71	13.87	17.42	15.72	8.69
2023.975	30.39	6.16	15.68	13.90	17.41	15.73	8.69
2023.978	30.38	6.34	15.47	14.02	17.30	15.76	8.69
2023.981	30.37	6.40	15.37	14.14	17.26	15.74	8.65
2023.984	30.36	6.50	15.27	14.27	17.16	15.67	8.62
2023.986	30.35	6.53	15.30	14.10	17.20	15.74	8.59
2023.989	30.34	6.55	15.27	14.13	17.17	15.77	8.59
2023.992	30.34	6.54	15.28	14.19	17.02	15.73	8.73
2023.995	30.33	6.52	15.31	14.25	17.03	15.65	8.74
2023.997	30.32	6.39	15.44	14.25	17.07	15.60	8.74
2024.000	29.78	6.97	15.40	14.20	17.11	15.60	8.76
2024.003	29.72	6.97	15.47	14.09	17.33	15.48	8.76
2024.005	29.71	6.95	15.50	14.08	17.29	15.52	8.77
2024.008	29.70	6.90	15.56	14.08	17.24	15.57	8.65
2024.011	29.61	6.95	15.59	13.97	17.30	15.62	8.66
2024.014	29.53	7.01	15.61	14.00	17.22	15.65	8.66
2024.016	29.45	7.02	15.64	14.12	17.13	15.67	8.67
2024.019	29.37	7.03	15.62	14.21	17.34	15.45	8.67
2024.022	29.28	7.09	15.60	14.27	17.36	15.42	8.68
2024.025	29.20	7.17	15.55	14.32	17.77	15.01	8.69
2024.027	28.98	7.42	15.70	14.13	17.73	15.03	8.71
2024.030	28.86	7.63	15.52	14.23	17.68	15.31	8.51
2024.033	28.78	7.75	15.22	14.33	17.71	15.44	8.47
2024.036	28.69	7.87	15.22	14.22	17.72	15.50	8.47
2024.038	28.69	7.95	15.19	14.23	17.61	15.55	8.48
2024.041	28.69	8.03	15.20	14.21	17.59	15.51	8.53
2024.044	28.69	8.07	15.17	14.20	17.62	15.47	8.57
2024.047	28.68	8.15	15.07	14.22	17.70	15.39	8.61
2024.049	28.61	8.06	15.14	14.31	17.74	15.36	8.63
2024.052	28.47	8.07	15.20	14.39	17.79	15.30	8.67
2024.055	28.22	8.32	15.31	14.27	17.88	15.22	8.72
2024.058	28.10	8.44	15.29	14.44	17.72	15.23	8.71
2024.060	28.04	8.51	15.34	14.52	17.38	15.45	8.70
2024.063	27.97	8.58	15.43	14.49	17.34	15.42	8.69
2024.066	27.90	8.64	15.47	14.38	17.75	15.07	8.67
2024.068	27.98	8.56	15.46	14.38	17.88	14.96	8.66
2024.071	28.23	8.31	15.22	14.64	17.97	14.85	8.61
2024.074	28.23	8.31	15.22	14.64	18.04	14.78	8.54
2024.077	28.22	8.32	15.20	14.66	17.70	15.01	8.59
2024.079	28.19	8.35	15.23	14.63	17.61	15.21	8.47
2024.082	28.16	8.38	15.23	14.63	17.61	15.10	8.58
2024.085	28.13	8.40	15.24	14.63	17.70	15.02	8.57
2024.088	28.09	8.40	15.10	14.80	17.81	14.92	8.57
2024.090	28.06	8.38	15.15	14.63	18.03	14.87	8.56
2024.093	28.03	8.38	15.19	14.52	18.14	14.88	8.55
2024.096	28.23	8.15	15.19	14.37	18.32	14.89	8.55
2024.099	28.23	8.10	15.23	14.57	18.14	14.89	8.54
2024.101	28.23	8.06	15.24	14.59	18.10	14.94	8.53
2024.104	28.23	8.07	15.14	14.69	18.03	15.01	8.52
2024.107	28.20	8.16	15.07	14.70	18.08	14.97	8.49
2024.110	28.13	8.17	15.13	14.81	18.03	14.92	8.48
2024.112	28.09	8.20	15.13	14.81	18.03	14.93	8.46
2024.115	28.06	8.17	15.31	14.75	17.97	14.93	8.45
2024.118	28.02	8.21	15.37	14.63	18.03	14.69	8.68
2024.121	27.99	8.24	15.42	14.58	18.03	14.53	8.84
2024.123	27.96	8.28	15.45	14.55	18.03	14.53	8.85
2024.126	27.92	8.31	15.37	14.60	18.06	14.52	8.77
2024.129	27.89	8.29	15.42	14.66	18.01	14.52	8.76
2024.132	27.82	8.27	15.79	14.36	18.03	14.51	8.78
2024.134	27.82	8.24	15.78	14.39	17.89	14.64	8.80
2024.137	27.82	8.24	15.90	14.27	17.99	14.54	8.83
2024.140	27.82	8.24	15.96	14.30	17.94	14.49	8.85
2024.142	27.82	8.24	16.01	14.30	17.89	14.49	8.87
2024.145	27.82	8.24	15.96	14.35	17.89	14.48	8.89
2024.148	27.78	8.28	15.91	14.43	17.86	14.48	8.90
2024.151	27.72	8.34	15.96	14.38	17.86	14.47	8.90
2024.153	27.67	8.39	16.02	14.32	17.86	14.47	8.91
2024.156	27.62	8.44	16.02	14.32	18.02	14.30	8.91
2024.159	27.82	8.24	16.02	14.32	18.02	14.16	9.06
2024.162	27.82	8.24	16.02	14.32	18.03	14.20	9.01
2024.164	27.82	8.24	16.02	14.32	18.05	14.25	8.93
2024.167	27.82	8.24	16.02	14.32	18.03	14.26	8.94
2024.170	27.82	8.16	16.10	14.32	18.20	14.09	8.95
2024.173	27.82	8.06	16.20	14.32	18.20	14.09	8.95
2024.175	27.82	8.24	15.99	14.56	17.98	14.08	8.96
2024.178	27.82	8.24	15.97	14.73	17.84	14.08	8.96
2024.181	27.82	8.24	16.05	14.77	17.72	14.07	8.97
2024.184	27.82	8.11	16.20	14.71	17.75	14.07	8.97
2024.186	27.82	7.96	16.37	14.69	17.76	14.05	8.98
2024.189	27.82	7.96	16.37	14.69	17.81	14.00	8.98
2024.192	27.82	7.96	16.37	14.62	17.84	14.03	8.99
2024.195	27.82	7.96	16.37	14.50	17.96	14.03	8.99
2024.197	27.82	7.96	16.37	14.47	18.02	13.99	9.00
2024.200	27.82	7.96	16.34	14.50	18.05	14.27	8.66
2024.203	27.82	7.96	16.33	14.51	18.09	14.52	8.37
2024.205	27.82	7.96	16.36	14.47	18.15	14.45	8.35
2024.208	27.82	7.96	16.38	14.46	18.22	14.39	8.34
2024.211	27.82	7.96	16.38	14.46	18.31	14.30	8.33
2024.214	27.82	7.96	16.37	14.46	18.37	14.23	8.32
2024.216	27.80	7.98	16.37	14.46	18.40	14.21	8.30
2024.219	27.71	8.07	16.37	14.46	18.39	14.22	8.29
2024.222	27.63	8.15	16.37	14.46	18.21	14.39	8.27
2024.225	27.82	7.96	16.37	14.25	18.43	14.30	8.35
2024.227	27.82	7.96	16.37	14.27	18.41	14.15	8.49
2024.230	27.82	8.24	16.11	14.27	18.44	13.95	8.63
2024.233	27.82	8.24	16.11	14.30	18.47	13.73	8.78
2024.236	27.82	8.24	16.11	14.33	18.43	13.64	8.89
2024.238	27.82	8.24	16.11	14.38	18.36	13.66	8.89
2024.241	27.82	8.24	16.11	14.42	18.39	13.79	8.69
2024.244	27.93	8.02	16.23	14.44	18.46	13.92	8.47
2024.247	28.06	8.00	16.11	14.44	18.45	14.14	8.25
2024.249	28.14	7.92	16.11	14.44	18.45	14.15	8.24
2024.252	28.13	7.94	16.08	14.48	18.45	14.15	8.24
2024.255	28.11	7.95	16.05	14.51	18.63	13.97	8.24
2024.258	28.10	7.96	16.05	14.57	18.69	13.85	8.24
2024.260	28.09	7.97	16.05	14.57	18.69	13.85	8.24
2024.263	28.08	7.98	16.05	14.63	18.63	13.85	8.24
2024.266	28.05	8.01	16.05	14.63	18.63	13.85	8.24
2024.268	28.04	8.02	16.05	14.67	18.60	13.85	8.24
2024.271	28.03	8.03	16.05	14.73	18.71	13.67	8.24
2024.274	28.02	8.04	16.05	14.73	18.68	13.70	8.24
2024.277	27.99	8.07	16.09	14.69	18.62	13.76	8.24
2024.279	27.95	8.11	16.09	14.69	18.59	13.79	8.24
2024.282	27.93	8.13	16.09	14.61	18.61	13.84	8.24
2024.285	27.90	8.16	16.09	14.63	18.59	13.85	8.24
2024.288	27.87	8.19	16.09	14.65	18.57	13.85	8.24
2024.290	27.84	8.22	16.11	14.65	18.55	13.85	8.24
2024.293	27.82	8.24	16.11	14.67	18.54	13.89	8.20
2024.296	27.82	8.24	16.11	14.67	18.53	14.15	7.94
2024.299	27.82	8.24	16.20	14.48	18.57	14.21	7.94
2024.301	27.82	8.24	16.21	14.47	18.33	14.55	7.84
2024.304	27.82	8.24	16.21	14.55	18.24	14.59	7.80
2024.307	27.82	8.24	16.21	14.57	18.23	14.60	7.80
2024.310	27.82	8.24	16.21	14.57	18.23	14.55	7.85
2024.312	27.82	8.24	16.21	14.57	18.25	14.49	7.88
2024.315	27.82	8.24	16.21	14.57	18.53	14.15	7.94
2024.318	27.82	8.24	16.21	14.57	18.53	14.15	7.94
2024.321	27.82	8.24	16.22	14.56	18.53	14.15	7.94
2024.323	27.82	8.24	16.22	14.56	18.53	14.15	7.94
2024.326	27.82	8.24	16.22	14.56	18.53	14.15	7.94
2024.329	27.82	8.24	16.22	14.56	18.53	14.15	7.94
2024.332	27.82	8.41	16.05	14.56	18.53	14.15	7.94
2024.334	27.82	8.41	16.05	14.56	18.53	14.15	7.94
2024.337	27.82	8.41	16.05	14.53	18.57	14.15	7.94
2024.340	27.82	8.41	16.05	14.46	18.63	14.15	7.94
2024.342	27.82	8.41	16.05	14.46	18.66	14.13	7.94
2024.345	27.82	8.41	16.05	14.46	18.68	14.11	8.04
2024.348	27.82	8.41	16.05	14.46	18.70	14.09	8.04
2024.351	27.82	8.41	16.05	14.46	18.72	14.07	8.04
2024.353	27.82	8.41	16.05	14.46	18.74	14.05	8.04
2024.356	27.82	8.41	16.20	14.36	18.69	14.05	8.04
2024.359	27.82	8.41	16.20	14.41	18.64	14.05	8.04
2024.362	27.82	8.41	16.20	14.41	18.64	14.05	8.04
2024.364	27.82	8.41	16.20	14.45	18.60	14.05	8.04
2024.367	27.82	8.41	16.20	14.45	18.60	14.05	8.04
2024.370	27.82	8.41	16.20	14.54	18.51	14.05	8.04
2024.373	27.82	8.41	16.20	14.54	18.51	14.05	8.04
2024.375	27.82	8.41	16.20	14.54	18.51	14.05	8.04
2024.378	27.82	8.41	16.20	14.54	18.51	14.05	8.04
2024.381	27.82	8.41	16.20	14.54	18.51	14.05	8.04
2024.384	27.82	8.41	16.20	14.54	18.51	14.05	8.04
2024.386	27.82	8.41	16.20	14.54	18.51	14.05	8.04
2024.389	27.82	8.41	16.21	14.54	18.49	14.06	8.04
2024.392	27.82	8.41	16.21	14.54	18.46	14.09	8.04
2024.395	27.82	8.41	16.21	14.54	18.44	14.11	8.04
2024.397	27.82	8.41	16.21	14.54	18.41	14.14	8.04
2024.400	27.82	8.41	16.21	14.54	18.39	14.17	8.04
2024.403	27.82	8.41	16.21	14.44	18.46	14.19	8.04
2024.405	27.82	8.41	16.21	14.44	18.43	14.22	8.04
2024.408	27.82	8.48	16.15	14.45	18.42	14.22	8.04
2024.411	27.82	8.48	16.15	14.53	18.38	14.17	8.04
2024.414	27.82	8.48	16.15	14.53	18.43	14.13	8.04
2024.416	27.82	8.48	16.15	14.53	18.47	14.08	8.04
2024.419	27.82	8.48	16.15	14.53	18.51	14.05	8.04
2024.422	27.82	8.48	16.14	14.54	18.51	14.05	8.04
2024.425	27.82	8.48	16.14	14.54	18.51	14.05	8.04
2024.427	27.82	8.48	16.13	14.55	18.51	14.05	8.04
2024.430	27.82	8.48	16.13	14.55	18.51	14.05	8.04
2024.433	27.82	8.48	16.09	14.59	18.51	13.97	8.12
2024.436	27.82	8.48	16.01	14.67	18.51	14.05	8.04
2024.438	27.82	8.48	16.00	14.69	18.51	14.05	8.04
2024.441	27.82	8.48	15.99	14.69	18.61	13.94	8.04
2024.444	27.82	8.48	15.91	14.77	18.61	13.94	8.04
2024.447	27.82	8.48	15.88	14.80	18.61	13.94	8.04
2024.449	27.82	8.48	15.88	14.80	18.57	13.98	8.04
2024.452	27.82	8.48	15.88	14.80	18.54	14.02	8.04
2024.455	27.82	8.48	15.88	14.80	18.51	14.05	8.04
2024.458	27.82	8.48	15.88	14.80	18.51	14.05	8.04
2024.460	27.82	8.48	15.88	14.80	18.51	14.05	8.04
2024.463	27.82	8.48	15.88	14.85	18.46	14.05	8.04
2024.466	27.82	8.48	15.88	14.94	18.37	14.05	8.04
2024.468	27.82	8.48	15.88	15.02	18.28	14.05	8.04
2024.471	27.82	8.48	15.88	15.14	18.17	14.05	8.04
2024.474	27.82	8.48	15.88	15.14	18.17	14.05	8.04
2024.477	27.82	8.48	15.88	15.14	18.17	14.05	8.04
2024.479	27.82	8.48	15.88	15.14	18.17	14.05	8.04
2024.482	27.82	8.48	15.88	15.21	18.10	14.05	8.04
2024.485	27.82	8.48	15.88	15.21	18.10	14.05	8.04
2024.488	27.82	8.48	15.88	15.21	18.10	14.05	8.04
2024.490	27.82	8.48	15.88	15.21	18.10	14.05	8.04
2024.493	27.82	8.48	15.88	15.21	18.10	14.05	8.04
2024.496	27.82	8.48	15.88	15.21	18.10	14.05	8.04
2024.499	27.82	8.48	15.88	15.21	18.10	14.05	8.04