X	Percentil5	Percentil10	Percentil25	Percentil50	Percentil75	Percentil90	Percentil95
2019.501	51.74	8.41	12.53	14.04	12.07	10.49	5.34
2019.504	51.74	8.41	12.53	14.04	12.07	10.49	5.34
2019.507	51.74	8.41	12.53	14.04	12.07	10.49	5.34
2019.510	51.74	8.41	12.53	14.04	12.07	10.49	5.34
2019.512	51.74	8.41	12.53	14.04	12.07	10.49	5.34
2019.515	51.74	8.41	12.53	14.04	12.07	10.49	5.34
2019.518	51.74	8.41	12.53	14.04	12.07	10.49	5.34
2019.521	51.74	8.41	12.51	14.06	12.07	10.49	5.34
2019.523	51.74	8.41	12.49	14.09	12.07	10.49	5.34
2019.526	51.74	8.41	12.49	14.09	12.07	10.49	5.34
2019.529	51.74	8.41	12.49	14.09	12.07	10.49	5.34
2019.532	51.74	8.41	12.49	14.05	12.10	10.49	5.34
2019.534	51.74	8.41	12.49	14.05	12.10	10.49	5.34
2019.537	51.74	8.41	12.49	14.05	12.10	10.49	5.34
2019.540	51.74	8.41	12.49	14.05	12.10	10.49	5.34
2019.542	51.74	8.41	12.49	14.05	12.10	10.49	5.34
2019.545	51.74	8.41	12.52	14.02	12.10	10.49	5.34
2019.548	51.74	8.41	12.53	14.01	12.10	10.49	5.34
2019.551	51.74	8.41	12.53	14.01	12.10	10.49	5.34
2019.553	51.74	8.41	12.53	14.01	12.10	10.49	5.34
2019.556	51.74	8.41	12.53	14.01	12.10	10.49	5.34
2019.559	51.74	8.41	12.53	14.01	12.10	10.49	5.34
2019.562	51.74	8.41	12.54	14.00	12.10	10.48	5.34
2019.564	51.74	8.41	12.54	14.00	12.10	10.48	5.34
2019.567	51.74	8.41	12.54	14.00	12.10	10.48	5.34
2019.570	51.74	8.41	12.54	13.98	12.13	10.48	5.32
2019.573	51.74	8.41	12.54	13.98	12.13	10.48	5.32
2019.575	51.74	8.41	12.54	13.98	12.13	10.48	5.32
2019.578	51.74	8.41	12.54	13.98	12.13	10.48	5.32
2019.581	51.74	8.41	12.54	13.99	12.12	10.48	5.32
2019.584	51.74	8.41	12.54	14.00	12.11	10.48	5.32
2019.586	51.74	8.40	12.55	14.00	12.11	10.48	5.32
2019.589	51.74	8.39	12.55	14.00	12.11	10.48	5.32
2019.592	51.74	8.39	12.56	14.00	12.11	10.48	5.31
2019.595	51.74	8.38	12.57	14.00	12.11	10.47	5.31
2019.597	51.74	8.37	12.58	14.00	12.11	10.47	5.30
2019.600	51.74	8.37	12.58	14.00	12.12	10.47	5.29
2019.603	51.74	8.37	12.58	14.00	12.12	10.47	5.28
2019.605	51.74	8.37	12.58	13.98	12.14	10.46	5.28
2019.608	51.74	8.37	12.59	13.97	12.14	10.46	5.27
2019.611	51.74	8.37	12.61	13.95	12.15	10.46	5.26
2019.614	51.74	8.37	12.61	13.94	12.15	10.41	5.30
2019.616	51.74	8.37	12.59	13.96	12.14	10.31	5.40
2019.619	51.74	8.37	12.60	13.95	12.14	10.31	5.40
2019.622	51.74	8.37	12.61	13.94	12.14	10.13	5.58
2019.625	51.74	8.34	12.61	13.98	12.17	10.11	5.58
2019.627	51.74	8.30	12.65	13.98	12.17	10.11	5.58
2019.630	51.74	8.30	12.65	13.97	12.18	10.10	5.58
2019.633	51.74	8.30	12.65	13.96	12.20	10.10	5.58
2019.636	51.74	8.30	12.65	13.95	12.20	10.10	5.57
2019.638	51.74	8.37	12.58	13.96	12.20	10.10	5.57
2019.641	51.74	8.37	12.58	13.96	12.19	10.10	5.57
2019.644	51.74	8.37	12.61	13.94	12.19	10.10	5.57
2019.647	51.74	8.37	12.64	13.92	12.18	10.10	5.57
2019.649	51.74	8.37	12.58	13.98	12.18	10.10	5.57
2019.652	51.74	8.37	12.58	13.99	12.17	10.10	5.57
2019.655	51.74	8.37	12.58	14.00	12.16	10.10	5.57
2019.658	51.74	8.37	12.58	14.00	12.16	10.28	5.39
2019.660	51.74	8.37	12.58	14.00	12.12	10.31	5.39
2019.663	51.74	8.37	12.58	14.00	12.12	10.31	5.39
2019.666	51.74	8.37	12.58	14.00	12.12	10.31	5.39
2019.668	51.74	8.30	12.65	14.00	12.12	10.31	5.39
2019.671	51.74	8.30	12.65	14.00	12.12	10.31	5.39
2019.674	51.74	8.30	12.65	14.00	12.12	10.19	5.56
2019.677	51.74	8.30	12.65	14.00	12.12	10.13	5.62
2019.679	51.74	8.30	12.65	14.00	12.12	10.13	5.62
2019.682	51.74	8.30	12.65	14.00	12.12	10.13	5.62
2019.685	51.74	8.30	12.65	14.03	12.10	10.13	5.62
2019.688	51.73	8.31	12.60	14.09	12.08	10.13	5.62
2019.690	51.69	8.28	12.67	14.09	12.08	10.13	5.62
2019.693	51.62	8.26	12.80	14.05	12.08	10.13	5.62
2019.696	51.51	8.37	12.80	14.05	12.08	10.13	5.62
2019.699	51.45	8.44	12.80	14.05	12.11	10.10	5.62
2019.701	51.45	8.44	12.84	14.01	12.11	10.10	5.62
2019.704	51.45	8.44	12.83	14.01	12.11	10.10	5.62
2019.707	51.45	8.44	12.84	14.04	12.07	10.10	5.62
2019.710	51.45	8.44	12.81	14.11	12.04	10.10	5.62
2019.712	51.45	8.44	12.83	14.05	12.07	10.10	5.62
2019.715	51.54	8.34	12.84	14.04	12.06	10.11	5.62
2019.718	51.52	8.37	12.83	14.05	12.04	10.13	5.62
2019.721	51.40	8.50	12.81	14.06	12.04	10.14	5.62
2019.723	51.25	8.66	12.81	14.05	12.03	10.15	5.62
2019.726	51.09	8.82	12.81	14.04	12.02	10.15	5.62
2019.729	51.11	8.79	12.82	14.04	12.02	10.15	5.62
2019.732	51.13	8.77	12.83	14.04	12.02	10.15	5.62
2019.734	51.15	8.74	12.83	14.04	12.02	10.15	5.62
2019.737	51.17	8.71	12.87	14.01	12.03	10.15	5.62
2019.740	51.19	8.72	12.86	13.98	12.04	10.15	5.62
2019.742	51.21	8.72	12.85	13.95	12.06	10.15	5.62
2019.745	51.23	8.73	12.84	13.93	12.06	10.15	5.62
2019.748	51.25	8.73	12.83	13.92	12.06	10.15	5.62
2019.751	51.27	8.73	12.83	13.90	12.06	10.15	5.62
2019.753	51.28	8.72	12.85	13.88	12.06	10.15	5.62
2019.756	51.30	8.72	12.84	13.87	12.06	10.15	5.62
2019.759	51.34	8.69	12.80	13.90	12.06	10.15	5.62
2019.762	51.36	8.68	12.78	13.91	12.06	10.15	5.62
2019.764	51.38	8.67	12.74	13.95	12.02	10.19	5.62
2019.767	51.38	8.66	12.75	13.96	12.00	10.19	5.62
2019.770	51.39	8.66	12.79	13.93	11.99	10.19	5.62
2019.773	51.39	8.65	12.81	13.97	11.93	10.19	5.62
2019.775	51.40	8.64	12.82	13.96	11.93	10.19	5.62
2019.778	51.41	8.64	12.85	13.93	11.93	10.19	5.62
2019.781	51.41	8.63	12.85	13.93	11.93	10.19	5.62
2019.784	51.42	8.62	12.85	13.97	11.89	10.19	5.62
2019.786	51.43	8.62	12.85	13.97	11.89	10.19	5.63
2019.789	51.43	8.62	12.84	13.97	11.89	10.19	5.63
2019.792	51.38	8.67	12.83	13.97	11.91	10.19	5.63
2019.795	51.26	8.78	12.81	13.97	11.92	10.19	5.65
2019.797	51.29	8.76	12.80	13.94	11.96	10.19	5.66
2019.800	51.50	8.55	12.79	13.98	11.95	10.16	5.66
2019.803	51.56	8.48	12.78	14.00	11.94	10.18	5.66
2019.805	51.53	8.51	12.75	14.02	11.93	10.19	5.66
2019.808	51.45	8.59	12.75	13.97	11.99	10.19	5.66
2019.811	51.39	8.65	12.71	14.06	11.93	10.19	5.66
2019.814	51.34	8.71	12.70	14.06	11.95	10.19	5.66
2019.816	51.29	8.82	12.68	13.97	11.98	10.19	5.66
2019.819	51.24	8.88	12.71	13.94	11.97	10.20	5.66
2019.822	51.18	8.97	12.69	13.92	11.97	10.21	5.66
2019.825	51.13	9.03	12.71	13.90	11.97	10.21	5.67
2019.827	51.13	9.03	12.71	13.90	11.96	10.21	5.68
2019.830	51.12	9.04	12.71	13.90	11.96	10.21	5.68
2019.833	51.11	9.05	12.70	13.90	11.94	10.23	5.68
2019.836	51.10	9.05	12.71	13.90	11.94	10.23	5.68
2019.838	51.09	9.07	12.59	14.02	11.94	10.23	5.68
2019.841	51.09	9.07	12.59	14.03	11.94	10.22	5.68
2019.844	51.08	9.08	12.59	14.05	11.93	10.07	5.82
2019.847	51.07	9.07	12.61	14.07	11.91	10.07	5.82
2019.849	51.06	9.07	12.63	14.09	11.88	10.07	5.82
2019.852	51.01	9.11	12.63	14.10	11.88	10.07	5.82
2019.855	50.98	9.12	12.65	14.09	11.88	10.07	5.82
2019.858	50.96	9.16	12.63	14.09	11.88	10.08	5.82
2019.860	50.93	9.19	12.63	14.08	11.88	10.09	5.82
2019.863	50.91	9.21	12.62	14.08	11.88	10.10	5.81
2019.866	50.87	9.28	12.59	14.08	11.89	10.18	5.73
2019.868	50.85	9.31	12.58	14.08	11.89	10.22	5.69
2019.871	50.83	9.32	12.57	14.08	11.90	10.23	5.68
2019.874	50.82	9.34	12.57	14.06	11.95	10.21	5.68
2019.877	50.80	9.36	12.56	14.05	11.95	10.21	5.68
2019.879	50.80	9.36	12.52	14.10	11.94	10.21	5.68
2019.882	50.80	9.39	12.50	14.15	11.90	10.21	5.68
2019.885	50.80	9.41	12.47	14.16	11.88	10.22	5.68
2019.888	50.80	9.42	12.45	14.17	11.87	10.23	5.68
2019.890	50.80	9.47	12.39	14.19	11.88	10.21	5.68
2019.893	50.80	9.54	12.31	14.21	11.88	10.21	5.68
2019.896	50.80	9.57	12.26	14.23	11.88	10.21	5.68
2019.899	50.80	9.59	12.25	14.21	11.88	10.21	5.68
2019.901	50.80	9.61	12.22	14.22	11.88	10.20	5.68
2019.904	50.80	9.58	12.30	14.17	11.90	10.24	5.63
2019.907	50.80	9.52	12.37	14.16	11.89	10.30	5.59
2019.910	50.80	9.45	12.43	14.16	11.89	10.34	5.53
2019.912	50.80	9.42	12.47	14.15	11.92	10.36	5.49
2019.915	50.80	9.42	12.47	14.15	11.93	10.36	5.48
2019.918	50.80	9.42	12.47	14.17	11.94	10.33	5.48
2019.921	50.80	9.42	12.47	14.16	11.95	10.33	5.48
2019.923	50.80	9.42	12.47	14.17	11.95	10.33	5.48
2019.926	50.80	9.44	12.44	14.17	11.94	10.48	5.32
2019.929	50.80	9.51	12.38	14.18	11.95	10.46	5.32
2019.932	50.80	9.52	12.37	14.18	11.95	10.46	5.32
2019.934	50.80	9.53	12.36	14.18	11.95	10.45	5.33
2019.937	50.80	9.54	12.35	14.18	11.96	10.44	5.34
2019.940	50.80	9.55	12.29	14.23	11.96	10.43	5.33
2019.942	50.80	9.56	12.31	14.19	11.97	10.42	5.30
2019.945	50.80	9.57	12.32	14.18	11.98	10.41	5.30
2019.948	50.80	9.58	12.26	14.23	11.98	10.40	5.30
2019.951	50.80	9.59	12.25	14.20	12.00	10.38	5.32
2019.953	50.80	9.60	12.24	14.23	11.98	10.38	5.38
2019.956	50.80	9.60	12.23	14.22	11.99	10.37	5.39
2019.959	50.80	9.60	12.23	14.22	12.01	10.34	5.42
2019.962	50.80	9.60	12.24	14.22	12.02	10.26	5.48
2019.964	50.80	9.60	12.24	14.23	12.01	10.20	5.54
2019.967	50.67	9.73	12.24	14.23	12.01	10.19	5.55
2019.970	50.67	9.73	12.24	14.23	12.01	10.18	5.56
2019.973	50.67	9.73	12.24	14.23	12.01	10.17	5.57
2019.975	50.67	9.66	12.31	14.23	12.01	10.17	5.58
2019.978	50.67	9.55	12.42	14.23	11.99	10.18	5.59
2019.981	50.67	9.54	12.43	14.22	11.99	10.18	5.60
2019.984	50.67	9.54	12.43	14.20	12.04	10.14	5.61
2019.986	50.67	9.54	12.43	14.18	12.06	10.13	5.62
2019.989	50.67	9.54	12.43	14.13	12.11	10.12	5.63
2019.992	50.67	9.54	12.43	14.13	12.13	10.08	5.64
2019.995	50.67	9.55	12.42	14.14	12.15	10.03	5.66
2019.997	50.67	9.58	12.39	14.14	12.14	10.02	5.68
2020.000	50.67	9.59	12.40	14.16	12.10	10.01	5.69
2020.003	50.67	9.60	12.42	14.16	12.07	10.01	5.70
2020.005	50.67	9.61	12.40	14.16	12.05	10.02	5.71
2020.008	50.67	9.63	12.39	14.17	12.03	10.02	5.72
2020.011	50.67	9.65	12.37	14.17	12.02	10.02	5.72
2020.014	50.67	9.66	12.35	14.16	12.05	9.99	5.73
2020.016	50.67	9.68	12.33	14.18	12.02	10.00	5.74
2020.019	50.67	9.69	12.32	14.19	12.01	10.00	5.75
2020.022	50.67	9.70	12.32	14.17	12.02	9.99	5.75
2020.025	50.67	9.72	12.30	14.15	12.03	10.00	5.76
2020.027	50.67	9.72	12.30	14.14	12.01	10.01	5.77
2020.030	50.67	9.72	12.30	14.15	12.02	9.97	5.79
2020.033	50.67	9.72	12.30	14.12	12.07	9.92	5.83
2020.036	50.67	9.70	12.29	14.11	12.11	9.90	5.84
2020.038	50.67	9.67	12.29	14.14	12.11	9.90	5.85
2020.041	50.67	9.65	12.31	14.13	12.12	9.89	5.84
2020.044	50.67	9.64	12.31	14.14	12.13	9.88	5.84
2020.047	50.66	9.64	12.31	14.14	12.14	9.86	5.85
2020.049	50.65	9.65	12.30	14.14	12.15	9.85	5.86
2020.052	50.64	9.68	12.27	14.15	12.16	9.85	5.86
2020.055	50.64	9.73	12.23	14.10	12.18	9.85	5.86
2020.058	50.60	9.78	12.24	14.08	12.18	9.86	5.86
2020.060	50.59	9.83	12.24	14.05	12.18	9.86	5.86
2020.063	50.55	9.90	12.21	14.04	12.17	9.86	5.86
2020.066	50.54	9.93	12.20	14.05	12.13	9.87	5.88
2020.068	50.50	9.97	12.18	14.07	12.12	9.87	5.88
2020.071	50.50	9.92	12.23	14.08	12.13	9.86	5.87
2020.074	50.50	9.88	12.29	14.07	12.12	9.88	5.87
2020.077	50.50	9.88	12.32	14.07	12.08	9.88	5.87
2020.079	50.50	9.87	12.36	14.04	12.09	9.88	5.87
2020.082	50.50	9.86	12.33	14.08	12.10	9.87	5.86
2020.085	50.50	9.86	12.34	14.07	12.11	9.86	5.86
2020.088	50.50	9.86	12.34	14.06	12.12	9.86	5.86
2020.090	50.50	9.86	12.28	14.11	12.14	9.86	5.86
2020.093	50.50	9.86	12.30	14.08	12.15	9.86	5.86
2020.096	50.49	9.87	12.29	14.10	12.13	9.86	5.86
2020.099	50.48	9.88	12.29	14.12	12.11	9.86	5.85
2020.101	50.47	9.88	12.29	14.12	12.11	9.86	5.85
2020.104	50.46	9.88	12.30	14.12	12.12	9.85	5.85
2020.107	50.43	9.90	12.32	14.12	12.12	9.85	5.85
2020.110	50.40	9.90	12.35	14.12	12.13	9.84	5.84
2020.112	50.37	9.91	12.36	14.12	12.13	9.84	5.84
2020.115	50.34	9.93	12.38	14.12	12.15	9.82	5.84
2020.118	50.31	9.93	12.40	14.12	12.16	9.82	5.83
2020.121	50.26	9.97	12.43	14.12	12.15	9.81	5.83
2020.123	50.23	9.91	12.50	14.16	12.14	9.81	5.83
2020.126	50.15	9.99	12.50	14.16	12.13	9.81	5.83
2020.129	50.11	10.03	12.51	14.13	12.16	9.81	5.83
2020.132	50.11	10.03	12.51	14.11	12.17	9.81	5.83
2020.134	50.11	10.01	12.54	14.11	12.15	9.81	5.83
2020.137	50.12	9.97	12.58	14.12	12.14	9.81	5.83
2020.140	50.13	9.95	12.57	14.15	12.13	9.81	5.83
2020.142	50.14	9.93	12.58	14.16	12.12	9.81	5.83
2020.145	50.14	9.92	12.59	14.17	12.10	9.83	5.82
2020.148	50.15	9.91	12.59	14.17	12.06	9.90	5.78
2020.151	50.16	9.90	12.60	14.19	12.03	9.92	5.76
2020.153	50.17	9.90	12.57	14.23	12.01	9.92	5.76
2020.156	49.98	10.08	12.61	14.19	12.01	9.92	5.76
2020.159	49.81	10.25	12.63	14.17	12.01	9.92	5.76
2020.162	49.82	10.24	12.66	14.15	12.01	9.92	5.76
2020.164	49.84	10.22	12.69	14.12	12.01	9.92	5.76
2020.167	49.87	10.19	12.68	14.12	12.01	9.93	5.76
2020.170	49.87	10.19	12.68	14.13	12.01	9.92	5.76
2020.173	49.87	10.19	12.67	14.14	12.01	9.92	5.75
2020.175	49.87	10.19	12.68	14.13	11.99	9.94	5.75
2020.178	49.88	10.18	12.69	14.12	11.98	9.95	5.75
2020.181	49.88	10.18	12.69	14.11	11.96	9.97	5.75
2020.184	49.89	10.17	12.69	14.11	11.95	10.00	5.74
2020.186	49.89	10.17	12.69	14.11	11.95	10.01	5.73
2020.189	49.84	10.22	12.72	14.09	11.95	10.02	5.72
2020.192	49.82	10.24	12.73	14.06	11.97	10.03	5.70
2020.195	49.80	10.26	12.75	14.05	11.97	10.02	5.70
2020.197	49.78	10.28	12.77	14.04	11.98	10.02	5.69
2020.200	49.75	10.31	12.79	14.02	11.98	10.02	5.68
2020.203	49.73	10.23	12.90	14.00	11.98	10.03	5.67
2020.205	49.68	10.33	12.86	14.00	11.97	10.07	5.63
2020.208	49.66	10.37	12.84	13.99	11.95	10.16	5.57
2020.211	49.64	10.38	12.86	13.99	11.95	10.17	5.56
2020.214	49.64	10.34	12.88	14.00	11.95	10.18	5.55
2020.216	49.64	10.32	12.86	14.04	11.95	10.16	5.58
2020.219	49.65	10.34	12.79	14.09	11.95	10.12	5.61
2020.222	49.65	10.35	12.78	14.07	11.95	10.12	5.61
2020.225	49.66	10.37	12.83	14.00	11.95	10.13	5.61
2020.227	49.66	10.39	12.83	13.98	11.95	10.13	5.60
2020.230	49.67	10.39	12.87	13.94	11.95	10.13	5.60
2020.233	49.67	10.39	12.87	13.93	11.95	10.13	5.60
2020.236	49.67	10.39	12.84	13.97	11.95	10.13	5.60
2020.238	49.67	10.37	12.84	13.99	11.95	10.13	5.60
2020.241	49.67	10.35	12.84	14.00	11.95	10.13	5.60
2020.244	49.67	10.34	12.84	14.02	11.95	10.13	5.60
2020.247	49.67	10.32	12.85	14.00	11.98	10.09	5.63
2020.249	49.67	10.29	12.86	14.02	11.99	9.98	5.74
2020.252	49.67	10.28	12.85	14.03	12.02	9.96	5.74
2020.255	49.67	10.25	12.87	14.03	12.03	9.96	5.74
2020.258	49.67	10.22	12.90	14.00	12.05	9.97	5.74
2020.260	49.67	10.18	12.95	13.99	12.02	9.99	5.74
2020.263	49.67	10.17	12.99	13.96	12.02	9.99	5.74
2020.266	49.67	10.22	12.96	13.95	12.01	9.99	5.74
2020.268	49.65	10.25	12.96	13.93	12.00	10.00	5.75
2020.271	49.62	10.27	12.96	13.92	12.02	10.00	5.76
2020.274	49.61	10.29	12.95	13.90	12.06	10.00	5.76
2020.277	49.60	10.30	12.90	13.96	12.03	10.00	5.76
2020.279	49.54	10.37	12.88	13.98	12.02	10.02	5.77
2020.282	49.52	10.40	12.84	14.01	12.02	10.01	5.77
2020.285	49.53	10.39	12.80	14.04	12.02	10.00	5.80
2020.288	49.54	10.37	12.80	14.05	12.00	10.01	5.82
2020.290	49.55	10.36	12.80	14.05	11.99	10.02	5.83
2020.293	49.57	10.34	12.79	14.07	11.97	10.02	5.84
2020.296	49.64	10.25	12.76	14.11	11.96	10.02	5.84
2020.299	49.72	10.19	12.73	14.14	11.96	10.01	5.86
2020.301	49.79	10.13	12.70	14.14	11.96	10.01	5.86
2020.304	49.87	10.07	12.69	14.14	11.96	10.01	5.84
2020.307	49.94	10.01	12.69	14.13	11.96	10.01	5.83
2020.310	50.03	9.94	12.68	14.12	11.96	10.01	5.82
2020.312	50.09	9.89	12.66	14.12	11.96	10.01	5.81
2020.315	50.13	9.83	12.68	14.13	11.96	10.01	5.79
2020.318	50.13	9.82	12.69	14.13	11.96	10.01	5.78
2020.321	50.12	9.84	12.67	14.13	11.99	9.98	5.75
2020.323	50.12	9.85	12.66	14.13	12.02	9.96	5.74
2020.326	50.11	9.85	12.66	14.13	12.03	9.96	5.73
2020.329	50.10	9.90	12.61	14.14	12.04	9.96	5.72
2020.332	50.10	9.89	12.61	14.14	12.04	9.96	5.72
2020.334	50.09	9.88	12.61	14.15	12.04	9.96	5.71
2020.337	50.09	9.88	12.61	14.16	12.05	9.96	5.69
2020.340	50.11	9.85	12.60	14.16	12.06	9.96	5.68
2020.342	50.14	9.82	12.60	14.16	12.07	9.96	5.67
2020.345	50.18	9.75	12.62	14.15	12.08	9.96	5.66
2020.348	50.21	9.72	12.62	14.14	12.08	9.96	5.65
2020.351	50.23	9.65	12.68	14.14	12.09	9.96	5.64
2020.353	50.24	9.60	12.72	14.14	12.09	9.96	5.62
2020.356	50.24	9.58	12.73	14.13	12.10	9.97	5.59
2020.359	50.25	9.55	12.75	14.13	12.10	10.01	5.54
2020.362	50.27	9.53	12.77	14.12	12.11	10.00	5.51
2020.364	50.31	9.47	12.80	14.09	12.13	10.01	5.50
2020.367	50.35	9.42	12.84	14.05	12.15	10.04	5.46
2020.370	50.38	9.38	12.87	14.03	12.15	10.09	5.41
2020.373	50.41	9.33	12.90	14.03	12.15	10.12	5.37
2020.375	50.44	9.28	12.91	14.03	12.16	10.11	5.37
2020.378	50.46	9.27	12.86	14.08	12.17	10.10	5.36
2020.381	50.47	9.26	12.89	14.05	12.18	10.11	5.35
2020.384	50.48	9.25	12.89	14.05	12.18	10.12	5.34
2020.386	50.49	9.24	12.89	14.05	12.18	10.13	5.33
2020.389	50.50	9.23	12.91	14.05	12.16	10.15	5.30
2020.392	50.50	9.23	12.90	14.04	12.18	10.16	5.29
2020.395	50.50	9.23	12.90	14.04	12.18	10.17	5.28
2020.397	50.50	9.23	12.92	14.02	12.18	10.22	5.22
2020.400	50.50	9.23	12.92	14.02	12.16	10.28	5.18
2020.403	50.50	9.23	12.92	14.02	12.15	10.33	5.14
2020.405	50.50	9.23	12.91	14.00	12.21	10.32	5.12
2020.408	50.50	9.23	12.91	13.97	12.24	10.33	5.11
2020.411	50.50	9.23	12.90	13.97	12.24	10.35	5.09
2020.414	50.50	9.25	12.89	13.97	12.25	10.36	5.08
2020.416	50.50	9.26	12.87	13.97	12.24	10.37	5.07
2020.419	50.50	9.28	12.85	13.98	12.22	10.40	5.06
2020.422	50.50	9.25	12.86	13.99	12.21	10.43	5.04
2020.425	50.50	9.24	12.87	14.00	12.21	10.50	4.97
2020.427	50.50	9.22	12.88	14.01	12.20	10.51	4.96
2020.430	50.50	9.20	12.87	14.07	12.21	10.49	4.95
2020.433	50.50	9.09	12.97	14.09	12.19	10.52	4.92
2020.436	50.50	9.07	12.99	14.10	12.18	10.53	4.91
2020.438	50.50	9.06	13.01	14.09	12.16	10.55	4.90
2020.441	50.50	9.07	12.98	14.12	12.15	10.55	4.91
2020.444	50.50	9.07	12.99	14.10	12.16	10.53	4.93
2020.447	50.50	9.06	12.99	14.08	12.18	10.48	4.95
2020.449	50.50	9.06	12.96	14.08	12.21	10.47	4.94
2020.452	50.50	9.06	12.95	14.06	12.25	10.45	4.94
2020.455	50.50	9.05	12.96	14.04	12.27	10.43	4.94
2020.458	50.50	9.03	12.98	14.03	12.28	10.41	4.94
2020.460	50.50	8.97	13.04	14.02	12.29	10.41	4.93
2020.463	50.50	8.95	13.05	14.03	12.28	10.41	4.91
2020.466	50.50	8.94	13.07	14.04	12.27	10.40	4.91
2020.468	50.50	8.94	13.09	14.04	12.25	10.40	4.92
2020.471	50.50	8.94	13.10	14.04	12.23	10.39	4.91
2020.474	50.50	8.95	13.08	14.07	12.22	10.38	4.92
2020.477	50.37	9.08	13.06	14.08	12.22	10.39	4.92
2020.479	50.30	9.15	13.07	14.08	12.21	10.38	4.92
2020.482	50.30	9.15	13.07	14.08	12.21	10.38	4.92
2020.485	50.29	9.16	13.07	14.08	12.21	10.38	4.92
2020.488	50.28	9.16	13.07	14.08	12.21	10.37	4.93
2020.490	50.27	9.17	13.08	14.09	12.21	10.37	4.93
2020.493	50.22	9.14	13.15	14.09	12.21	10.36	4.94
2020.496	50.21	9.10	13.17	14.12	12.21	10.34	4.95
2020.499	50.20	9.08	13.17	14.17	12.21	10.31	4.97
2020.501	50.20	9.07	13.18	14.17	12.20	10.30	4.98
2020.504	50.19	9.05	13.21	14.18	12.18	10.27	5.00
2020.507	50.19	9.04	13.22	14.20	12.16	10.25	5.01
2020.510	50.18	9.04	13.23	14.21	12.15	10.22	5.03
2020.512	50.18	8.99	13.29	14.20	12.14	10.18	5.07
2020.515	50.17	8.88	13.45	14.16	12.14	10.15	5.09
2020.518	50.17	8.86	13.50	14.14	12.12	10.13	5.12
2020.521	50.16	8.85	13.53	14.12	12.12	10.12	5.13
2020.523	50.16	8.85	13.57	14.10	12.12	10.10	5.14
2020.526	50.15	8.85	13.60	14.07	12.12	10.09	5.15
2020.529	50.14	8.85	13.64	14.05	12.12	10.07	5.16
2020.532	50.14	8.82	13.68	14.04	12.14	10.05	5.17
2020.534	50.13	8.78	13.73	14.03	12.14	10.04	5.18
2020.537	50.13	8.79	13.70	14.05	12.14	10.03	5.19
2020.540	50.12	8.79	13.69	14.06	12.13	10.03	5.20
2020.542	50.11	8.80	13.71	14.04	12.11	10.04	5.20
2020.545	50.11	8.81	13.73	14.02	12.10	9.99	5.25
2020.548	50.10	8.83	13.74	14.01	12.07	9.98	5.27
2020.551	50.10	8.87	13.70	14.02	12.07	10.01	5.25
2020.553	50.10	8.91	13.63	14.05	12.05	10.04	5.23
2020.556	50.09	8.91	13.61	14.10	12.03	10.05	5.22
2020.559	50.08	8.91	13.59	14.13	12.02	10.01	5.26
2020.562	50.08	8.90	13.59	14.15	12.02	10.00	5.26
2020.564	50.07	8.92	13.59	14.14	12.01	10.00	5.26
2020.567	50.07	8.94	13.60	14.13	12.01	10.00	5.25
2020.570	50.03	9.06	13.48	14.16	11.98	10.03	5.25
2020.573	50.00	9.10	13.45	14.18	11.98	10.03	5.25
2020.575	49.94	9.17	13.44	14.17	11.99	10.03	5.25
2020.578	49.81	9.31	13.43	14.18	11.98	10.03	5.25
2020.581	49.74	9.37	13.43	14.20	11.96	10.03	5.24
2020.584	49.61	9.39	13.49	14.24	11.97	10.04	5.23
2020.586	49.60	9.41	13.49	14.23	11.98	10.05	5.22
2020.589	49.60	9.41	13.49	14.24	11.97	10.05	5.21
2020.592	49.60	9.41	13.49	14.23	11.98	10.07	5.19
2020.595	49.59	9.41	13.49	14.23	11.98	10.08	5.19
2020.597	49.59	9.41	13.49	14.24	11.97	10.08	5.18
2020.600	49.59	9.41	13.45	14.29	11.94	10.11	5.17
2020.603	49.59	9.40	13.46	14.30	11.89	10.15	5.17
2020.605	49.59	9.39	13.46	14.34	11.89	10.13	5.17
2020.608	49.58	9.38	13.42	14.39	11.88	10.08	5.22
2020.611	49.64	9.32	13.35	14.48	11.86	10.08	5.21
2020.614	49.74	9.27	13.27	14.51	11.85	10.09	5.20
2020.616	49.79	9.21	13.27	14.54	11.84	10.10	5.20
2020.619	49.88	9.11	13.27	14.54	11.83	10.11	5.20
2020.622	49.89	9.09	13.28	14.54	11.82	10.11	5.20
2020.625	49.90	9.04	13.36	14.50	11.83	10.11	5.21
2020.627	49.93	8.97	13.41	14.48	11.83	10.11	5.21
2020.630	49.96	8.94	13.44	14.45	11.84	10.11	5.22
2020.633	50.02	8.86	13.46	14.44	11.84	10.12	5.23
2020.636	50.06	8.82	13.48	14.42	11.85	10.12	5.22
2020.638	50.09	8.78	13.49	14.41	11.87	10.11	5.22
2020.641	50.12	8.74	13.51	14.40	11.86	10.11	5.22
2020.644	50.14	8.71	13.52	14.39	11.87	10.12	5.22
2020.647	50.12	8.73	13.53	14.38	11.86	10.13	5.22
2020.649	50.17	8.68	13.55	14.37	11.86	10.13	5.22
2020.652	50.19	8.65	13.59	14.33	11.86	10.14	5.24
2020.655	50.22	8.62	13.57	14.34	11.87	10.14	5.24
2020.658	50.13	8.72	13.59	14.33	11.87	10.14	5.25
2020.660	50.04	8.79	13.60	14.31	11.87	10.15	5.26
2020.663	49.95	8.86	13.64	14.31	11.87	10.15	5.21
2020.666	49.87	8.94	13.65	14.28	11.89	10.16	5.21
2020.668	49.89	8.94	13.64	14.26	11.90	10.20	5.17
2020.671	49.90	8.88	13.70	14.25	11.89	10.23	5.16
2020.674	49.91	8.87	13.71	14.25	11.88	10.24	5.16
2020.677	49.92	8.82	13.75	14.25	11.88	10.24	5.16
2020.679	49.92	8.79	13.77	14.21	11.91	10.26	5.18
2020.682	49.88	8.85	13.72	14.24	11.90	10.21	5.26
2020.685	49.81	8.97	13.63	14.28	11.88	10.23	5.26
2020.688	49.73	9.08	13.49	14.38	11.87	10.24	5.26
2020.690	49.73	9.08	13.45	14.44	11.87	10.19	5.30
2020.693	49.73	9.06	13.42	14.46	11.90	10.18	5.32
2020.696	49.73	9.05	13.43	14.46	11.90	10.18	5.32
2020.699	49.72	9.05	13.43	14.42	11.94	10.18	5.32
2020.701	49.72	9.03	13.48	14.44	11.90	10.18	5.33
2020.704	49.72	9.00	13.51	14.43	11.90	10.18	5.33
2020.707	49.72	9.00	13.52	14.43	11.90	10.18	5.33
2020.710	49.71	9.03	13.47	14.45	11.89	10.18	5.33
2020.712	49.71	9.04	13.41	14.51	11.89	10.18	5.33
2020.715	49.71	9.04	13.41	14.51	11.90	10.18	5.34
2020.718	49.70	9.04	13.42	14.50	11.90	10.18	5.34
2020.721	49.83	8.91	13.43	14.49	11.90	10.18	5.34
2020.723	49.99	8.75	13.51	14.42	11.90	10.16	5.36
2020.726	49.97	8.75	13.59	14.36	11.90	10.18	5.35
2020.729	49.99	8.71	13.65	14.31	11.90	10.16	5.36
2020.732	49.92	8.77	13.69	14.27	11.91	10.11	5.42
2020.734	49.87	8.82	13.70	14.27	11.91	10.06	5.48
2020.737	49.77	8.92	13.69	14.25	11.93	10.04	5.48
2020.740	49.72	8.98	13.67	14.29	11.92	10.02	5.49
2020.742	49.67	9.00	13.68	14.31	11.92	10.02	5.49
2020.745	49.62	9.14	13.59	14.32	11.91	10.02	5.49
2020.748	49.58	9.23	13.54	14.33	11.91	10.02	5.50
2020.751	49.56	9.25	13.52	14.33	11.94	10.00	5.50
2020.753	49.55	9.28	13.49	14.34	11.94	10.00	5.50
2020.756	49.57	9.27	13.46	14.36	11.94	10.00	5.51
2020.759	49.61	9.24	13.45	14.36	11.95	10.00	5.51
2020.762	49.62	9.23	13.44	14.36	11.96	10.00	5.51
2020.764	49.60	9.26	13.42	14.36	11.97	10.00	5.51
2020.767	49.60	9.27	13.40	14.37	11.98	10.00	5.52
2020.770	49.59	9.27	13.40	14.36	11.98	10.01	5.52
2020.773	49.59	9.26	13.42	14.35	12.00	10.00	5.52
2020.775	49.59	9.27	13.44	14.32	11.99	10.00	5.53
2020.778	49.60	9.26	13.45	14.36	11.96	9.98	5.54
2020.781	49.60	9.23	13.49	14.34	11.96	9.98	5.54
2020.784	49.58	9.28	13.48	14.32	11.95	9.99	5.55
2020.786	49.55	9.36	13.45	14.30	11.95	10.00	5.55
2020.789	49.53	9.42	13.42	14.31	11.94	9.99	5.56
2020.792	49.52	9.47	13.37	14.36	11.91	9.98	5.56
2020.795	49.57	9.43	13.29	14.47	11.85	10.01	5.56
2020.797	49.66	9.35	13.26	14.48	11.86	10.00	5.56
2020.800	49.66	9.36	13.27	14.47	11.86	10.01	5.55
2020.803	49.66	9.36	13.22	14.52	11.86	10.03	5.54
2020.805	49.66	9.37	13.22	14.52	11.85	10.06	5.54
2020.808	49.66	9.27	13.32	14.52	11.84	10.04	5.57
2020.811	49.66	9.26	13.33	14.52	11.83	10.04	5.58
2020.814	49.66	9.30	13.31	14.51	11.83	10.04	5.60
2020.816	49.81	9.12	13.36	14.49	11.84	10.03	5.61
2020.819	49.92	9.00	13.38	14.48	11.84	10.10	5.53
2020.822	50.03	8.91	13.39	14.48	11.82	10.11	5.53
2020.825	50.14	8.81	13.36	14.51	11.81	10.11	5.54
2020.827	50.23	8.67	13.40	14.53	11.79	10.12	5.54
2020.830	50.23	8.67	13.46	14.48	11.80	10.10	5.54
2020.833	50.23	8.65	13.50	14.48	11.83	10.05	5.54
2020.836	50.23	8.63	13.50	14.51	11.82	10.05	5.55
2020.838	50.24	8.58	13.50	14.50	11.87	10.05	5.55
2020.841	50.27	8.52	13.52	14.51	11.86	10.05	5.56
2020.844	50.29	8.48	13.53	14.52	11.87	10.05	5.57
2020.847	50.29	8.46	13.48	14.59	11.88	10.03	5.58
2020.849	50.28	8.48	13.48	14.56	11.91	10.02	5.58
2020.852	50.28	8.50	13.53	14.50	11.90	10.01	5.59
2020.855	50.27	8.53	13.50	14.51	11.90	10.01	5.60
2020.858	50.27	8.58	13.42	14.58	11.85	10.00	5.61
2020.860	50.27	8.61	13.36	14.62	11.85	9.99	5.61
2020.863	50.25	8.66	13.32	14.63	11.85	9.97	5.63
2020.866	50.15	8.79	13.28	14.64	11.86	9.91	5.67
2020.868	50.10	8.86	13.30	14.60	11.84	9.89	5.71
2020.871	50.09	8.89	13.29	14.60	11.84	9.87	5.74
2020.874	50.08	8.97	13.19	14.62	11.84	9.86	5.74
2020.877	50.23	8.85	13.16	14.64	11.84	9.86	5.74
2020.879	50.24	8.84	13.17	14.62	11.84	9.85	5.75
2020.882	50.24	8.84	13.19	14.60	11.87	9.82	5.75
2020.885	50.23	8.89	13.16	14.57	11.89	9.81	5.76
2020.888	50.23	8.90	13.14	14.56	11.92	9.81	5.77
2020.890	50.22	8.91	13.12	14.57	11.90	9.82	5.77
2020.893	50.21	8.92	13.11	14.57	11.90	9.82	5.77
2020.896	50.20	8.93	13.13	14.53	11.92	9.83	5.77
2020.899	50.19	8.95	13.15	14.52	11.91	9.83	5.77
2020.901	50.26	8.88	13.16	14.52	11.89	9.83	5.77
2020.904	50.37	8.77	13.18	14.51	11.90	9.78	5.81
2020.907	50.42	8.71	13.19	14.51	11.91	9.76	5.80
2020.910	50.46	8.68	13.19	14.52	11.93	9.72	5.82
2020.912	50.53	8.68	13.07	14.57	11.96	9.67	5.85
2020.915	50.56	8.64	13.07	14.59	11.93	9.65	5.88
2020.918	50.60	8.63	13.07	14.57	11.93	9.63	5.90
2020.921	50.65	8.55	13.07	14.60	11.93	9.62	5.91
2020.923	50.66	8.54	13.01	14.65	11.94	9.61	5.91
2020.926	50.65	8.56	13.02	14.63	11.94	9.61	5.91
2020.929	50.64	8.51	13.07	14.64	11.93	9.62	5.90
2020.932	50.61	8.53	13.06	14.65	11.94	9.64	5.89
2020.934	50.59	8.55	13.07	14.64	11.98	9.60	5.88
2020.937	50.57	8.58	13.05	14.65	12.00	9.60	5.86
2020.940	50.58	8.55	13.03	14.68	12.01	9.60	5.86
2020.942	50.64	8.51	12.99	14.70	12.02	9.61	5.85
2020.945	50.67	8.52	12.94	14.70	12.03	9.61	5.84
2020.948	50.72	8.48	12.93	14.69	12.06	9.60	5.83
2020.951	50.75	8.44	12.96	14.67	12.05	9.67	5.76
2020.953	50.76	8.42	12.98	14.65	12.02	9.70	5.76
2020.956	50.77	8.41	13.06	14.62	11.98	9.71	5.75
2020.959	50.80	8.39	13.08	14.60	12.01	9.68	5.76
2020.962	50.80	8.41	13.08	14.59	12.00	9.68	5.77
2020.964	50.80	8.40	13.11	14.57	12.06	9.63	5.78
2020.967	50.80	8.42	13.11	14.55	12.06	9.64	5.77
2020.970	50.80	8.43	13.12	14.54	12.05	9.66	5.77
2020.973	50.80	8.52	13.04	14.54	12.04	9.68	5.76
2020.975	50.80	8.55	13.02	14.53	12.04	9.69	5.78
2020.978	50.80	8.57	13.02	14.50	12.04	9.70	5.77
2020.981	50.80	8.58	13.03	14.48	12.05	9.71	5.72
2020.984	50.80	8.60	13.02	14.46	12.05	9.72	5.69
2020.986	50.80	8.61	13.06	14.41	12.05	9.73	5.65
2020.989	50.80	8.63	13.05	14.41	12.04	9.74	5.64
2020.992	50.80	8.62	13.07	14.42	12.03	9.75	5.63
2020.995	50.80	8.58	13.12	14.41	12.06	9.73	5.61
2020.997	50.80	8.54	13.17	14.39	12.06	9.73	5.62
2021.000	50.80	8.57	13.16	14.37	12.08	9.73	5.62
2021.003	50.80	8.63	13.07	14.41	12.05	9.72	5.62
2021.005	50.80	8.70	13.01	14.41	12.06	9.72	5.66
2021.008	50.80	8.69	13.07	14.34	12.06	9.74	5.65
2021.011	50.80	8.66	13.11	14.34	12.05	9.76	5.66
2021.014	50.81	8.73	13.03	14.36	12.03	9.77	5.67
2021.016	50.83	8.70	13.06	14.36	12.01	9.76	5.69
2021.019	50.84	8.67	13.08	14.35	12.01	9.75	5.70
2021.022	50.86	8.65	13.09	14.36	12.06	9.74	5.67
2021.025	50.88	8.62	13.08	14.40	12.12	9.64	5.65
2021.027	50.89	8.61	13.07	14.43	12.09	9.63	5.62
2021.030	50.91	8.62	13.03	14.46	12.07	9.62	5.60
2021.033	50.92	8.65	12.98	14.57	11.96	9.61	5.61
2021.036	50.94	8.64	12.97	14.60	11.94	9.61	5.62
2021.038	50.94	8.64	12.99	14.60	11.91	9.62	5.61
2021.041	50.95	8.64	13.03	14.57	11.86	9.66	5.61
2021.044	50.95	8.63	13.06	14.49	11.84	9.74	5.61
2021.047	50.95	8.61	13.08	14.51	11.81	9.75	5.60
2021.049	50.95	8.61	13.08	14.52	11.87	9.68	5.60
2021.052	50.95	8.64	13.05	14.54	11.89	9.64	5.59
2021.055	50.95	8.65	13.05	14.55	11.87	9.65	5.59
2021.058	50.96	8.65	12.99	14.55	11.91	9.68	5.58
2021.060	50.96	8.64	13.02	14.53	11.90	9.69	5.57
2021.063	50.96	8.65	13.03	14.52	11.85	9.73	5.57
2021.066	50.96	8.65	13.05	14.50	11.83	9.76	5.57
2021.068	50.96	8.64	13.06	14.43	11.90	9.81	5.51
2021.071	50.97	8.64	13.07	14.42	11.92	9.79	5.50
2021.074	50.97	8.65	13.10	14.39	11.92	9.79	5.49
2021.077	50.96	8.66	13.10	14.39	11.90	9.81	5.49
2021.079	50.95	8.68	13.14	14.35	11.86	9.84	5.48
2021.082	50.94	8.69	13.11	14.38	11.84	9.87	5.48
2021.085	50.93	8.72	13.10	14.39	11.83	9.87	5.47
2021.088	50.92	8.74	13.13	14.37	11.82	9.87	5.46
2021.090	50.92	8.75	13.17	14.33	11.82	9.87	5.46
2021.093	50.86	8.81	13.23	14.27	11.82	9.84	5.47
2021.096	50.80	8.88	13.26	14.25	11.80	9.84	5.48
2021.099	50.71	8.98	13.26	14.26	11.79	9.83	5.49
2021.101	50.67	9.02	13.27	14.27	11.76	9.83	5.49
2021.104	50.67	9.02	13.37	14.20	11.74	9.83	5.50
2021.107	50.67	9.00	13.38	14.21	11.72	9.83	5.50
2021.110	50.67	9.00	13.37	14.24	11.70	9.83	5.51
2021.112	50.67	8.99	13.37	14.26	11.68	9.83	5.51
2021.115	50.67	8.99	13.34	14.30	11.68	9.82	5.52
2021.118	50.67	8.98	13.33	14.32	11.67	9.82	5.52
2021.121	50.67	8.98	13.32	14.33	11.67	9.82	5.52
2021.123	50.67	8.97	13.30	14.37	11.66	9.82	5.52
2021.126	50.67	8.97	13.29	14.35	11.70	9.82	5.52
2021.129	50.67	8.96	13.27	14.40	11.70	9.82	5.50
2021.132	50.67	8.95	13.26	14.42	11.70	9.85	5.47
2021.134	50.67	8.95	13.32	14.35	11.71	9.88	5.44
2021.137	50.66	8.94	13.32	14.36	11.72	9.91	5.40
2021.140	50.65	8.93	13.32	14.36	11.74	9.92	5.38
2021.142	50.64	8.93	13.37	14.32	11.75	9.92	5.38
2021.145	50.61	8.96	13.29	14.40	11.77	9.90	5.38
2021.148	50.59	8.97	13.37	14.34	11.78	9.90	5.37
2021.151	50.57	8.98	13.35	14.37	11.79	9.89	5.37
2021.153	50.52	9.02	13.33	14.40	11.80	9.88	5.37
2021.156	50.50	9.02	13.32	14.45	11.81	9.85	5.37
2021.159	50.46	9.02	13.28	14.51	11.84	9.84	5.36
2021.162	50.44	8.98	13.31	14.53	11.85	9.83	5.36
2021.164	50.41	9.02	13.29	14.56	11.84	9.83	5.36
2021.167	50.37	9.07	13.27	14.58	11.85	9.82	5.36
2021.170	50.35	9.12	13.25	14.59	11.86	9.80	5.35
2021.173	50.30	9.17	13.30	14.47	11.95	9.77	5.35
2021.175	50.18	9.32	13.28	14.45	11.98	9.75	5.34
2021.178	50.16	9.36	13.26	14.45	12.00	9.76	5.33
2021.181	50.10	9.42	13.28	14.43	12.00	9.76	5.33
2021.184	50.05	9.47	13.33	14.38	12.00	9.76	5.32
2021.186	49.97	9.55	13.37	14.36	11.99	9.77	5.31
2021.189	49.92	9.59	13.35	14.39	11.96	9.79	5.33
2021.192	49.95	9.56	13.35	14.42	11.93	9.81	5.34
2021.195	49.94	9.56	13.36	14.42	11.90	9.84	5.35
2021.197	49.92	9.58	13.36	14.43	11.89	9.86	5.33
2021.200	49.92	9.58	13.36	14.43	11.88	9.88	5.31
2021.203	49.90	9.59	13.36	14.43	11.85	9.91	5.29
2021.205	49.86	9.64	13.34	14.45	11.83	9.93	5.27
2021.208	49.84	9.68	13.31	14.48	11.82	9.94	5.26
2021.211	49.79	9.73	13.29	14.50	11.83	9.90	5.25
2021.214	49.77	9.76	13.28	14.54	11.78	9.93	5.25
2021.216	49.75	9.80	13.33	14.47	11.78	9.92	5.20
2021.219	49.71	9.88	13.30	14.43	11.81	9.93	5.18
2021.222	49.69	9.94	13.28	14.41	11.78	9.96	5.18
2021.225	49.67	10.00	13.26	14.37	11.81	9.96	5.16
2021.227	49.66	10.06	13.20	14.35	11.82	9.96	5.15
2021.230	49.66	10.09	13.17	14.35	11.85	9.96	5.12
2021.233	49.66	10.10	13.16	14.36	11.85	9.93	5.14
2021.236	49.70	10.12	13.10	14.38	11.76	9.98	5.16
2021.238	49.87	10.02	13.03	14.40	11.75	9.95	5.18
2021.241	49.96	9.98	12.97	14.41	11.77	9.89	5.21
2021.244	50.04	10.00	12.83	14.45	11.81	9.83	5.24
2021.247	50.13	9.89	12.91	14.40	11.80	9.81	5.26
2021.249	50.14	9.88	12.94	14.39	11.79	9.79	5.28
2021.252	50.07	9.93	12.96	14.33	11.84	9.79	5.29
2021.255	50.01	9.99	12.97	14.31	11.88	9.76	5.30
2021.258	49.94	10.04	13.01	14.26	11.89	9.77	5.31
2021.260	49.87	10.10	13.05	14.22	11.89	9.77	5.32
2021.263	49.81	10.16	13.09	14.18	11.89	9.78	5.32
2021.266	49.74	10.21	13.12	14.14	11.88	9.79	5.34
2021.268	49.66	10.30	13.13	14.13	11.88	9.79	5.34
2021.271	49.66	10.30	13.12	14.13	11.89	9.79	5.36
2021.274	50.25	9.73	13.05	14.18	11.90	9.78	5.40
2021.277	50.33	9.65	12.99	14.21	11.90	9.79	5.43
2021.279	50.33	9.60	13.05	14.18	11.92	9.80	5.43
2021.282	50.33	9.50	13.15	14.19	11.88	9.83	5.44
2021.285	50.33	9.46	13.18	14.18	11.88	9.83	5.44
2021.288	50.33	9.48	13.17	14.16	11.90	9.83	5.45
2021.290	50.33	9.47	13.18	14.13	11.93	9.82	5.45
2021.293	49.80	10.01	13.17	14.14	11.93	9.81	5.46
2021.296	49.66	10.17	13.14	14.14	11.92	9.81	5.47
2021.299	49.66	10.18	13.13	14.14	11.91	9.76	5.53
2021.301	49.66	10.16	13.15	14.14	11.90	9.80	5.50
2021.304	49.66	10.11	13.17	14.16	11.90	9.82	5.49
2021.307	49.66	10.08	13.20	14.17	11.90	9.82	5.51
2021.310	49.65	10.08	13.22	14.17	11.91	9.79	5.55
2021.312	49.63	10.16	13.18	14.18	11.89	9.80	5.57
2021.315	49.61	10.21	13.13	14.17	11.90	9.95	5.47
2021.318	49.59	10.23	13.11	14.16	11.90	9.98	5.45
2021.321	49.57	10.28	13.08	14.16	11.89	10.01	5.46
2021.323	49.55	10.31	13.07	14.14	11.89	10.03	5.51
2021.326	49.53	10.34	13.06	14.11	11.92	10.02	5.57
2021.329	49.51	10.41	13.06	14.06	11.95	10.00	5.60
2021.332	49.49	10.43	13.06	14.06	11.93	10.01	5.63
2021.334	49.49	10.45	13.05	14.05	11.92	9.98	5.67
2021.337	49.53	10.44	13.05	14.02	11.91	9.98	5.69
2021.340	49.55	10.43	13.04	13.98	11.95	9.93	5.75
2021.342	49.55	10.43	13.03	13.98	11.95	9.90	5.77
2021.345	49.54	10.46	13.01	13.98	11.95	9.91	5.76
2021.348	49.52	10.49	13.00	13.98	11.95	9.92	5.76
2021.351	49.51	10.52	13.00	13.98	11.94	9.94	5.78
2021.353	49.50	10.53	13.02	13.96	11.93	9.96	5.76
2021.356	49.48	10.55	13.04	13.95	11.91	9.96	5.77
2021.359	49.45	10.57	13.07	13.93	11.91	9.96	5.78
2021.362	49.41	10.60	13.10	13.89	11.93	9.94	5.79
2021.364	49.38	10.62	13.12	13.91	11.91	9.92	5.80
2021.367	49.38	10.61	13.12	13.94	11.89	9.92	5.76
2021.370	49.38	10.59	13.15	13.95	11.87	9.92	5.77
2021.373	49.38	10.58	13.17	13.96	11.85	9.91	5.78
2021.375	49.38	10.57	13.19	13.95	11.84	9.90	5.79
2021.378	49.38	10.55	13.19	13.98	11.83	9.89	5.84
2021.381	49.38	10.54	13.23	13.93	11.84	9.89	5.85
2021.384	49.38	10.53	13.24	13.91	11.85	9.89	5.86
2021.386	49.38	10.52	13.25	13.91	11.87	9.86	5.87
2021.389	49.38	10.51	13.25	13.89	11.91	9.83	5.90
2021.392	49.38	10.49	13.25	13.86	11.95	9.82	5.92
2021.395	49.38	10.48	13.26	13.86	11.96	9.80	5.94
2021.397	49.37	10.47	13.26	13.86	11.96	9.78	5.94
2021.400	49.36	10.47	13.31	13.82	11.97	9.82	5.91
2021.403	49.35	10.45	13.35	13.80	11.97	9.80	5.93
2021.405	49.36	10.46	13.34	13.80	11.96	9.81	5.95
2021.408	49.38	10.43	13.34	13.79	11.95	9.83	5.94
2021.411	49.38	10.44	13.34	13.78	11.94	9.85	5.94
2021.414	49.38	10.44	13.35	13.76	11.95	9.85	5.93
2021.416	49.38	10.44	13.38	13.73	11.95	9.85	5.93
2021.419	49.38	10.45	13.40	13.70	11.97	9.85	5.92
2021.422	49.38	10.45	13.42	13.66	12.00	9.84	5.90
2021.425	49.38	10.43	13.45	13.64	12.01	9.85	5.91
2021.427	49.38	10.41	13.46	13.65	12.00	9.86	5.90
2021.430	49.38	10.39	13.47	13.68	11.99	9.87	5.89
2021.433	49.38	10.37	13.46	13.69	12.00	9.89	5.87
2021.436	49.38	10.35	13.42	13.79	11.96	9.92	5.85
2021.438	49.38	10.34	13.42	13.80	11.96	9.95	5.82
2021.441	49.38	10.31	13.45	13.81	11.94	9.96	5.81
2021.444	49.38	10.27	13.50	13.81	11.92	9.97	5.80
2021.447	49.38	10.24	13.54	13.81	11.91	9.99	5.80
2021.449	49.48	10.14	13.51	13.85	11.91	9.97	5.82
2021.452	49.51	10.12	13.49	13.85	11.91	9.90	5.89
2021.455	49.50	10.09	13.53	13.85	11.91	9.87	5.92
2021.458	49.50	10.04	13.58	13.85	11.91	9.83	5.96
2021.460	49.49	10.01	13.61	13.85	11.91	9.82	5.98
2021.463	49.48	9.99	13.64	13.85	11.89	9.82	5.99
2021.466	49.45	9.99	13.64	13.86	11.89	9.78	6.03
2021.468	49.44	10.00	13.66	13.85	11.92	9.74	6.06
2021.471	49.41	10.03	13.65	13.86	11.93	9.70	6.10
2021.474	49.37	10.05	13.65	13.86	11.93	9.71	6.09
2021.477	49.36	10.05	13.67	13.85	11.94	9.72	6.08
2021.479	49.36	10.05	13.68	13.82	11.96	9.73	6.08
2021.482	49.35	10.04	13.69	13.80	11.95	9.75	6.08
2021.485	49.35	10.05	13.70	13.80	11.95	9.77	6.08
2021.488	49.34	10.05	13.69	13.81	11.95	9.78	6.09
2021.490	49.32	10.06	13.68	13.82	11.95	9.79	6.10
2021.493	49.31	10.07	13.69	13.81	11.95	9.97	5.95
2021.496	49.29	10.10	13.70	13.79	11.95	9.97	5.96
2021.499	49.27	10.12	13.62	13.86	11.95	9.92	6.03
2021.501	49.26	10.14	13.55	13.92	11.95	9.87	6.10
2021.504	49.24	10.17	13.53	13.93	11.94	9.84	6.13
2021.507	49.23	10.18	13.53	13.93	11.91	9.88	6.12
2021.510	49.21	10.18	13.55	13.93	11.94	9.86	6.21
2021.512	49.22	10.22	13.52	13.90	11.94	9.87	6.21
2021.515	49.23	10.21	13.67	13.74	11.97	9.86	6.21
2021.518	49.26	10.18	13.68	13.72	11.99	9.86	6.21
2021.521	49.27	10.17	13.68	13.74	11.98	9.86	6.21
2021.523	49.28	10.16	13.68	13.74	11.98	9.86	6.20
2021.526	49.29	10.13	13.69	13.74	11.99	9.85	6.19
2021.529	49.31	10.12	13.70	13.74	12.00	9.84	6.19
2021.532	49.32	10.10	13.70	13.73	12.01	9.84	6.19
2021.534	49.35	10.07	13.70	13.73	12.03	9.83	6.20
2021.537	49.35	10.06	13.69	13.73	12.05	9.85	6.18
2021.540	49.36	10.05	13.67	13.73	12.06	9.87	6.16
2021.542	49.36	10.04	13.64	13.75	12.07	9.88	6.16
2021.545	49.24	10.16	13.59	13.81	12.07	9.89	6.15
2021.548	49.17	10.22	13.59	13.81	12.07	9.89	6.14
2021.551	49.11	10.28	13.56	13.84	12.09	9.90	6.13
2021.553	49.09	10.29	13.56	13.83	12.09	9.90	6.12
2021.556	49.09	10.29	13.51	13.88	12.11	9.90	6.12
2021.559	49.09	10.28	13.56	13.83	12.12	9.90	6.11
2021.562	49.09	10.28	13.57	13.83	12.12	9.90	6.10
2021.564	49.09	10.27	13.52	13.88	12.14	9.88	6.10
2021.567	49.09	10.27	13.53	13.86	12.17	9.87	6.10
2021.570	49.09	10.26	13.53	13.87	12.18	9.86	6.10
2021.573	49.09	10.24	13.49	13.91	12.20	9.85	6.11
2021.575	49.09	10.23	13.50	13.91	12.21	9.85	6.10
2021.578	49.10	10.21	13.51	13.90	12.22	9.87	6.09
2021.581	49.16	10.14	13.52	13.90	12.22	9.88	6.08
2021.584	49.22	10.06	13.52	13.92	12.24	9.82	6.07
2021.586	49.28	9.98	13.52	13.95	12.24	9.80	6.07
2021.589	49.34	9.80	13.65	13.94	12.24	9.81	6.07
2021.592	49.37	9.70	13.74	13.93	12.23	9.82	6.09
2021.595	49.38	9.61	13.78	13.98	12.22	9.82	6.10
2021.597	49.38	9.62	13.71	14.04	12.22	9.82	6.02
2021.600	49.38	9.62	13.70	14.05	12.21	9.82	6.03
2021.603	49.38	9.63	13.70	14.05	12.21	9.82	6.03
2021.605	49.41	9.61	13.70	14.02	12.23	9.82	6.04
2021.608	49.49	9.53	13.69	14.04	12.21	9.82	6.04
2021.611	49.48	9.55	13.69	14.04	12.20	9.82	6.05
2021.614	49.47	9.53	13.73	14.03	12.19	9.84	6.06
2021.616	49.45	9.43	13.80	14.07	12.19	9.84	6.06
2021.619	49.42	9.45	13.81	14.06	12.20	9.84	6.07
2021.622	49.41	9.41	13.88	14.05	12.21	9.84	6.07
2021.625	49.38	9.39	13.94	14.03	12.20	9.76	6.17
2021.627	49.33	9.37	14.02	14.02	12.19	9.82	6.12
2021.630	49.32	9.39	13.99	14.05	12.18	9.84	6.10
2021.633	49.29	9.46	13.91	14.11	12.17	9.86	6.09
2021.636	49.27	9.51	13.86	14.13	12.16	9.86	6.09
2021.638	49.26	9.50	13.86	14.15	12.17	9.86	6.10
2021.641	49.31	9.43	13.82	14.18	12.18	9.86	6.10
2021.644	49.21	9.59	13.73	14.21	12.19	9.86	6.10
2021.647	49.19	9.67	13.64	14.21	12.22	9.84	6.12
2021.649	49.16	9.71	13.61	14.22	12.24	9.82	6.13
2021.652	49.15	9.73	13.54	14.26	12.29	9.79	6.16
2021.655	49.13	9.75	13.45	14.32	12.31	9.78	6.17
2021.658	49.10	9.79	13.43	14.32	12.32	9.77	6.18
2021.660	49.12	9.77	13.44	14.29	12.33	9.77	6.20
2021.663	49.38	9.52	13.47	14.25	12.31	9.79	6.21
2021.666	49.38	9.52	13.55	14.13	12.32	9.80	6.22
2021.668	49.37	9.49	13.63	14.08	12.30	9.81	6.24
2021.671	49.36	9.54	13.55	14.11	12.33	9.78	6.25
2021.674	49.35	9.54	13.46	14.19	12.38	9.74	6.26
2021.677	49.36	9.52	13.44	14.23	12.36	9.75	6.27
2021.679	49.38	9.50	13.44	14.24	12.34	9.79	6.26
2021.682	49.38	9.49	13.45	14.21	12.37	9.78	6.26
2021.685	49.38	9.48	13.45	14.24	12.39	9.77	6.25
2021.688	49.37	9.47	13.47	14.26	12.36	9.75	6.27
2021.690	49.35	9.49	13.49	14.26	12.35	9.73	6.29
2021.693	49.34	9.50	13.52	14.28	12.32	9.71	6.31
2021.696	49.31	9.52	13.53	14.30	12.29	9.70	6.33
2021.699	49.28	9.55	13.53	14.30	12.28	9.73	6.29
2021.701	49.25	9.61	13.41	14.41	12.28	9.77	6.26
2021.704	49.22	9.62	13.39	14.44	12.29	9.82	6.20
2021.707	49.19	9.65	13.39	14.45	12.29	9.81	6.22
2021.710	49.16	9.70	13.30	14.52	12.29	9.82	6.22
2021.712	49.13	9.77	13.32	14.46	12.28	9.86	6.21
2021.715	49.10	9.84	13.27	14.47	12.26	9.86	6.22
2021.718	49.09	9.88	13.24	14.46	12.27	9.86	6.23
2021.721	49.09	9.90	13.21	14.45	12.29	9.85	6.26
2021.723	49.09	9.92	13.17	14.47	12.27	9.86	6.28
2021.726	49.09	9.93	13.12	14.49	12.25	9.86	6.31
2021.729	49.16	9.86	13.11	14.49	12.28	9.82	6.34
2021.732	49.22	9.75	13.15	14.51	12.28	9.77	6.37
2021.734	49.22	9.71	13.19	14.51	12.30	9.73	6.40
2021.737	49.19	9.78	13.15	14.51	12.32	9.70	6.42
2021.740	49.33	9.64	13.13	14.53	12.30	9.70	6.43
2021.742	49.38	9.58	13.10	14.58	12.30	9.63	6.50
2021.745	49.38	9.56	13.17	14.53	12.29	9.71	6.43
2021.748	49.38	9.54	13.16	14.49	12.35	9.71	6.43
2021.751	49.38	9.60	13.10	14.37	12.47	9.72	6.43
2021.753	49.38	9.58	13.15	14.36	12.45	9.73	6.43
2021.756	49.38	9.57	13.16	14.40	12.40	9.74	6.43
2021.759	49.38	9.56	13.18	14.42	12.34	9.77	6.44
2021.762	49.38	9.55	13.22	14.41	12.33	9.78	6.43
2021.764	49.38	9.53	13.23	14.40	12.33	9.78	6.43
2021.767	49.38	9.51	13.25	14.38	12.35	9.78	6.44
2021.770	49.38	9.50	13.25	14.39	12.36	9.79	6.43
2021.773	49.38	9.49	13.25	14.42	12.34	9.79	6.43
2021.775	49.38	9.56	13.15	14.48	12.31	9.79	6.43
2021.778	49.38	9.56	13.16	14.46	12.31	9.80	6.43
2021.781	49.38	9.52	13.21	14.46	12.29	9.81	6.43
2021.784	49.38	9.44	13.29	14.47	12.28	9.82	6.42
2021.786	49.37	9.43	13.31	14.47	12.27	9.83	6.41
2021.789	49.35	9.44	13.32	14.48	12.26	9.83	6.40
2021.792	49.29	9.43	13.39	14.49	12.26	9.84	6.38
2021.795	49.21	9.49	13.42	14.48	12.26	9.84	6.36
2021.797	49.22	9.56	13.33	14.48	12.25	9.85	6.36
2021.800	49.19	9.59	13.34	14.48	12.25	9.85	6.35
2021.803	49.05	9.72	13.34	14.52	12.21	9.86	6.34
2021.805	49.05	9.72	13.30	14.62	12.16	9.86	6.33
2021.808	49.06	9.71	13.26	14.61	12.21	9.87	6.33
2021.811	49.04	9.72	13.23	14.52	12.32	9.84	6.35
2021.814	49.03	9.73	13.21	14.59	12.28	9.82	6.38
2021.816	48.86	9.89	13.19	14.63	12.26	9.81	6.38
2021.819	48.85	9.90	13.19	14.74	12.16	9.84	6.37
2021.822	48.83	9.91	13.20	14.75	12.16	9.86	6.34
2021.825	48.80	9.92	13.19	14.74	12.21	9.84	6.34
2021.827	48.75	9.97	13.21	14.71	12.23	9.84	6.36
2021.830	48.70	10.02	13.36	14.57	12.22	9.82	6.38
2021.833	48.63	10.09	13.36	14.59	12.19	9.78	6.43
2021.836	48.58	10.14	13.33	14.62	12.21	9.72	6.49
2021.838	48.53	10.20	13.29	14.61	12.24	9.71	6.47
2021.841	48.50	10.25	13.26	14.70	12.16	9.66	6.54
2021.844	48.50	10.25	13.23	14.77	12.12	9.60	6.60
2021.847	48.50	10.26	13.19	14.82	12.09	9.57	6.62
2021.849	48.50	10.26	13.16	14.85	12.09	9.55	6.64
2021.852	48.50	10.25	13.13	14.89	12.09	9.57	6.63
2021.855	48.50	10.23	13.13	14.89	12.10	9.60	6.60
2021.858	48.50	10.21	13.14	14.90	12.09	9.65	6.54
2021.860	48.50	10.25	13.06	14.93	12.10	9.69	6.49
2021.863	48.50	10.31	13.00	14.94	12.10	9.71	6.47
2021.866	48.50	10.31	13.00	14.97	12.07	9.74	6.44
2021.868	48.59	10.21	12.99	14.97	12.08	9.74	6.44
2021.871	48.74	10.07	12.96	14.99	12.11	9.73	6.44
2021.874	48.84	9.97	12.94	15.01	12.13	9.72	6.43
2021.877	48.87	9.95	12.91	15.02	12.16	9.76	6.37
2021.879	48.87	9.95	12.90	14.98	12.21	9.79	6.34
2021.882	48.87	9.96	12.89	14.98	12.20	9.86	6.29
2021.885	48.87	9.96	12.88	15.00	12.19	9.89	6.30
2021.888	48.87	9.97	12.83	15.04	12.23	9.87	6.32
2021.890	48.87	9.97	12.81	15.05	12.24	9.84	6.32
2021.893	48.87	9.99	12.77	15.08	12.25	9.84	6.32
2021.896	48.87	10.03	12.67	15.14	12.26	9.83	6.32
2021.899	48.63	10.17	12.75	15.16	12.26	9.82	6.33
2021.901	48.50	10.25	12.79	15.18	12.25	9.82	6.32
2021.904	48.50	10.34	12.69	15.20	12.21	9.85	6.32
2021.907	48.48	10.32	12.73	15.20	12.20	9.86	6.32
2021.910	48.43	10.38	12.73	15.18	12.19	9.88	6.32
2021.912	48.39	10.38	12.76	15.19	12.22	9.85	6.32
2021.915	48.41	10.34	12.79	15.18	12.22	9.86	6.32
2021.918	48.45	10.30	12.78	15.16	12.24	9.85	6.32
2021.921	48.49	10.29	12.77	15.18	12.22	9.85	6.30
2021.923	48.52	10.26	12.76	15.19	12.25	9.82	6.30
2021.926	48.55	10.24	12.75	15.21	12.24	9.80	6.32
2021.929	48.58	10.22	12.76	15.20	12.23	9.81	6.32
2021.932	48.61	10.20	12.77	15.18	12.23	9.80	6.32
2021.934	48.64	10.18	12.77	15.16	12.25	9.79	6.32
2021.937	48.66	10.18	12.77	15.13	12.27	9.79	6.32
2021.940	48.67	10.17	12.77	15.13	12.24	9.81	6.32
2021.942	48.68	10.17	12.76	15.14	12.24	9.80	6.32
2021.945	48.84	10.00	12.79	15.12	12.26	9.79	6.32
2021.948	48.87	9.95	12.83	15.12	12.25	9.79	6.31
2021.951	48.87	9.93	12.85	15.10	12.27	9.78	6.27
2021.953	48.85	9.91	12.89	15.09	12.28	9.77	6.26
2021.956	48.83	9.83	12.95	15.11	12.30	9.77	6.25
2021.959	48.79	9.94	12.95	15.04	12.32	9.76	6.24
2021.962	48.80	9.88	13.00	15.04	12.33	9.74	6.24
2021.964	48.85	9.79	13.05	15.07	12.30	9.62	6.35
2021.967	48.89	9.73	13.07	15.09	12.25	9.76	6.24
2021.970	48.90	9.67	13.14	15.08	12.25	9.74	6.24
2021.973	48.92	9.66	13.12	15.11	12.29	9.69	6.24
2021.975	48.93	9.66	13.09	15.15	12.27	9.68	6.24
2021.978	48.95	9.68	13.08	15.16	12.26	9.67	6.23
2021.981	48.96	9.68	13.02	15.21	12.27	9.66	6.23
2021.984	48.99	9.69	13.01	15.21	12.23	9.69	6.22
2021.986	49.01	9.69	13.04	15.18	12.20	9.70	6.21
2021.989	49.03	9.67	13.08	15.14	12.22	9.68	6.21
2021.992	49.08	9.67	12.97	15.20	12.24	9.66	6.21
2021.995	49.13	9.64	12.94	15.21	12.29	9.60	6.22
2021.997	49.18	9.59	12.96	15.22	12.28	9.61	6.20
2022.000	49.21	9.52	12.99	15.27	12.23	9.62	6.20
2022.003	49.22	9.51	12.99	15.30	12.18	9.62	6.20
2022.005	49.23	9.51	12.99	15.32	12.15	9.62	6.21
2022.008	49.24	9.49	13.00	15.32	12.15	9.60	6.23
2022.011	49.25	9.45	13.04	15.30	12.16	9.58	6.25
2022.014	49.28	9.36	13.16	15.22	12.16	9.61	6.24
2022.016	49.31	9.28	13.20	15.22	12.16	9.64	6.22
2022.019	49.34	9.17	13.27	15.21	12.16	9.68	6.27
2022.022	49.35	9.14	13.26	15.26	12.13	9.65	6.32
2022.025	49.34	9.13	13.26	15.28	12.10	9.65	6.35
2022.027	49.37	9.10	13.25	15.28	12.09	9.66	6.35
2022.030	49.38	9.11	13.22	15.27	12.10	9.70	6.32
2022.033	49.40	9.10	13.22	15.27	12.10	9.71	6.31
2022.036	49.43	9.07	13.22	15.23	12.08	9.76	6.31
2022.038	49.44	9.06	13.21	15.25	12.05	9.78	6.31
2022.041	49.46	9.17	13.09	15.28	12.03	9.78	6.31
2022.044	49.47	9.18	13.06	15.29	12.04	9.76	6.30
2022.047	49.48	9.20	13.03	15.30	12.09	9.71	6.30
2022.049	49.48	9.22	13.01	15.29	12.10	9.71	6.30
2022.052	49.49	9.21	13.00	15.36	12.04	9.70	6.37
2022.055	49.50	9.21	12.99	15.38	12.04	9.69	6.36
2022.058	49.50	9.21	12.98	15.39	12.05	9.70	6.34
2022.060	49.51	9.11	13.07	15.39	12.08	9.70	6.32
2022.063	49.51	9.06	13.11	15.44	12.04	9.68	6.33
2022.066	49.46	9.14	13.12	15.42	12.05	9.66	6.33
2022.068	49.28	9.34	13.13	15.38	12.06	9.68	6.32
2022.071	49.52	9.10	13.12	15.37	12.12	9.64	6.29
2022.074	49.54	9.09	13.11	15.37	12.09	9.70	6.22
2022.077	49.54	9.09	13.10	15.38	12.11	9.68	6.21
2022.079	49.55	9.10	13.08	15.39	12.11	9.70	6.19
2022.082	49.55	9.10	13.09	15.37	12.10	9.73	6.17
2022.085	49.56	9.10	13.09	15.37	12.09	9.74	6.11
2022.088	49.57	9.10	13.09	15.31	12.07	9.80	6.14
2022.090	49.57	9.10	13.11	15.25	12.10	9.78	6.17
2022.093	49.90	8.78	13.15	15.20	12.12	9.70	6.25
2022.096	49.80	8.82	13.25	15.15	12.13	9.64	6.32
2022.099	49.66	8.91	13.32	15.10	12.16	9.63	6.32
2022.101	49.59	8.97	13.29	15.15	12.13	9.66	6.32
2022.104	49.60	8.96	13.26	15.20	12.10	9.68	6.31
2022.107	49.61	8.94	13.19	15.32	12.11	9.64	6.30
2022.110	49.59	8.92	13.22	15.34	12.05	9.71	6.29
2022.112	49.55	8.94	13.22	15.34	12.05	9.73	6.28
2022.115	49.53	8.96	13.22	15.34	12.05	9.74	6.26
2022.118	49.50	8.94	13.24	15.45	11.98	9.75	6.26
2022.121	49.46	8.98	13.14	15.57	11.95	9.77	6.24
2022.123	49.35	9.11	13.10	15.57	11.96	9.77	6.27
2022.126	49.23	9.22	13.10	15.56	11.94	9.80	6.31
2022.129	49.11	9.32	13.11	15.57	11.94	9.80	6.33
2022.132	49.00	9.37	13.14	15.60	11.92	9.83	6.31
2022.134	49.01	9.36	13.12	15.51	12.02	9.85	6.30
2022.137	49.03	9.34	13.13	15.47	12.03	9.88	6.29
2022.140	49.04	9.33	13.09	15.51	12.02	9.90	6.30
2022.142	49.06	9.37	13.02	15.49	12.04	9.94	6.30
2022.145	49.07	9.35	13.02	15.48	12.03	9.98	6.36
2022.148	49.09	9.32	13.00	15.51	12.02	10.01	6.40
2022.151	49.10	9.31	13.03	15.49	12.01	10.04	6.35
2022.153	49.11	9.29	13.03	15.48	12.01	10.06	6.32
2022.156	49.12	9.29	13.05	15.49	11.97	10.08	6.29
2022.159	49.12	9.29	13.03	15.51	11.98	10.08	6.27
2022.162	49.12	9.29	13.03	15.51	11.95	10.12	6.25
2022.164	49.12	9.29	13.04	15.50	11.92	10.12	6.26
2022.167	49.12	9.30	13.04	15.46	11.97	10.12	6.27
2022.170	49.12	9.35	12.99	15.46	11.96	10.13	6.29
2022.173	49.12	9.34	12.97	15.44	12.00	10.12	6.35
2022.175	49.12	9.34	12.97	15.43	12.02	10.13	6.35
2022.178	49.12	9.33	12.96	15.45	12.07	10.08	6.34
2022.181	49.11	9.33	12.95	15.48	12.07	10.08	6.31
2022.184	49.10	9.33	12.96	15.48	12.08	10.08	6.29
2022.186	49.09	9.31	13.01	15.47	12.08	10.12	6.24
2022.189	49.07	9.33	13.02	15.48	12.06	10.15	6.21
2022.192	49.06	9.33	12.97	15.53	12.06	10.18	6.17
2022.195	49.06	9.34	12.97	15.51	12.08	10.19	6.13
2022.197	49.05	9.34	12.97	15.52	12.09	10.18	6.12
2022.200	49.04	9.40	12.92	15.51	12.10	10.17	6.13
2022.203	49.03	9.42	12.92	15.51	12.10	10.17	6.14
2022.205	49.01	9.44	12.82	15.60	12.07	10.18	6.15
2022.208	48.90	9.55	12.82	15.62	12.05	10.18	6.15
2022.211	48.86	9.60	12.84	15.59	12.07	10.14	6.15
2022.214	48.84	9.62	12.87	15.58	12.07	10.14	6.16
2022.216	48.83	9.65	12.89	15.55	12.06	10.13	6.16
2022.219	48.79	9.67	12.90	15.55	12.10	10.09	6.16
2022.222	48.79	9.67	12.81	15.61	12.11	10.09	6.16
2022.225	48.80	9.62	12.79	15.70	12.06	10.11	6.18
2022.227	48.81	9.60	12.77	15.73	12.06	10.12	6.19
2022.230	48.82	9.48	12.93	15.68	12.06	10.13	6.19
2022.233	48.83	9.46	12.93	15.71	12.02	10.16	6.18
2022.236	48.86	9.40	12.96	15.74	11.94	10.22	6.16
2022.238	48.84	9.39	12.97	15.77	11.95	10.21	6.14
2022.241	48.83	9.38	13.00	15.79	11.93	10.22	6.12
2022.244	48.84	9.35	13.02	15.77	11.94	10.25	6.11
2022.247	48.84	9.32	13.14	15.67	11.92	10.29	6.10
2022.249	48.84	9.28	13.18	15.67	11.91	10.31	6.09
2022.252	48.84	9.22	13.26	15.62	11.94	10.33	6.05
2022.255	48.84	9.22	13.27	15.57	11.97	10.35	6.04
2022.258	48.74	9.30	13.30	15.59	11.94	10.43	5.96
2022.260	48.73	9.29	13.20	15.72	11.96	10.45	5.93
2022.263	48.80	9.18	13.26	15.67	12.01	10.43	5.93
2022.266	48.77	9.16	13.26	15.70	11.99	10.46	5.93
2022.268	48.72	9.16	13.32	15.69	11.99	10.36	6.03
2022.271	48.70	9.13	13.34	15.71	12.00	10.35	6.04
2022.274	48.68	9.13	13.32	15.77	11.98	10.36	6.04
2022.277	48.66	9.14	13.31	15.78	11.97	10.37	6.02
2022.279	48.81	8.96	13.34	15.78	11.97	10.50	5.90
2022.282	48.84	8.93	13.34	15.77	11.99	10.53	5.84
2022.285	48.84	8.99	13.27	15.78	11.98	10.55	5.82
2022.288	48.85	9.00	13.30	15.78	11.94	10.56	5.79
2022.290	48.86	8.99	13.29	15.78	11.95	10.56	5.79
2022.293	48.86	9.01	13.24	15.81	11.94	10.55	5.79
2022.296	48.87	8.99	13.25	15.86	11.91	10.54	5.79
2022.299	48.87	9.00	13.25	15.86	11.88	10.49	5.84
2022.301	48.87	8.99	13.24	15.92	11.84	10.49	5.83
2022.304	48.94	8.91	13.23	15.96	11.83	10.50	5.83
2022.307	49.03	8.83	13.13	16.05	11.82	10.59	5.77
2022.310	49.04	8.80	13.24	15.94	11.85	10.59	5.78
2022.312	49.01	8.82	13.27	15.91	11.86	10.59	5.80
2022.315	48.87	8.98	13.25	15.89	11.89	10.59	5.80
2022.318	48.87	9.01	13.21	15.88	11.91	10.57	5.82
2022.321	48.87	9.03	13.18	15.89	11.91	10.56	5.83
2022.323	48.87	9.04	13.03	16.01	11.93	10.54	5.85
2022.326	49.16	8.73	13.05	15.98	11.97	10.54	5.85
2022.329	49.16	8.74	13.03	16.00	11.99	10.51	5.85
2022.332	49.12	8.79	13.01	15.99	12.01	10.53	5.81
2022.334	49.09	8.84	12.99	16.03	11.99	10.56	5.86
2022.337	49.09	8.86	12.97	16.03	12.01	10.58	5.82
2022.340	49.11	8.85	12.95	16.05	11.97	10.62	5.80
2022.342	49.08	8.90	12.93	16.05	11.97	10.64	5.79
2022.345	49.05	8.94	12.91	16.02	12.00	10.67	5.78
2022.348	49.02	8.97	12.91	16.00	12.00	10.65	5.81
2022.351	48.97	8.99	12.94	16.01	11.99	10.67	5.80
2022.353	49.02	8.91	12.95	16.00	12.01	10.69	5.77
2022.356	49.12	8.86	12.89	16.01	12.01	10.76	5.64
2022.359	49.12	8.84	12.88	16.03	12.01	10.77	5.63
2022.362	49.12	8.82	12.88	16.05	12.01	10.77	5.69
2022.364	49.12	8.80	12.87	16.08	12.01	10.76	5.72
2022.367	49.13	8.79	12.85	16.15	11.96	10.78	5.70
2022.370	49.15	8.79	12.81	16.19	11.96	10.79	5.67
2022.373	49.16	8.72	12.84	16.22	12.02	10.75	5.65
2022.375	49.17	8.68	12.85	16.23	12.04	10.77	5.63
2022.378	49.18	8.65	12.88	16.24	12.03	10.79	5.60
2022.381	49.19	8.61	12.89	16.21	12.07	10.80	5.57
2022.384	49.20	8.49	13.01	16.20	12.08	10.84	5.55
2022.386	49.21	8.56	12.92	16.17	12.09	10.86	5.53
2022.389	49.22	8.60	12.88	16.17	12.10	10.86	5.53
2022.392	49.24	8.60	12.94	16.09	12.11	10.87	5.52
2022.395	49.25	8.59	12.94	16.09	12.10	10.94	5.45
2022.397	49.26	8.56	12.96	16.12	12.08	10.95	5.44
2022.400	49.27	8.51	13.11	16.03	12.03	10.99	5.42
2022.403	49.28	8.50	13.14	15.99	12.03	11.00	5.53
2022.405	49.29	8.48	13.14	15.99	12.04	11.02	5.47
2022.408	49.30	8.51	12.99	16.10	12.06	11.04	5.37
2022.411	49.36	8.45	13.00	16.09	12.09	11.03	5.34
2022.414	49.45	8.34	13.03	16.07	12.15	10.98	5.35
2022.416	49.49	8.29	13.04	16.07	12.16	10.97	5.28
2022.419	49.48	8.29	13.10	16.00	12.16	10.98	5.27
2022.422	49.47	8.28	13.08	16.04	12.14	11.01	5.25
2022.425	49.45	8.27	13.10	16.05	12.18	10.99	5.25
2022.427	49.41	8.28	13.13	16.03	12.20	10.98	5.25
2022.430	49.37	8.32	13.19	15.99	12.19	10.98	5.25
2022.433	49.36	8.36	13.18	15.95	12.22	10.96	5.26
2022.436	49.34	8.36	13.20	15.94	12.23	10.92	5.30
2022.438	49.31	8.38	13.21	15.93	12.24	10.90	5.31
2022.441	49.30	8.38	13.23	15.90	12.20	10.96	5.33
2022.444	49.28	8.39	13.27	15.82	12.33	10.86	5.35
2022.447	49.11	8.53	13.33	15.77	12.36	10.84	5.42
2022.449	49.09	8.48	13.42	15.76	12.37	10.82	5.43
2022.452	49.08	8.50	13.42	15.74	12.39	10.79	5.45
2022.455	49.08	8.44	13.53	15.70	12.42	10.75	5.47
2022.458	49.07	8.37	13.62	15.70	12.43	10.70	5.48
2022.460	49.05	8.39	13.59	15.74	12.43	10.69	5.48
2022.463	49.09	8.37	13.59	15.72	12.43	10.70	5.48
2022.466	49.11	8.39	13.57	15.71	12.44	10.70	5.47
2022.468	49.13	8.37	13.56	15.70	12.46	10.68	5.47
2022.471	49.16	8.34	13.58	15.70	12.51	10.63	5.46
2022.474	49.17	8.31	13.61	15.69	12.49	10.61	5.50
2022.477	49.20	8.29	13.62	15.65	12.50	10.61	5.53
2022.479	49.21	8.26	13.64	15.65	12.48	10.62	5.53
2022.482	49.25	8.23	13.65	15.70	12.45	10.61	5.53
2022.485	49.29	8.13	13.81	15.60	12.51	10.55	5.56
2022.488	49.33	8.09	13.88	15.54	12.55	10.52	5.57
2022.490	49.36	8.04	13.91	15.55	12.44	10.59	5.59
2022.493	49.40	8.00	13.93	15.54	12.44	10.59	5.59
2022.496	49.44	7.95	13.95	15.53	12.45	10.58	5.60
2022.499	49.48	7.90	13.97	15.53	12.45	10.57	5.60
2022.501	49.49	7.87	13.98	15.53	12.46	10.56	5.60
2022.504	49.53	7.83	14.01	15.50	12.44	10.57	5.61
2022.507	49.60	7.76	14.02	15.50	12.43	10.57	5.62
2022.510	49.68	7.71	14.00	15.48	12.43	10.57	5.64
2022.512	49.65	7.76	14.02	15.44	12.43	10.56	5.66
2022.515	49.55	7.84	14.03	15.45	12.42	10.50	5.72
2022.518	49.58	7.79	14.02	15.49	12.42	10.50	5.71
2022.521	49.56	7.81	14.01	15.51	12.37	10.58	5.67
2022.523	49.51	7.82	14.04	15.56	12.30	10.60	5.68
2022.526	49.51	7.86	13.99	15.58	12.27	10.61	5.69
2022.529	49.58	7.80	13.97	15.60	12.35	10.54	5.70
2022.532	49.58	7.80	13.92	15.68	12.34	10.60	5.63
2022.534	49.83	7.57	13.90	15.69	12.35	10.56	5.64
2022.537	49.93	7.51	13.85	15.69	12.42	10.48	5.68
2022.540	49.99	7.45	13.85	15.70	12.36	10.47	5.74
2022.542	49.93	7.51	13.80	15.81	12.25	10.51	5.76
2022.545	49.99	7.44	13.83	15.79	12.21	10.54	5.77
2022.548	50.08	7.35	13.89	15.68	12.25	10.55	5.77
2022.551	50.12	7.31	13.93	15.63	12.26	10.56	5.77
2022.553	50.14	7.27	13.99	15.52	12.33	10.55	5.80
2022.556	50.17	7.22	14.06	15.48	12.34	10.49	5.87
2022.559	50.20	7.19	14.08	15.50	12.33	10.43	5.94
2022.562	50.22	7.20	14.05	15.50	12.33	10.38	6.02
2022.564	50.26	7.16	14.07	15.48	12.34	10.31	6.10
2022.567	50.30	7.12	14.06	15.50	12.37	10.28	6.11
2022.570	50.33	7.08	14.05	15.56	12.34	10.25	6.14
2022.573	50.37	7.02	14.09	15.58	12.32	10.23	6.14
2022.575	50.45	6.93	14.08	15.61	12.33	10.21	6.16
2022.578	50.49	6.94	14.02	15.52	12.47	10.17	6.18
2022.581	50.37	6.98	14.02	15.60	12.50	10.12	6.21
2022.584	50.26	7.07	14.01	15.61	12.54	10.11	6.22
2022.586	50.26	7.14	13.91	15.67	12.51	10.12	6.22
2022.589	50.26	7.14	13.96	15.63	12.52	10.10	6.21
2022.592	50.27	7.13	13.93	15.69	12.50	10.11	6.20
2022.595	50.28	7.13	13.96	15.68	12.50	10.10	6.18
2022.597	50.41	7.00	13.96	15.71	12.47	10.11	6.17
2022.600	50.38	7.03	13.98	15.72	12.44	10.12	6.17
2022.603	50.34	7.10	13.94	15.73	12.42	10.15	6.15
2022.605	50.27	7.15	14.00	15.73	12.41	10.14	6.15
2022.608	50.25	7.20	13.99	15.72	12.38	10.16	6.13
2022.611	50.23	7.17	14.06	15.71	12.39	10.15	6.12
2022.614	50.22	7.18	14.04	15.73	12.40	10.16	6.11
2022.616	50.20	7.18	14.04	15.70	12.45	10.16	6.10
2022.619	50.17	7.28	13.98	15.67	12.48	10.24	6.01
2022.622	49.92	7.54	14.00	15.62	12.51	10.28	5.96
2022.625	49.94	7.53	13.90	15.84	12.41	10.26	5.99
2022.627	49.95	7.52	13.84	15.85	12.46	10.23	6.14
2022.630	49.97	7.53	13.75	15.88	12.52	10.22	6.25
2022.633	49.94	7.57	13.74	15.85	12.54	10.23	6.26
2022.636	49.91	7.61	13.75	15.81	12.54	10.26	6.27
2022.638	49.97	7.56	13.72	15.81	12.52	10.31	6.26
2022.641	49.96	7.57	13.68	15.88	12.50	10.34	6.25
2022.644	49.95	7.59	13.69	15.90	12.49	10.35	6.23
2022.647	49.93	7.60	13.72	15.91	12.46	10.38	6.21
2022.649	49.89	7.69	13.68	15.95	12.42	10.39	6.22
2022.652	49.85	7.74	13.68	15.95	12.43	10.38	5.90
2022.655	49.80	7.85	13.64	15.88	12.50	10.38	5.92
2022.658	49.73	7.93	13.67	15.88	12.48	10.26	6.04
2022.660	49.77	7.89	13.68	15.87	12.54	10.21	6.02
2022.663	49.86	7.80	13.69	15.86	12.53	10.22	6.03
2022.666	49.83	7.82	13.71	15.78	12.55	10.27	6.08
2022.668	49.80	7.82	13.74	15.78	12.57	10.26	6.11
2022.671	49.78	7.83	13.79	15.67	12.62	10.29	6.12
2022.674	49.75	7.84	13.86	15.63	12.58	10.31	6.14
2022.677	49.73	7.86	13.86	15.64	12.52	10.39	6.16
2022.679	49.70	7.89	13.86	15.66	12.53	10.37	6.18
2022.682	49.67	7.89	13.90	15.65	12.54	10.36	6.19
2022.685	49.71	7.75	14.01	15.63	12.58	10.33	6.21
2022.688	49.73	7.83	13.92	15.61	12.61	10.32	6.24
2022.690	49.77	7.84	13.89	15.61	12.58	10.34	6.26
2022.693	49.80	7.76	13.90	15.59	12.71	10.11	6.45
2022.696	49.84	7.71	13.88	15.54	12.82	10.06	6.48
2022.699	49.87	7.74	13.82	15.54	12.84	10.05	6.50
2022.701	49.90	7.71	13.85	15.51	12.84	10.04	6.52
2022.704	49.87	7.74	13.86	15.50	12.84	10.04	6.55
2022.707	49.85	7.77	13.86	15.49	12.85	10.02	6.60
2022.710	49.82	7.80	13.87	15.49	12.85	10.00	6.65
2022.712	49.78	7.74	14.05	15.38	12.86	10.00	6.68
2022.715	49.76	7.78	14.05	15.39	12.82	10.01	6.65
2022.718	49.57	7.97	14.03	15.36	12.81	10.07	6.49
2022.721	49.57	7.99	13.99	15.39	12.82	10.08	6.48
2022.723	49.57	8.01	13.92	15.47	12.81	10.08	6.49
2022.726	49.56	8.05	13.90	15.45	12.82	10.08	6.47
2022.729	49.55	8.07	13.91	15.37	12.87	10.13	6.46
2022.732	49.55	8.07	13.89	15.35	12.92	10.13	6.43
2022.734	49.54	8.09	13.87	15.37	12.96	10.12	6.41
2022.737	49.52	8.11	13.91	15.33	12.95	10.16	6.37
2022.740	49.51	8.12	13.94	15.28	12.99	10.15	6.36
2022.742	49.51	8.12	13.95	15.31	12.98	10.15	6.34
2022.745	49.48	8.15	13.96	15.29	13.02	10.15	6.32
2022.748	49.47	8.17	13.95	15.33	13.03	10.14	6.29
2022.751	49.45	8.19	13.92	15.37	13.02	10.20	6.25
2022.753	49.45	8.19	13.88	15.41	13.00	10.25	6.23
2022.756	49.53	8.10	13.85	15.42	13.01	10.22	6.28
2022.759	49.51	8.13	13.85	15.43	13.01	10.15	6.36
2022.762	49.51	8.13	13.94	15.34	13.05	10.11	6.36
2022.764	49.49	8.16	13.94	15.33	13.05	10.19	6.26
2022.767	49.48	8.16	13.99	15.28	13.05	10.24	6.19
2022.770	49.48	8.20	13.96	15.30	12.96	10.32	6.15
2022.773	49.47	8.24	13.90	15.31	12.96	10.34	6.14
2022.775	49.46	8.31	13.86	15.32	12.84	10.38	6.15
2022.778	49.45	8.26	13.95	15.31	12.83	10.41	6.10
2022.781	49.44	8.26	13.95	15.29	12.86	10.41	6.07
2022.784	49.43	8.27	13.95	15.30	12.80	10.44	6.09
2022.786	49.41	8.31	13.91	15.32	12.78	10.48	6.03
2022.789	49.41	8.30	13.92	15.33	12.78	10.49	6.00
2022.792	49.39	8.30	13.92	15.30	12.84	10.51	5.96
2022.795	49.38	8.31	13.94	15.30	12.86	10.51	5.93
2022.797	49.37	8.29	13.94	15.35	12.83	10.54	5.90
2022.800	49.36	8.30	13.92	15.39	12.79	10.58	5.88
2022.803	49.35	8.31	13.97	15.35	12.77	10.59	5.89
2022.805	49.34	8.31	13.97	15.36	12.77	10.60	5.87
2022.808	49.32	8.33	13.97	15.39	12.73	10.62	5.86
2022.811	49.31	8.34	14.00	15.37	12.76	10.59	5.84
2022.814	49.29	8.36	14.05	15.35	12.78	10.59	5.80
2022.816	49.27	8.40	14.05	15.36	12.80	10.56	5.76
2022.819	49.25	8.42	14.09	15.33	12.80	10.58	5.72
2022.822	49.24	8.43	14.10	15.34	12.78	10.73	5.59
2022.825	49.22	8.45	14.04	15.40	12.79	10.72	5.58
2022.827	49.20	8.47	14.02	15.45	12.78	10.70	5.56
2022.830	49.19	8.49	14.02	15.44	12.80	10.66	5.53
2022.833	49.17	8.50	14.05	15.40	12.84	10.60	5.46
2022.836	49.16	8.57	14.04	15.35	12.87	10.60	5.39
2022.838	49.14	8.56	14.13	15.28	12.87	10.62	5.29
2022.841	49.13	8.60	14.12	15.25	12.88	10.63	5.24
2022.844	49.11	8.63	14.08	15.30	12.88	10.61	5.26
2022.847	49.09	8.64	14.04	15.33	12.89	10.54	5.32
2022.849	49.08	8.63	14.08	15.32	12.90	10.53	5.32
2022.852	49.06	8.60	14.08	15.39	12.88	10.52	5.33
2022.855	49.06	8.59	14.08	15.39	12.90	10.51	5.37
2022.858	49.07	8.57	14.09	15.43	12.87	10.50	5.51
2022.860	49.03	8.59	14.12	15.47	12.83	10.49	5.64
2022.863	49.01	8.60	14.06	15.54	12.84	10.48	5.71
2022.866	48.99	8.64	14.01	15.58	12.88	10.50	5.66
2022.868	48.96	8.70	13.97	15.59	12.94	10.41	5.52
2022.871	48.94	8.78	13.93	15.55	13.03	10.31	5.46
2022.874	48.91	8.82	13.90	15.51	12.94	10.46	5.48
2022.877	48.89	8.86	13.92	15.53	12.76	10.60	5.50
2022.879	48.87	8.90	13.87	15.55	12.77	10.62	5.52
2022.882	48.85	8.88	13.94	15.53	12.77	10.61	5.63
2022.885	48.81	8.86	14.04	15.47	12.90	10.52	5.70
2022.888	48.79	8.85	14.07	15.49	12.88	10.55	5.69
2022.890	48.77	8.84	14.08	15.56	12.81	10.66	5.60
2022.893	48.74	8.84	14.10	15.58	12.83	10.69	5.55
2022.896	48.86	8.69	14.13	15.55	12.82	10.75	5.55
2022.899	48.80	8.73	14.10	15.60	12.83	10.75	5.53
2022.901	48.74	8.79	14.12	15.53	12.96	10.64	5.57
2022.904	48.65	8.88	14.16	15.41	13.11	10.53	5.63
2022.907	48.62	8.92	14.21	15.32	13.19	10.46	5.68
2022.910	48.60	9.11	14.11	15.22	13.23	10.42	5.70
2022.912	48.69	9.03	14.13	15.21	13.21	10.44	5.65
2022.915	48.69	9.03	14.14	15.21	13.20	10.43	5.65
2022.918	48.67	9.05	14.15	15.20	13.22	10.38	5.63
2022.921	48.64	9.08	14.16	15.22	13.21	10.35	5.61
2022.923	48.63	9.12	14.14	15.24	13.22	10.26	5.66
2022.926	48.60	9.16	14.13	15.24	13.24	10.20	5.70
2022.929	48.58	9.18	14.10	15.36	13.20	10.14	5.72
2022.932	48.55	9.22	14.08	15.38	13.26	10.07	5.74
2022.934	48.53	9.24	14.06	15.45	13.23	10.06	5.74
2022.937	48.51	9.25	14.06	15.45	13.22	10.08	5.75
2022.940	48.49	9.27	13.98	15.51	13.23	10.09	5.76
2022.942	48.47	9.27	13.96	15.52	13.25	10.09	5.77
2022.945	48.45	9.28	13.94	15.50	13.29	10.09	5.79
2022.948	48.42	9.20	14.06	15.49	13.26	10.11	5.80
2022.951	48.40	9.23	14.05	15.53	13.20	10.18	5.76
2022.953	48.37	9.26	14.05	15.52	13.13	10.24	5.79
2022.956	48.36	9.29	14.04	15.44	13.20	10.20	5.84
2022.959	48.33	9.26	14.11	15.40	13.26	10.16	5.83
2022.962	48.32	9.34	14.10	15.33	13.31	10.13	5.83
2022.964	48.29	9.36	14.12	15.34	13.30	10.09	5.83
2022.967	48.27	9.39	14.06	15.40	13.31	10.08	5.83
2022.970	48.25	9.42	14.04	15.39	13.35	10.05	5.83
2022.973	48.21	9.46	14.05	15.36	13.39	10.02	5.84
2022.975	48.18	9.50	14.03	15.40	13.39	10.00	5.86
2022.978	48.15	9.54	13.99	15.41	13.41	10.03	5.85
2022.981	48.12	9.48	14.07	15.43	13.43	10.02	5.86
2022.984	48.11	9.46	14.13	15.41	13.40	10.05	5.88
2022.986	48.13	9.45	14.10	15.42	13.43	10.04	5.88
2022.989	48.13	9.40	14.15	15.44	13.44	10.03	5.89
2022.992	48.12	9.39	14.09	15.53	13.44	10.02	5.91
2022.995	48.11	9.41	14.09	15.50	13.46	10.02	5.93
2022.997	48.10	9.43	14.16	15.38	13.51	10.03	5.96
2023.000	48.09	9.44	14.07	15.46	13.52	10.06	5.99
2023.003	48.08	9.46	14.07	15.50	13.47	10.09	5.98
2023.005	48.07	9.47	14.06	15.56	13.42	10.12	5.97
2023.008	48.06	9.49	14.07	15.63	13.35	10.14	5.95
2023.011	48.03	9.52	14.14	15.53	13.38	10.15	5.95
2023.014	48.13	9.43	14.14	15.50	13.46	10.13	5.97
2023.016	48.10	9.47	14.21	15.36	13.51	10.17	5.98
2023.019	48.07	9.51	14.28	15.31	13.50	10.15	6.03
2023.022	48.04	9.55	14.38	15.16	13.55	10.12	6.10
2023.025	48.00	9.53	14.32	15.26	13.49	10.18	6.17
2023.027	48.00	9.46	14.39	15.24	13.51	10.29	6.14
2023.030	48.02	9.58	14.22	15.28	13.50	10.34	6.11
2023.033	48.09	9.52	14.25	15.26	13.49	10.35	6.13
2023.036	48.11	9.51	14.30	15.20	13.49	10.36	6.15
2023.038	48.03	9.59	14.33	15.19	13.46	10.37	6.17
2023.041	48.07	9.56	14.32	15.24	13.42	10.37	6.16
2023.044	48.09	9.54	14.31	15.31	13.37	10.37	6.16
2023.047	48.12	9.52	14.31	15.29	13.39	10.27	6.22
2023.049	48.14	9.50	14.30	15.21	13.46	10.23	6.29
2023.052	48.16	9.50	14.29	15.20	13.49	10.22	6.27
2023.055	48.18	9.49	14.28	15.19	13.50	10.21	6.24
2023.058	48.18	9.46	14.31	15.23	13.48	10.21	6.23
2023.060	48.15	9.52	14.31	15.22	13.45	10.34	6.11
2023.063	48.16	9.51	14.28	15.28	13.41	10.35	6.06
2023.066	47.99	9.73	14.23	15.31	13.37	10.27	6.10
2023.068	47.89	9.84	14.15	15.39	13.35	10.28	6.06
2023.071	47.90	9.81	14.06	15.52	13.37	10.26	5.95
2023.074	47.91	9.80	14.06	15.53	13.36	10.27	5.91
2023.077	47.92	9.84	14.02	15.51	13.35	10.28	5.86
2023.079	47.93	9.87	14.04	15.47	13.34	10.29	5.81
2023.082	47.94	9.88	14.03	15.46	13.34	10.30	5.80
2023.085	47.95	9.87	14.07	15.43	13.34	10.31	5.76
2023.088	47.96	9.85	14.09	15.43	13.29	10.35	5.73
2023.090	47.97	9.83	14.11	15.45	13.27	10.35	5.77
2023.093	47.99	9.80	14.13	15.50	13.22	10.37	5.79
2023.096	48.11	9.66	14.16	15.52	13.15	10.40	5.80
2023.099	48.26	9.42	14.24	15.54	13.11	10.41	5.82
2023.101	48.48	9.22	14.28	15.48	13.11	10.41	5.84
2023.104	48.50	9.24	14.24	15.51	13.07	10.40	5.87
2023.107	48.52	9.22	14.24	15.50	13.10	10.37	5.89
2023.110	48.53	9.21	14.24	15.52	13.16	10.29	5.90
2023.112	48.54	9.20	14.20	15.51	13.19	10.30	5.92
2023.115	48.50	9.24	14.20	15.49	13.16	10.34	5.93
2023.118	48.45	9.28	14.18	15.50	13.19	10.33	5.95
2023.121	48.41	9.29	14.23	15.49	13.18	10.33	5.97
2023.123	48.39	9.28	14.27	15.49	13.08	10.40	5.99
2023.126	48.39	9.29	14.23	15.58	12.99	10.33	6.03
2023.129	48.38	9.32	14.20	15.57	13.01	10.33	5.98
2023.132	48.36	9.30	14.32	15.46	13.00	10.35	6.03
2023.134	48.35	9.29	14.33	15.46	12.98	10.38	6.00
2023.137	48.33	9.31	14.33	15.43	12.99	10.39	5.98
2023.140	48.30	9.34	14.33	15.37	13.05	10.39	5.90
2023.142	48.29	9.34	14.33	15.37	13.06	10.38	5.87
2023.145	48.36	9.27	14.34	15.42	13.05	10.34	5.84
2023.148	48.39	9.31	14.27	15.45	12.93	10.41	5.83
2023.151	48.33	9.41	14.24	15.38	12.98	10.41	5.80
2023.153	48.18	9.54	14.28	15.29	13.04	10.44	5.76
2023.156	48.08	9.63	14.24	15.31	13.02	10.49	5.76
2023.159	48.14	9.65	14.11	15.37	13.04	10.48	5.75
2023.162	48.14	9.56	14.16	15.45	12.99	10.49	5.74
2023.164	48.10	9.56	14.19	15.49	12.96	10.50	5.74
2023.167	48.05	9.59	14.23	15.48	12.92	10.53	5.74
2023.170	48.01	9.62	14.28	15.43	12.92	10.55	5.74
2023.173	47.96	9.66	14.28	15.41	12.90	10.62	5.74
2023.175	47.90	9.71	14.29	15.45	12.83	10.67	5.74
2023.178	47.85	9.76	14.27	15.54	12.69	10.75	5.74
2023.181	47.80	9.79	14.27	15.58	12.68	10.73	5.76
2023.184	47.77	9.81	14.26	15.56	12.69	10.71	5.80
2023.186	47.73	9.76	14.35	15.61	12.65	10.67	5.85
2023.189	47.70	9.77	14.36	15.60	12.61	10.70	5.88
2023.192	47.65	9.80	14.34	15.65	12.61	10.69	5.89
2023.195	47.62	9.82	14.32	15.65	12.62	10.70	5.90
2023.197	47.57	9.85	14.33	15.73	12.54	10.71	5.90
2023.200	47.55	9.85	14.35	15.81	12.47	10.70	5.91
2023.203	47.52	9.88	14.33	15.82	12.48	10.70	5.92
2023.205	47.48	9.90	14.35	15.80	12.50	10.69	5.93
2023.208	47.45	9.92	14.37	15.78	12.53	10.67	5.94
2023.211	47.40	9.95	14.44	15.68	12.65	10.57	5.91
2023.214	47.37	9.96	14.53	15.62	12.70	10.51	5.85
2023.216	47.33	10.00	14.49	15.68	12.65	10.51	5.82
2023.219	47.30	10.05	14.49	15.66	12.58	10.58	5.74
2023.222	47.27	10.05	14.56	15.63	12.56	10.60	5.70
2023.225	47.22	10.10	14.55	15.65	12.53	10.59	5.67
2023.227	47.19	10.17	14.50	15.74	12.47	10.56	5.68
2023.230	47.18	10.18	14.52	15.73	12.48	10.55	5.67
2023.233	47.17	10.17	14.55	15.72	12.48	10.56	5.64
2023.236	47.26	10.04	14.58	15.72	12.50	10.57	5.62
2023.238	47.34	9.93	14.62	15.70	12.52	10.57	5.62
2023.241	47.43	9.81	14.64	15.71	12.54	10.58	5.60
2023.244	47.50	9.74	14.65	15.67	12.58	10.57	5.57
2023.247	47.54	9.70	14.64	15.63	12.75	10.47	5.45
2023.249	47.54	9.65	14.68	15.63	12.80	10.39	5.47
2023.252	47.56	9.63	14.68	15.67	12.80	10.32	5.51
2023.255	47.56	9.64	14.68	15.66	12.81	10.26	5.53
2023.258	47.56	9.63	14.70	15.67	12.81	10.20	5.59
2023.260	47.61	9.65	14.63	15.69	12.82	10.16	5.62
2023.263	47.71	9.56	14.60	15.74	12.82	10.13	5.62
2023.266	47.75	9.52	14.57	15.79	12.82	10.10	5.63
2023.268	47.78	9.50	14.55	15.79	12.85	10.08	5.64
2023.271	47.76	9.53	14.52	15.83	12.91	10.02	5.65
2023.274	47.78	9.52	14.56	15.80	12.91	10.00	5.65
2023.277	47.76	9.56	14.54	15.82	12.87	10.00	5.67
2023.279	47.48	9.83	14.55	15.81	12.85	10.00	5.70
2023.282	47.34	9.97	14.54	15.85	12.82	10.01	5.70
2023.285	47.26	10.05	14.54	15.93	12.74	9.99	5.72
2023.288	47.29	10.02	14.54	15.97	12.70	9.93	5.77
2023.290	47.27	10.04	14.54	15.98	12.67	9.94	5.79
2023.293	47.25	10.04	14.54	15.99	12.63	10.02	5.77
2023.296	47.24	10.01	14.56	15.97	12.63	10.05	5.76
2023.299	47.22	10.04	14.55	15.92	12.63	10.12	5.75
2023.301	47.20	10.04	14.56	15.91	12.59	10.19	5.74
2023.304	47.17	10.05	14.59	15.87	12.59	10.24	5.73
2023.307	47.14	10.13	14.54	15.83	12.61	10.29	5.72
2023.310	47.11	10.24	14.45	15.80	12.70	10.23	5.71
2023.312	47.08	10.28	14.41	15.87	12.62	10.29	5.71
2023.315	47.05	10.32	14.43	15.80	12.67	10.27	5.73
2023.318	47.02	10.35	14.43	15.80	12.68	10.27	5.72
2023.321	46.93	10.44	14.38	15.87	12.67	10.25	5.75
2023.323	46.91	10.46	14.34	15.92	12.68	10.23	5.78
2023.326	47.01	10.37	14.35	15.93	12.69	10.19	5.89
2023.329	47.04	10.34	14.30	15.88	12.81	10.17	5.99
2023.332	47.04	10.35	14.24	15.90	12.88	10.14	6.07
2023.334	47.02	10.38	14.22	15.92	12.88	10.11	6.08
2023.337	47.00	10.43	14.19	15.92	12.91	10.08	6.21
2023.340	46.93	10.52	14.15	15.93	12.95	10.05	6.22
2023.342	46.89	10.58	14.09	15.93	13.02	10.08	6.16
2023.345	46.86	10.63	13.97	16.02	13.05	10.12	6.12
2023.348	46.79	10.70	13.95	16.00	13.08	10.16	6.06
2023.351	46.75	10.65	14.04	16.05	13.07	10.15	6.07
2023.353	46.72	10.69	14.03	16.07	13.07	10.12	6.08
2023.356	46.65	10.78	14.00	16.06	13.08	10.11	6.10
2023.359	46.62	10.83	14.00	15.98	13.13	10.12	6.09
2023.362	46.58	10.89	13.99	16.00	13.09	10.11	6.09
2023.364	46.54	10.95	14.02	15.96	13.10	10.10	6.08
2023.367	46.53	10.97	14.07	15.91	13.07	10.10	6.07
2023.370	46.53	10.97	14.08	15.88	13.11	10.07	6.07
2023.373	46.53	10.99	14.07	15.85	13.17	10.01	6.07
2023.375	46.52	11.03	14.03	15.85	13.26	9.92	6.10
2023.378	46.52	10.98	14.00	15.92	13.26	9.92	6.16
2023.381	46.50	11.00	14.01	15.89	13.35	9.82	6.12
2023.384	46.48	11.01	13.99	15.92	13.37	9.80	6.11
2023.386	46.46	11.03	13.99	15.90	13.43	9.76	6.28
2023.389	46.44	11.05	14.00	15.95	13.38	9.71	6.33
2023.392	46.43	11.08	13.99	16.04	13.32	9.68	6.21
2023.395	46.63	10.88	13.98	16.09	13.31	9.64	5.94
2023.397	46.62	10.90	13.97	16.12	13.32	9.59	5.95
2023.400	46.62	10.91	14.07	16.05	13.31	9.56	5.98
2023.403	46.58	10.96	14.05	16.06	13.33	9.53	6.01
2023.405	46.53	11.02	14.09	16.02	13.35	9.50	6.06
2023.408	46.49	11.06	14.05	16.13	13.29	9.47	6.10
2023.411	46.49	11.07	14.03	16.16	13.31	9.40	6.15
2023.414	46.48	11.08	14.01	16.17	13.33	9.38	6.15
2023.416	46.47	11.10	13.96	16.19	13.38	9.35	6.18
2023.419	46.46	11.11	14.01	16.13	13.43	9.36	6.17
2023.422	46.44	11.12	14.04	16.12	13.43	9.28	6.25
2023.425	46.43	11.17	14.01	16.16	13.40	9.31	6.20
2023.427	46.41	11.20	14.00	16.19	13.35	9.32	6.13
2023.430	46.39	11.22	13.99	16.24	13.32	9.28	6.12
2023.433	46.39	11.19	14.02	16.24	13.33	9.21	6.15
2023.436	46.57	11.04	13.98	16.20	13.40	9.30	6.05
2023.438	46.71	10.92	13.97	16.17	13.46	9.23	6.05
2023.441	46.66	10.98	14.05	16.10	13.39	9.27	6.04
2023.444	46.61	11.02	14.07	16.06	13.40	9.30	6.00
2023.447	46.55	11.09	14.11	16.01	13.39	9.33	5.97
2023.449	46.56	11.08	14.12	16.01	13.33	9.37	5.96
2023.452	46.57	11.08	14.08	16.04	13.33	9.37	5.95
2023.455	46.57	11.08	14.09	16.00	13.36	9.37	5.93
2023.458	46.56	11.09	13.94	16.18	13.38	9.31	5.93
2023.460	46.50	11.15	13.90	16.19	13.45	9.26	5.91
2023.463	46.47	11.19	13.90	16.11	13.52	9.28	5.83
2023.466	46.41	11.25	13.91	16.09	13.57	9.25	5.82
2023.468	46.37	11.27	13.94	16.07	13.58	9.28	5.72
2023.471	46.38	11.26	13.85	16.21	13.48	9.33	5.69
2023.474	46.38	11.26	13.93	16.13	13.48	9.35	5.63
2023.477	46.39	11.26	13.84	16.22	13.51	9.30	5.72
2023.479	46.40	11.26	13.81	16.27	13.51	9.25	5.69
2023.482	46.41	11.03	14.03	16.25	13.51	9.26	5.65
2023.485	46.40	10.99	14.04	16.16	13.60	9.30	5.62
2023.488	46.38	10.93	14.16	16.08	13.65	9.29	5.43
2023.490	46.32	10.80	14.35	16.11	13.61	9.30	5.44
2023.493	46.29	10.78	14.40	16.07	13.62	9.30	5.48
2023.496	46.26	10.81	14.40	16.08	13.63	9.29	5.49
2023.499	46.24	10.84	14.39	16.06	13.62	9.33	5.48
2023.501	46.21	10.87	14.40	16.06	13.61	9.31	5.47
2023.504	46.18	10.90	14.39	16.03	13.64	9.24	5.52
2023.507	46.10	10.98	14.36	16.11	13.58	9.19	5.53
2023.510	46.02	11.07	14.33	16.09	13.65	9.07	5.60
2023.512	46.02	11.13	14.27	16.11	13.63	9.08	5.61
2023.515	46.03	11.16	14.18	16.16	13.62	9.08	5.65
2023.518	46.05	11.22	14.10	16.16	13.59	9.09	5.66
2023.521	46.06	11.25	14.12	16.25	13.42	9.08	5.71
2023.523	46.07	11.30	14.05	16.27	13.37	9.09	5.75
2023.526	46.09	11.46	13.87	16.23	13.38	9.12	5.78
2023.529	46.10	11.58	13.75	16.14	13.47	9.11	5.79
2023.532	46.11	11.57	13.74	16.14	13.46	9.10	5.82
2023.534	46.13	11.54	13.76	16.15	13.45	9.11	5.83
2023.537	46.14	11.52	13.78	16.20	13.38	9.14	5.84
2023.540	46.14	11.48	13.84	16.26	13.27	9.16	5.85
2023.542	46.14	11.43	13.91	16.23	13.25	9.20	5.86
2023.545	46.14	11.43	13.89	16.19	13.37	9.14	5.87
2023.548	46.16	11.40	13.90	16.15	13.34	9.17	5.94
2023.551	46.22	11.38	13.83	16.14	13.45	9.12	5.94
2023.553	46.27	11.38	13.77	16.12	13.43	9.17	5.93
2023.556	46.31	11.33	13.76	16.26	13.32	9.17	5.94
2023.559	46.35	11.28	13.74	16.30	13.32	9.14	5.98
2023.562	46.39	11.25	13.79	16.26	13.32	9.15	5.98
2023.564	46.38	11.30	13.73	16.23	13.32	9.18	5.99
2023.567	46.39	11.30	13.73	16.28	13.27	9.15	6.03
2023.570	46.39	11.29	13.75	16.28	13.24	9.16	6.07
2023.573	46.47	11.18	13.78	16.29	13.22	9.14	6.10
2023.575	46.48	11.14	13.81	16.30	13.22	9.11	6.11
2023.578	46.48	11.12	13.82	16.33	13.23	9.08	6.11
2023.581	46.49	11.05	13.82	16.37	13.24	9.08	6.08
2023.584	46.50	10.97	13.89	16.37	13.24	9.18	5.98
2023.586	46.50	10.88	13.89	16.40	13.31	9.24	5.90
2023.589	46.53	10.81	13.87	16.41	13.35	9.29	5.84
2023.592	46.57	10.73	13.89	16.47	13.31	9.29	5.80
2023.595	46.54	10.80	13.84	16.46	13.34	9.30	5.79
2023.597	46.50	10.89	13.85	16.30	13.44	9.29	5.78
2023.600	46.46	11.11	13.67	16.25	13.46	9.33	5.79
2023.603	46.42	11.20	13.60	16.09	13.64	9.33	5.80
2023.605	46.35	11.21	13.60	16.21	13.57	9.33	5.74
2023.608	46.20	11.30	13.71	16.22	13.50	9.34	5.74
2023.611	46.14	11.32	13.73	16.29	13.43	9.36	5.66
2023.614	46.09	11.31	13.72	16.42	13.36	9.37	5.63
2023.616	46.05	11.21	13.83	16.42	13.37	9.37	5.64
2023.619	46.04	11.16	13.88	16.40	13.38	9.40	5.66
2023.622	46.03	11.17	13.89	16.44	13.37	9.35	5.69
2023.625	46.02	11.18	13.87	16.47	13.36	9.32	5.65
2023.627	46.00	11.12	13.96	16.52	13.31	9.31	5.61
2023.630	45.98	11.13	13.97	16.55	13.23	9.34	5.63
2023.633	45.96	11.14	13.99	16.55	13.18	9.37	5.66
2023.636	45.93	11.16	14.00	16.54	13.17	9.38	5.69
2023.638	45.93	11.14	14.03	16.50	13.21	9.43	5.65
2023.641	45.95	11.12	14.03	16.45	13.25	9.47	5.64
2023.644	45.96	11.10	14.04	16.46	13.25	9.44	5.67
2023.647	45.98	11.07	14.07	16.42	13.32	9.32	5.77
2023.649	45.98	11.05	14.07	16.42	13.33	9.32	5.78
2023.652	45.98	11.04	14.11	16.37	13.36	9.30	5.80
2023.655	45.99	11.02	14.16	16.31	13.41	9.29	5.80
2023.658	45.98	11.01	14.19	16.25	13.44	9.27	5.83
2023.660	45.82	11.17	14.24	16.15	13.48	9.27	5.86
2023.663	45.61	11.37	14.23	16.10	13.53	9.27	5.88
2023.666	45.59	11.38	14.22	16.09	13.54	9.28	5.90
2023.668	45.58	11.38	14.19	16.09	13.57	9.25	5.94
2023.671	45.64	11.43	14.03	16.16	13.52	9.26	5.94
2023.674	45.71	11.34	14.07	16.14	13.55	9.23	5.93
2023.677	45.73	11.28	14.08	16.16	13.51	9.27	5.94
2023.679	45.75	11.32	14.01	16.16	13.46	9.30	5.96
2023.682	45.77	11.26	14.04	16.17	13.47	9.28	5.98
2023.685	45.78	11.17	14.14	16.16	13.49	9.26	5.98
2023.688	45.79	11.10	14.21	16.15	13.51	9.25	5.98
2023.690	45.79	11.08	14.23	16.10	13.56	9.26	5.98
2023.693	45.80	11.06	14.18	16.17	13.55	9.27	5.98
2023.696	45.81	11.04	14.19	16.21	13.51	9.28	5.99
2023.699	45.81	11.05	14.13	16.29	13.49	9.29	5.99
2023.701	45.82	11.03	14.18	16.25	13.43	9.36	5.99
2023.704	45.82	11.05	14.17	16.24	13.41	9.40	6.00
2023.707	45.80	11.09	14.14	16.20	13.44	9.42	5.99
2023.710	45.78	11.02	14.24	16.18	13.47	9.46	5.97
2023.712	45.75	11.03	14.25	16.20	13.47	9.47	5.97
2023.715	45.72	11.02	14.29	16.19	13.48	9.49	5.99
2023.718	45.69	11.13	14.20	16.20	13.48	9.50	6.00
2023.721	45.61	11.25	14.15	16.19	13.50	9.51	6.01
2023.723	45.58	11.32	14.09	16.22	13.51	9.52	6.05
2023.726	45.61	11.24	14.12	16.20	13.54	9.50	6.09
2023.729	45.63	11.17	14.18	16.19	13.57	9.48	6.12
2023.732	45.67	11.07	14.27	16.13	13.61	9.39	6.16
2023.734	45.70	11.00	14.32	16.05	13.66	9.37	6.17
2023.737	45.74	10.95	14.27	16.08	13.65	9.39	6.18
2023.740	45.79	10.93	14.26	16.03	13.67	9.36	6.22
2023.742	45.84	10.98	14.15	16.00	13.70	9.33	6.25
2023.745	45.89	10.91	14.19	16.03	13.66	9.30	6.27
2023.748	45.94	10.83	14.16	16.10	13.66	9.31	6.26
2023.751	45.99	10.75	14.19	16.13	13.59	9.37	6.24
2023.753	46.02	10.71	14.27	16.05	13.58	9.42	6.23
2023.756	46.00	10.77	14.28	15.95	13.62	9.43	6.26
2023.759	45.81	10.88	14.41	15.85	13.64	9.45	6.28
2023.762	45.74	10.90	14.47	15.87	13.59	9.47	6.32
2023.764	45.72	10.88	14.50	15.87	13.60	9.47	6.39
2023.767	45.66	10.90	14.54	15.88	13.60	9.46	6.40
2023.770	45.61	10.96	14.55	15.85	13.62	9.44	6.39
2023.773	45.57	10.99	14.56	15.88	13.60	9.43	6.39
2023.775	45.58	10.98	14.54	15.90	13.62	9.40	6.38
2023.778	45.59	10.98	14.46	15.95	13.65	9.38	6.37
2023.781	45.60	10.83	14.60	15.92	13.70	9.37	6.36
2023.784	45.61	10.90	14.50	15.92	13.70	9.40	6.34
2023.786	45.62	10.82	14.50	15.94	13.78	9.38	6.31
2023.789	45.63	10.74	14.55	15.99	13.77	9.39	6.28
2023.792	45.64	10.70	14.58	15.96	13.80	9.41	6.26
2023.795	45.58	10.76	14.57	15.94	13.83	9.43	6.24
2023.797	45.65	10.80	14.46	15.97	13.83	9.44	6.19
2023.800	45.67	10.73	14.47	15.99	13.83	9.47	6.17
2023.803	45.74	10.67	14.46	15.99	13.81	9.51	6.15
2023.805	45.78	10.61	14.47	15.98	13.78	9.55	6.15
2023.808	45.81	10.55	14.42	16.06	13.76	9.58	6.20
2023.811	45.85	10.45	14.46	16.10	13.79	9.53	6.19
2023.814	45.90	10.33	14.52	16.09	13.78	9.54	6.16
2023.816	45.94	10.26	14.56	16.10	13.76	9.55	6.16
2023.819	45.93	10.21	14.64	16.09	13.75	9.59	6.11
2023.822	45.90	10.17	14.69	16.14	13.73	9.59	6.09
2023.825	45.88	10.22	14.70	16.13	13.72	9.56	6.10
2023.827	45.86	10.30	14.66	16.12	13.66	9.58	6.12
2023.830	45.83	10.39	14.62	16.05	13.71	9.58	6.12
2023.833	45.73	10.55	14.59	16.01	13.71	9.59	6.11
2023.836	45.74	10.60	14.55	15.99	13.71	9.59	6.12
2023.838	45.74	10.44	14.72	15.96	13.72	9.59	6.13
2023.841	45.75	10.56	14.61	15.95	13.76	9.56	6.14
2023.844	45.72	10.57	14.62	15.95	13.70	9.63	6.13
2023.847	45.70	10.53	14.67	15.96	13.64	9.69	6.14
2023.849	45.65	10.55	14.67	16.00	13.59	9.67	6.17
2023.852	45.59	10.58	14.70	15.99	13.59	9.70	6.16
2023.855	45.53	10.62	14.67	16.03	13.58	9.68	6.20
2023.858	45.28	10.91	14.67	15.97	13.55	9.75	6.19
2023.860	44.98	11.27	14.62	15.96	13.53	9.78	6.18
2023.863	44.70	11.59	14.56	15.99	13.52	9.80	6.18
2023.866	44.68	11.75	14.39	16.04	13.49	9.80	6.20
2023.868	44.03	12.53	14.21	16.09	13.47	9.80	6.22
2023.871	44.22	12.46	14.08	16.13	13.43	9.81	6.22
2023.874	44.53	12.26	13.97	16.10	13.47	9.78	6.24
2023.877	44.58	12.18	14.00	16.10	13.51	9.74	6.27
2023.879	44.56	12.24	13.96	16.11	13.54	9.70	6.31
2023.882	44.56	12.29	13.92	16.11	13.55	9.67	6.33
2023.885	44.55	12.33	13.95	16.05	13.52	9.68	6.35
2023.888	44.53	12.36	14.01	15.98	13.48	9.71	6.37
2023.890	44.39	12.49	14.02	15.97	13.47	9.73	6.40
2023.893	44.42	12.42	14.05	16.02	13.43	9.72	6.43
2023.896	44.52	12.30	14.08	16.06	13.43	9.68	6.45
2023.899	44.52	12.36	13.98	16.04	13.48	9.69	6.44
2023.901	44.52	12.38	13.97	15.99	13.53	9.71	6.39
2023.904	44.49	12.40	13.93	16.02	13.56	9.68	6.32
2023.907	44.45	12.46	13.91	16.04	13.60	9.61	6.30
2023.910	44.37	12.56	13.87	16.05	13.59	9.69	6.21
2023.912	44.30	12.63	13.87	16.03	13.62	9.70	6.20
2023.915	44.21	12.72	13.86	16.03	13.63	9.70	6.21
2023.918	44.07	12.87	13.83	16.06	13.62	9.70	6.22
2023.921	43.96	12.84	14.05	15.98	13.54	9.78	6.21
2023.923	43.84	12.91	14.13	15.95	13.55	9.79	6.20
2023.926	43.82	12.91	14.20	15.89	13.56	9.80	6.19
2023.929	43.81	12.90	14.23	15.87	13.57	9.80	6.19
2023.932	43.79	12.86	14.26	15.89	13.57	9.80	6.19
2023.934	43.75	12.88	14.28	15.89	13.57	9.75	6.24
2023.937	43.71	12.89	14.30	15.91	13.50	9.79	6.26
2023.940	43.68	13.13	14.12	15.89	13.49	9.79	6.27
2023.942	43.64	13.17	14.12	15.88	13.47	9.83	6.24
2023.945	43.61	13.16	14.14	15.92	13.46	9.86	6.23
2023.948	43.64	13.05	14.17	15.95	13.45	9.87	6.23
2023.951	43.68	13.08	14.05	15.98	13.47	9.87	6.23
2023.953	43.72	13.17	13.89	16.00	13.49	9.89	6.22
2023.956	43.77	13.12	13.85	16.02	13.49	9.90	6.21
2023.959	43.80	13.17	13.75	16.05	13.48	9.91	6.20
2023.962	43.82	13.19	13.68	16.08	13.48	9.93	6.19
2023.964	43.86	13.23	13.61	16.08	13.50	9.91	6.19
2023.967	43.88	13.18	13.62	16.10	13.60	9.81	6.18
2023.970	43.90	13.13	13.68	16.09	13.58	9.76	6.24
2023.973	43.99	13.00	13.74	16.08	13.49	9.84	6.24
2023.975	44.10	12.85	13.80	16.08	13.44	9.86	6.24
2023.978	44.31	12.58	13.84	16.09	13.41	9.89	6.24
2023.981	44.30	12.72	13.70	16.14	13.39	9.88	6.24
2023.984	44.39	12.61	13.74	16.14	13.37	9.88	6.24
2023.986	44.53	12.39	13.83	16.13	13.36	9.87	6.24
2023.989	44.56	12.28	13.92	16.11	13.50	9.75	6.24
2023.992	44.59	12.31	13.85	16.12	13.50	9.75	6.25
2023.995	44.55	12.33	13.86	16.15	13.48	9.75	6.26
2023.997	44.45	12.45	13.74	16.23	13.50	9.75	6.26
2024.000	44.28	12.62	13.70	16.26	13.51	9.75	6.25
2024.003	44.12	12.69	13.77	16.29	13.51	9.74	6.25
2024.005	43.96	12.79	13.84	16.32	13.50	9.72	6.25
2024.008	43.96	12.73	13.89	16.30	13.50	9.73	6.25
2024.011	44.03	12.66	13.90	16.35	13.36	9.73	6.32
2024.014	44.13	12.56	13.92	16.30	13.39	9.73	6.29
2024.016	44.15	12.54	13.94	16.27	13.49	9.67	6.25
2024.019	44.07	12.63	14.04	16.12	13.53	9.68	6.23
2024.022	43.98	12.73	13.94	16.18	13.56	9.59	6.36
2024.025	43.96	12.75	13.87	16.24	13.56	9.59	6.38
2024.027	43.96	12.77	13.78	16.30	13.58	9.59	6.37
2024.030	43.96	12.78	13.77	16.26	13.70	9.53	6.37
2024.033	43.96	12.77	13.76	16.27	13.73	9.50	6.37
2024.036	43.96	12.70	13.81	16.33	13.76	9.55	6.25
2024.038	43.97	12.59	13.91	16.33	13.76	9.54	6.25
2024.041	44.04	12.58	13.86	16.33	13.63	9.66	6.26
2024.044	44.11	12.52	13.84	16.32	13.62	9.68	6.25
2024.047	44.18	12.58	13.68	16.36	13.65	9.64	6.17
2024.049	44.25	12.51	13.67	16.34	13.67	9.66	6.16
2024.052	44.32	12.43	13.69	16.32	13.68	9.65	6.13
2024.055	44.36	12.39	13.66	16.39	13.65	9.65	6.10
2024.058	44.43	12.31	13.62	16.44	13.65	9.65	6.07
2024.060	44.50	12.23	13.63	16.44	13.65	9.65	6.03
2024.063	44.53	12.21	13.61	16.44	13.65	9.65	6.03
2024.066	44.61	12.17	13.57	16.45	13.62	9.67	6.19
2024.068	44.71	12.24	13.41	16.46	13.63	9.69	6.13
2024.071	44.58	12.31	13.46	16.46	13.69	9.67	6.14
2024.074	44.61	12.09	13.59	16.55	13.74	9.64	6.13
2024.077	44.63	12.09	13.52	16.58	13.74	9.61	6.19
2024.079	44.64	12.11	13.49	16.58	13.74	9.61	6.19
2024.082	44.71	12.07	13.46	16.58	13.74	9.61	6.19
2024.085	44.81	12.00	13.52	16.52	13.71	9.61	6.19
2024.088	44.91	12.04	13.38	16.57	13.67	9.61	6.19
2024.090	45.01	11.92	13.40	16.52	13.71	9.60	6.19
2024.093	45.05	11.85	13.44	16.54	13.74	9.56	6.19
2024.096	45.08	11.79	13.47	16.57	13.71	9.56	6.19
2024.099	45.12	11.75	13.47	16.57	13.71	9.56	6.19
2024.101	45.23	11.53	13.59	16.54	13.71	9.56	6.16
2024.104	45.38	11.09	13.93	16.50	13.71	9.56	6.15
2024.107	45.49	10.92	13.97	16.51	13.72	9.56	6.15
2024.110	45.71	10.71	13.94	16.53	13.73	9.66	6.07
2024.112	45.75	10.64	14.02	16.47	13.70	9.70	6.09
2024.115	45.78	10.56	14.09	16.44	13.66	9.73	6.09
2024.118	45.82	10.56	14.06	16.44	13.69	9.69	6.11
2024.121	46.19	10.23	14.00	16.47	13.61	9.67	6.19
2024.123	45.82	10.68	13.93	16.50	13.53	9.75	6.16
2024.126	45.82	10.71	13.84	16.58	13.59	9.71	6.08
2024.129	45.82	10.70	13.84	16.63	13.48	9.80	6.04
2024.132	45.82	10.69	13.82	16.64	13.53	9.77	6.05
2024.134	45.82	10.63	13.90	16.63	13.50	9.78	6.06
2024.137	45.82	10.57	13.97	16.64	13.57	9.71	6.07
2024.140	45.82	10.50	14.03	16.64	13.57	9.62	6.16
2024.142	45.82	10.44	14.14	16.59	13.57	9.61	6.19
2024.145	45.72	10.55	14.16	16.52	13.62	9.61	6.19
2024.148	45.47	10.91	14.02	16.55	13.61	9.61	6.19
2024.151	45.20	11.25	13.96	16.53	13.63	9.61	6.20
2024.153	45.19	11.51	13.71	16.55	13.58	9.64	6.24
2024.156	45.19	11.57	13.65	16.50	13.63	9.64	6.29
2024.159	45.19	11.58	13.64	16.54	13.59	9.61	6.36
2024.162	45.19	11.54	13.68	16.55	13.58	9.51	6.50
2024.164	45.19	11.51	13.71	16.50	13.64	9.50	6.54
2024.167	45.19	11.47	13.70	16.60	13.65	9.44	6.56
2024.170	45.19	11.68	13.50	16.59	13.66	9.43	6.58
2024.173	45.19	11.68	13.54	16.55	13.70	9.39	6.60
2024.175	45.19	11.55	13.67	16.50	13.76	9.39	6.63
2024.178	45.19	11.43	13.79	16.45	13.83	9.36	6.63
2024.181	45.19	11.38	13.84	16.45	13.80	9.39	6.63
2024.184	45.19	11.39	13.81	16.47	13.80	9.39	6.64
2024.186	45.19	11.40	13.82	16.49	13.79	9.36	6.67
2024.189	45.19	11.41	13.81	16.45	13.83	9.36	6.70
2024.192	45.75	10.86	13.94	16.31	13.83	9.27	6.86
2024.195	45.83	10.79	13.93	16.31	13.83	9.25	6.95
2024.197	45.83	10.80	13.96	16.27	13.80	9.28	6.95
2024.200	45.83	11.04	13.72	16.27	13.76	9.32	6.95
2024.203	45.83	11.04	13.65	16.34	13.76	9.32	6.95
2024.205	45.83	10.96	13.71	16.41	13.69	9.32	6.95
2024.208	45.83	10.84	13.98	16.33	13.67	9.28	6.95
2024.211	45.83	10.95	13.85	16.33	13.69	9.28	6.95
2024.214	45.83	11.14	13.57	16.42	13.70	9.27	6.95
2024.216	45.83	11.14	13.48	16.55	13.69	9.25	6.95
2024.219	45.84	11.09	13.61	16.46	13.69	9.26	6.94
2024.222	45.84	11.12	13.59	16.44	13.69	9.27	6.93
2024.225	45.84	11.21	13.50	16.44	13.66	9.31	6.92
2024.227	45.84	11.19	13.52	16.41	13.73	9.30	6.90
2024.230	45.84	11.17	13.55	16.41	13.73	9.29	6.90
2024.233	45.84	11.14	13.58	16.41	13.73	9.30	6.90
2024.236	45.84	11.12	13.59	16.40	13.73	9.31	6.88
2024.238	45.84	11.11	13.61	16.35	13.78	9.33	6.87
2024.241	45.84	11.12	13.79	16.16	13.79	9.32	6.87
2024.244	45.84	11.16	13.55	16.31	13.86	9.31	6.86
2024.247	45.84	11.22	13.49	16.31	13.86	9.29	6.87
2024.249	45.84	11.22	13.52	16.28	13.86	9.24	6.93
2024.252	45.84	11.22	13.56	16.24	13.89	9.19	6.95
2024.255	45.84	11.22	13.62	16.17	13.89	9.18	6.95
2024.258	45.84	11.22	13.69	16.11	13.89	9.16	6.98
2024.260	45.84	11.22	13.70	16.12	13.87	9.15	6.98
2024.263	45.84	11.20	13.76	16.12	13.82	9.19	6.95
2024.266	45.84	11.03	13.94	16.15	13.81	9.17	6.95
2024.268	45.88	10.99	13.94	16.16	13.80	9.17	6.95
2024.271	45.91	10.96	13.94	16.18	13.78	9.17	6.95
2024.274	46.28	10.59	13.94	16.18	13.78	9.17	6.95
2024.277	46.38	10.49	13.94	16.18	13.78	9.17	6.95
2024.279	46.38	10.49	13.94	16.21	13.76	9.17	6.95
2024.282	46.38	10.44	13.98	16.21	13.73	9.19	6.95
2024.285	46.38	10.41	14.01	16.19	13.75	9.18	6.95
2024.288	46.38	10.35	14.07	16.19	13.76	9.17	6.95
2024.290	46.39	10.31	14.11	16.19	13.76	9.17	6.95
2024.293	46.39	10.25	14.20	16.16	13.77	9.16	6.96
2024.296	46.39	10.22	14.23	16.16	13.81	9.06	7.02
2024.299	46.39	10.16	14.27	16.19	13.82	9.12	6.96
2024.301	46.39	10.13	14.32	16.16	13.82	9.12	7.00
2024.304	46.39	10.48	13.97	16.16	13.82	9.12	7.07
2024.307	46.41	10.46	13.97	16.17	13.81	9.12	7.28
2024.310	46.47	10.40	13.97	16.17	13.89	9.06	7.27
2024.312	46.49	10.37	13.97	16.20	13.86	9.13	7.25
2024.315	46.52	10.35	13.97	16.20	13.86	9.14	7.24
2024.318	46.55	10.37	13.92	16.20	13.86	9.14	7.24
2024.321	46.58	10.41	13.86	16.20	13.77	9.22	7.24
2024.323	46.61	10.45	13.79	16.25	13.73	9.22	7.24
2024.326	46.63	10.43	13.78	16.25	13.73	9.22	7.24
2024.329	46.66	10.40	13.78	16.25	13.73	9.36	7.11
2024.332	46.71	10.35	13.78	16.25	13.72	9.37	7.11
2024.334	46.72	10.34	13.78	16.25	13.73	9.36	7.11
2024.337	46.73	10.33	13.79	16.23	13.73	9.36	7.11
2024.340	46.74	10.32	13.79	16.23	13.73	9.35	7.11
2024.342	46.74	10.32	13.79	16.26	13.74	9.32	7.11
2024.345	46.74	10.32	13.79	16.26	13.74	9.32	7.11
2024.348	46.74	10.32	13.79	16.26	13.74	9.32	7.11
2024.351	46.74	10.32	13.79	16.26	13.74	9.32	7.11
2024.353	46.74	10.32	13.79	16.26	13.74	9.32	7.11
2024.356	46.74	10.32	13.79	16.26	13.74	9.32	7.11
2024.359	46.74	10.32	13.79	16.26	13.74	9.32	7.11
2024.362	46.74	10.32	13.79	16.26	13.74	9.32	7.11
2024.364	46.74	10.32	13.79	16.26	13.74	9.32	7.11
2024.367	46.74	10.32	13.79	16.26	13.74	9.19	7.24
2024.370	46.74	10.32	13.79	16.26	13.74	9.19	7.24
2024.373	46.74	10.32	13.79	16.26	13.74	9.19	7.24
2024.375	46.74	10.32	13.79	16.26	13.74	9.19	7.24
2024.378	46.74	10.32	13.79	16.23	13.76	9.19	7.24
2024.381	46.74	10.32	13.79	16.23	13.76	9.19	7.24
2024.384	46.74	10.32	13.79	16.23	13.76	9.19	7.24
2024.386	46.74	10.32	13.79	16.23	13.76	9.19	7.24
2024.389	46.74	10.32	13.81	16.21	13.76	9.19	7.24
2024.392	46.74	10.32	13.81	16.21	13.76	9.19	7.24
2024.395	46.74	10.32	13.81	16.21	13.76	9.19	7.24
2024.397	46.74	10.32	13.81	16.21	13.76	9.19	7.24
2024.400	46.74	10.32	13.81	16.19	13.76	9.22	7.24
2024.403	46.74	10.32	13.81	16.17	13.77	9.22	7.24
2024.405	46.74	10.32	13.81	16.17	13.77	9.22	7.24
2024.408	46.74	10.32	13.81	16.17	13.77	9.22	7.24
2024.411	46.74	10.32	13.81	16.17	13.77	9.22	7.24
2024.414	46.74	10.32	13.79	16.23	13.73	9.22	7.24
2024.416	46.74	10.32	13.79	16.23	13.73	9.22	7.24
2024.419	46.74	10.32	13.79	16.23	13.76	9.19	7.24
2024.422	46.74	10.32	13.79	16.23	13.76	9.19	7.24
2024.425	46.74	10.32	13.79	16.23	13.76	9.19	7.24
2024.427	46.74	10.32	13.79	16.23	13.76	9.19	7.24
2024.430	46.74	10.32	13.79	16.23	13.76	9.19	7.24
2024.433	46.74	10.32	13.79	16.23	13.76	9.19	7.24
2024.436	46.74	10.32	13.79	16.23	13.76	9.19	7.24
2024.438	46.74	10.32	13.79	16.23	13.76	9.19	7.24
2024.441	46.74	10.32	13.79	16.23	13.76	9.19	7.24
2024.444	46.74	10.32	13.78	16.25	13.76	9.19	7.24
2024.447	46.74	10.32	13.78	16.25	13.76	9.19	7.24
2024.449	46.74	10.32	13.78	16.25	13.73	9.22	7.24
2024.452	46.74	10.32	13.78	16.25	13.73	9.22	7.24
2024.455	46.74	10.32	13.78	16.27	13.70	9.22	7.24
2024.458	46.74	10.32	13.79	16.26	13.74	9.19	7.24
2024.460	46.74	10.32	13.79	16.26	13.74	9.19	7.24
2024.463	46.74	10.32	13.79	16.26	13.74	9.19	7.24
2024.466	46.74	10.32	13.79	16.26	13.74	9.19	7.24
2024.468	46.74	10.32	13.79	16.26	13.74	9.19	7.24
2024.471	46.74	10.32	13.79	16.26	13.74	9.19	7.24
2024.474	46.74	10.32	13.79	16.26	13.74	9.19	7.24
2024.477	46.74	10.32	13.79	16.26	13.74	9.19	7.24
2024.479	46.74	10.32	13.79	16.26	13.74	9.19	7.24
2024.482	46.74	10.32	13.79	16.26	13.74	9.19	7.24
2024.485	46.74	10.32	13.79	16.26	13.74	9.19	7.24
2024.488	46.74	10.32	13.79	16.26	13.74	9.19	7.24
2024.490	46.74	10.32	13.79	16.26	13.74	9.19	7.24
2024.493	46.74	10.32	13.79	16.26	13.74	9.19	7.24
2024.496	46.74	10.32	13.79	16.26	13.74	9.19	7.24
2024.499	46.74	10.32	13.79	16.26	13.74	9.19	7.24