X	Percentil5	Percentil10	Percentil25	Percentil50	Percentil75	Percentil90	Percentil95
2019.501	45.67	7.92	14.92	15.87	11.01	9.66	6.16
2019.504	45.67	7.92	14.93	15.85	11.01	9.66	6.16
2019.507	45.67	7.92	14.95	15.84	11.01	9.66	6.16
2019.510	45.67	7.92	14.96	15.82	11.01	9.66	6.16
2019.512	45.67	7.92	14.88	15.91	11.01	9.66	6.16
2019.515	45.67	7.92	14.88	15.91	11.01	9.66	6.16
2019.518	45.67	7.92	14.88	15.91	11.01	9.66	6.16
2019.521	45.67	7.92	14.88	15.91	11.01	9.66	6.16
2019.523	45.67	7.92	14.88	15.91	11.01	9.66	6.16
2019.526	45.67	7.92	14.88	15.91	11.01	9.66	6.16
2019.529	45.67	7.92	14.88	15.91	11.01	9.66	6.16
2019.532	45.67	7.92	14.88	15.91	11.01	9.66	6.16
2019.534	45.67	7.92	14.88	15.91	11.01	9.66	6.16
2019.537	45.67	7.92	14.88	15.91	11.01	9.66	6.16
2019.540	45.67	7.95	14.85	15.91	11.01	9.66	6.16
2019.542	45.67	7.95	14.80	15.96	11.01	9.66	6.16
2019.545	45.67	7.95	14.81	15.95	11.01	9.66	6.16
2019.548	45.67	7.95	14.82	15.94	11.01	9.66	6.16
2019.551	45.67	7.95	14.83	15.93	11.01	9.66	6.16
2019.553	45.67	7.95	14.84	15.96	10.97	9.66	6.16
2019.556	45.67	7.95	14.85	15.97	10.95	9.66	6.16
2019.559	45.67	7.95	14.85	15.99	10.93	9.66	6.16
2019.562	45.67	7.95	14.85	16.00	10.91	9.66	6.16
2019.564	45.67	7.95	14.85	16.01	10.91	9.66	6.16
2019.567	45.67	7.92	14.88	15.98	10.94	9.66	6.16
2019.570	45.67	7.92	14.88	15.91	11.01	9.66	6.16
2019.573	45.67	7.92	14.88	15.88	11.04	9.66	6.34
2019.575	45.67	7.92	14.88	15.88	11.04	9.66	6.54
2019.578	45.67	7.92	14.88	15.88	11.04	9.66	6.54
2019.581	45.67	7.92	14.88	15.88	11.04	9.66	6.54
2019.584	45.59	8.01	14.88	15.88	11.04	9.66	6.54
2019.586	45.38	8.21	14.88	15.84	11.07	9.66	6.54
2019.589	45.36	8.24	14.88	15.83	11.08	9.66	6.54
2019.592	45.36	8.24	14.96	15.76	11.08	9.66	6.54
2019.595	45.36	8.24	15.02	15.70	11.08	9.66	6.54
2019.597	45.36	8.24	15.02	15.70	11.08	9.66	6.54
2019.600	45.36	8.24	15.04	15.67	11.09	9.66	6.54
2019.603	45.36	8.24	15.06	15.63	11.10	9.66	6.54
2019.605	45.36	8.23	15.09	15.60	11.11	9.66	6.54
2019.608	45.36	8.23	15.10	15.57	11.13	9.66	6.54
2019.611	45.37	8.22	15.11	15.53	11.16	9.66	6.54
2019.614	45.38	8.22	15.12	15.45	11.23	9.66	6.54
2019.616	45.38	8.21	15.12	15.40	11.27	9.66	6.54
2019.619	45.39	8.20	15.13	15.39	11.27	9.66	6.54
2019.622	45.40	8.20	15.13	15.39	11.27	9.66	6.54
2019.625	45.42	8.18	15.13	15.39	11.27	9.66	6.54
2019.627	45.40	8.20	15.13	15.40	11.27	9.66	6.54
2019.630	45.39	8.20	15.13	15.37	11.29	9.66	6.54
2019.633	45.38	8.20	15.14	15.27	11.39	9.71	6.49
2019.636	45.37	8.20	15.16	15.27	11.39	9.77	6.43
2019.638	45.37	8.20	15.16	15.26	11.40	9.77	6.43
2019.641	45.36	8.21	15.16	15.26	11.41	9.77	6.43
2019.644	45.36	8.21	15.17	15.23	11.41	9.77	6.43
2019.647	45.36	8.21	15.18	15.22	11.42	9.77	6.43
2019.649	45.36	8.21	15.20	15.19	11.44	9.77	6.43
2019.652	45.36	8.21	15.20	15.18	11.46	9.74	6.43
2019.655	45.36	8.21	15.20	15.18	11.48	9.73	6.43
2019.658	45.36	8.21	15.20	15.18	11.50	9.71	6.43
2019.660	45.36	8.21	15.20	15.18	11.52	9.69	6.43
2019.663	45.36	8.21	15.20	15.18	11.52	9.69	6.43
2019.666	45.37	8.20	15.18	15.20	11.52	9.72	6.40
2019.668	45.37	8.20	15.13	15.25	11.52	9.72	6.40
2019.671	45.38	8.19	15.04	15.34	11.52	9.72	6.40
2019.674	45.39	8.18	15.08	15.29	11.53	9.72	6.40
2019.677	45.41	8.16	15.14	15.23	11.53	9.72	6.40
2019.679	45.49	8.08	15.17	15.20	11.53	9.72	6.40
2019.682	45.65	7.92	15.20	15.17	11.53	9.72	6.40
2019.685	45.68	7.89	15.24	15.17	11.49	9.72	6.40
2019.688	45.68	7.90	15.33	15.12	11.43	9.72	6.40
2019.690	45.69	7.91	15.46	15.02	11.40	9.72	6.51
2019.693	45.69	7.90	15.48	15.01	11.38	9.72	6.53
2019.696	45.70	7.90	15.48	15.01	11.38	9.72	6.53
2019.699	45.70	7.89	15.48	15.03	11.36	9.72	6.53
2019.701	45.68	7.91	15.48	15.06	11.34	9.72	6.53
2019.704	45.67	7.93	15.48	15.09	11.30	9.72	6.53
2019.707	45.69	7.90	15.48	15.11	11.29	9.72	6.53
2019.710	45.70	7.89	15.48	15.15	11.25	9.72	6.53
2019.712	45.70	7.89	15.48	15.15	11.24	9.72	6.53
2019.715	45.70	7.90	15.48	15.15	11.23	9.73	6.53
2019.718	45.69	7.90	15.48	15.15	11.22	9.74	6.53
2019.721	45.69	7.90	15.49	15.14	11.21	9.78	6.50
2019.723	45.69	7.91	15.52	15.11	11.21	9.77	6.51
2019.726	45.68	7.91	15.54	15.09	11.23	9.74	6.52
2019.729	45.68	7.91	15.55	15.07	11.25	9.72	6.53
2019.732	45.67	7.92	15.56	15.05	11.26	9.72	6.53
2019.734	45.67	7.92	15.58	15.04	11.26	9.72	6.53
2019.737	45.67	7.90	15.62	15.02	11.26	9.72	6.53
2019.740	45.67	7.90	15.64	14.98	11.28	9.72	6.53
2019.742	45.67	7.90	15.66	14.94	11.30	9.72	6.53
2019.745	45.67	7.92	15.65	14.93	11.30	9.72	6.53
2019.748	45.67	7.92	15.66	14.95	11.27	9.72	6.53
2019.751	45.67	7.92	15.67	14.95	11.26	9.72	6.53
2019.753	45.67	7.92	15.63	14.99	11.26	9.72	6.53
2019.756	45.67	7.92	15.48	15.14	11.26	9.72	6.53
2019.759	45.51	8.09	15.48	15.14	11.21	9.76	6.53
2019.762	45.36	8.24	15.48	15.14	11.20	9.77	6.53
2019.764	45.35	8.24	15.48	15.15	11.20	9.77	6.52
2019.767	45.35	8.23	15.48	15.16	11.21	9.76	6.51
2019.770	45.35	8.23	15.48	15.18	11.21	9.75	6.50
2019.773	45.34	8.23	15.46	15.20	11.22	9.74	6.49
2019.775	45.34	8.23	15.45	15.21	11.22	9.74	6.40
2019.778	45.33	8.24	15.34	15.32	11.24	9.72	6.40
2019.781	45.33	8.24	15.30	15.37	11.23	9.72	6.40
2019.784	45.33	8.24	15.31	15.44	11.15	9.72	6.40
2019.786	45.32	8.25	15.32	15.43	11.15	9.72	6.40
2019.789	45.32	8.25	15.33	15.43	11.14	9.72	6.40
2019.792	45.31	8.26	15.33	15.42	11.14	9.72	6.40
2019.795	45.31	8.26	15.35	15.40	11.12	9.74	6.40
2019.797	45.31	8.26	15.36	15.32	11.21	9.73	6.40
2019.800	45.30	8.27	15.40	15.25	11.24	9.71	6.40
2019.803	45.30	8.27	15.43	15.23	11.28	9.68	6.40
2019.805	45.30	8.27	15.44	15.21	11.31	9.65	6.40
2019.808	45.30	8.27	15.44	15.22	11.33	9.63	6.40
2019.811	45.35	8.23	15.43	15.19	11.33	9.65	6.40
2019.814	45.37	8.19	15.47	15.15	11.35	9.67	6.38
2019.816	45.39	8.15	15.50	15.11	11.38	9.69	6.37
2019.819	45.38	8.15	15.51	15.04	11.44	9.69	6.37
2019.822	45.29	8.23	15.52	15.01	11.48	9.68	6.37
2019.825	45.24	8.27	15.47	15.17	11.39	9.68	6.37
2019.827	45.19	8.31	15.41	15.19	11.42	9.70	6.38
2019.830	45.13	8.35	15.49	14.99	11.55	9.70	6.38
2019.833	45.07	8.41	15.60	14.86	11.59	9.74	6.32
2019.836	45.01	8.45	15.61	14.83	11.62	9.74	6.29
2019.838	44.91	8.54	15.57	14.86	11.64	9.73	6.23
2019.841	44.86	8.59	15.58	14.91	11.58	9.72	5.94
2019.844	44.80	8.63	15.59	14.96	11.54	9.72	5.92
2019.847	44.75	8.67	15.63	14.93	11.54	9.73	5.90
2019.849	44.69	8.71	15.63	14.77	11.72	9.69	5.86
2019.852	44.64	8.54	15.85	14.80	11.69	9.68	5.80
2019.855	44.58	8.45	16.01	14.81	11.67	9.68	5.73
2019.858	44.48	8.47	16.12	14.81	11.64	9.67	5.67
2019.860	44.43	8.50	16.22	14.73	11.64	9.66	5.61
2019.863	44.38	8.54	16.26	14.75	11.70	9.53	5.57
2019.866	44.32	8.63	16.25	14.79	11.65	9.51	5.53
2019.868	44.27	8.74	16.21	14.72	11.72	9.50	5.53
2019.871	44.23	8.86	16.16	14.68	11.73	9.50	5.53
2019.874	44.16	9.00	16.10	14.60	11.80	9.49	5.53
2019.877	44.15	9.08	16.04	14.49	11.91	9.48	5.53
2019.879	44.14	9.16	15.97	14.45	11.96	9.47	5.53
2019.882	44.14	9.23	15.92	14.46	11.96	9.49	5.50
2019.885	44.13	9.24	15.92	14.46	11.95	9.48	5.50
2019.888	44.13	9.24	15.92	14.41	12.01	9.47	5.50
2019.890	44.12	9.25	15.70	14.59	12.08	9.44	5.50
2019.893	44.12	9.26	15.70	14.58	12.13	9.40	5.50
2019.896	44.12	9.27	15.69	14.51	12.20	9.40	5.50
2019.899	44.11	9.27	15.69	14.46	12.26	9.39	5.50
2019.901	44.11	9.28	15.72	14.41	12.23	9.42	5.51
2019.904	44.11	9.29	15.76	14.38	12.20	9.45	5.51
2019.907	43.94	9.42	15.83	14.37	12.14	9.48	5.51
2019.910	43.74	9.54	15.94	14.34	12.10	9.51	5.52
2019.912	43.73	9.48	15.97	14.38	12.08	9.53	5.55
2019.915	43.73	9.41	15.95	14.46	12.06	9.56	5.70
2019.918	43.72	9.34	16.02	14.46	12.06	9.57	5.86
2019.921	43.72	9.31	16.04	14.39	12.12	9.57	5.99
2019.923	44.02	8.99	16.07	14.38	12.13	9.58	6.02
2019.926	44.10	8.89	16.09	14.42	12.08	9.58	6.04
2019.929	44.10	8.87	16.11	14.44	12.04	9.60	6.05
2019.932	44.10	8.84	16.13	14.43	12.05	9.60	6.05
2019.934	44.10	8.85	16.12	14.43	12.13	9.53	6.06
2019.937	44.10	8.85	16.10	14.45	12.23	9.43	6.06
2019.940	44.10	8.69	16.25	14.46	12.23	9.41	6.06
2019.942	44.10	8.48	16.45	14.47	12.21	9.44	6.06
2019.945	44.10	8.26	16.58	14.56	12.19	9.46	6.06
2019.948	44.10	8.15	16.55	14.69	12.18	9.48	6.06
2019.951	44.10	8.15	16.54	14.70	12.17	9.49	6.06
2019.953	44.10	8.16	16.51	14.71	12.16	9.51	6.06
2019.956	44.10	8.21	16.44	14.73	12.15	9.52	6.31
2019.959	44.10	8.27	16.36	14.74	12.12	9.55	6.44
2019.962	44.03	8.39	16.29	14.76	12.12	9.56	6.45
2019.964	43.86	8.60	16.23	14.77	12.11	9.57	6.45
2019.967	43.73	8.75	16.20	14.78	12.09	9.59	6.45
2019.970	43.70	8.81	16.15	14.74	12.14	9.60	6.45
2019.973	43.65	8.91	16.09	14.74	12.14	9.60	6.45
2019.975	43.64	9.02	15.96	14.77	12.17	9.58	6.45
2019.978	43.64	9.22	15.74	14.79	12.20	9.55	6.45
2019.981	43.64	9.19	15.73	14.83	12.16	9.58	6.45
2019.984	43.66	9.14	15.73	14.87	12.14	9.60	6.46
2019.986	43.67	9.12	15.70	14.90	12.13	9.60	6.47
2019.989	43.68	9.56	15.22	14.91	12.13	9.59	6.49
2019.992	43.73	9.53	15.19	14.92	12.13	9.59	6.49
2019.995	43.82	9.46	15.17	14.93	12.13	9.62	6.46
2019.997	43.84	9.02	15.58	14.93	12.13	9.62	6.46
2020.000	44.02	8.79	15.63	14.94	12.13	9.61	6.46
2020.003	44.12	8.70	15.63	14.94	12.13	9.61	6.46
2020.005	44.13	8.70	15.60	14.95	12.13	9.61	6.46
2020.008	44.14	8.68	15.65	14.91	12.12	9.61	6.46
2020.011	44.10	8.73	15.70	14.86	12.11	9.62	6.46
2020.014	44.10	8.73	15.69	14.87	12.09	9.64	6.46
2020.016	44.10	8.74	15.63	14.94	12.06	9.64	6.47
2020.019	44.10	8.75	15.62	14.96	12.01	9.63	6.50
2020.022	44.10	8.77	15.60	14.98	11.99	9.64	6.50
2020.025	43.85	9.05	15.54	15.02	11.97	9.63	6.49
2020.027	43.64	9.27	15.52	15.03	11.95	9.60	6.53
2020.030	43.63	9.27	15.51	15.05	11.95	9.60	6.52
2020.033	43.63	9.25	15.53	15.03	11.97	9.60	6.53
2020.036	43.63	9.24	15.41	15.18	11.97	9.60	6.55
2020.038	43.63	9.22	15.39	15.21	11.96	9.60	6.56
2020.041	43.63	9.20	15.39	15.23	11.95	9.61	6.57
2020.044	43.63	9.19	15.40	15.21	11.97	9.61	6.57
2020.047	43.63	9.15	15.43	15.23	11.95	9.61	6.57
2020.049	43.63	9.15	15.44	15.25	11.94	9.61	6.57
2020.052	43.63	9.15	15.45	15.25	11.96	9.61	6.54
2020.055	43.63	9.15	15.48	15.22	11.97	9.59	6.54
2020.058	43.63	9.15	15.51	15.23	11.95	9.57	6.55
2020.060	43.63	9.15	15.57	15.18	11.97	9.54	6.55
2020.063	43.64	9.14	15.63	15.15	11.96	9.52	6.55
2020.066	43.71	9.12	15.60	15.15	11.96	9.49	6.56
2020.068	44.04	8.75	15.65	15.17	11.93	9.49	6.56
2020.071	44.10	8.66	15.70	15.18	11.90	9.49	6.56
2020.074	44.10	8.66	15.70	15.17	11.91	9.48	6.60
2020.077	44.10	8.66	15.70	15.17	11.91	9.49	6.64
2020.079	44.10	8.68	15.71	15.17	11.89	9.47	6.66
2020.082	44.10	8.71	15.79	15.14	11.83	9.46	6.67
2020.085	44.10	8.74	15.78	15.12	11.83	9.46	6.68
2020.088	44.10	8.77	15.77	15.09	11.83	9.46	6.69
2020.090	44.10	8.80	15.77	15.08	11.81	9.46	6.70
2020.093	44.10	8.84	15.71	15.13	11.79	9.46	6.70
2020.096	44.10	8.89	15.57	15.23	11.78	9.45	6.70
2020.099	44.08	8.95	15.42	15.33	11.79	9.45	6.70
2020.101	44.06	9.03	15.37	15.33	11.78	9.44	6.70
2020.104	44.04	9.12	15.29	15.33	11.79	9.44	6.70
2020.107	44.02	9.24	15.20	15.31	11.81	9.44	6.70
2020.110	44.01	9.39	15.05	15.30	11.83	9.43	6.70
2020.112	43.99	9.41	15.06	15.28	11.93	9.35	6.70
2020.115	43.97	9.40	15.09	15.26	11.95	9.35	6.70
2020.118	43.96	9.38	15.17	15.23	11.92	9.35	6.70
2020.121	43.94	9.38	15.27	15.16	11.91	9.35	6.70
2020.123	43.91	9.43	15.28	15.24	11.81	9.34	6.70
2020.126	43.89	9.46	15.26	15.26	11.85	9.30	6.69
2020.129	43.87	9.51	15.21	15.28	11.86	9.28	6.69
2020.132	43.85	9.64	15.09	15.27	11.86	9.28	6.70
2020.134	43.84	9.66	15.09	15.26	11.87	9.29	6.70
2020.137	43.82	9.68	15.08	15.26	11.87	9.31	6.70
2020.140	43.80	9.69	15.06	15.26	11.88	9.33	6.69
2020.142	43.79	9.71	15.05	15.26	11.88	9.34	6.69
2020.145	43.75	9.76	15.06	15.20	11.89	9.36	6.69
2020.148	43.74	9.78	15.07	15.17	11.90	9.36	6.69
2020.151	43.78	9.76	15.08	15.14	11.90	9.37	6.69
2020.153	43.87	9.68	15.10	15.10	11.91	9.37	6.69
2020.156	43.88	9.70	15.09	15.08	11.90	9.38	6.69
2020.159	43.87	9.71	15.09	15.08	11.89	9.39	6.68
2020.162	43.87	9.66	15.14	15.09	11.87	9.42	6.68
2020.164	43.88	9.62	15.17	15.08	11.86	9.44	6.68
2020.167	43.87	9.61	15.22	15.05	11.85	9.44	6.86
2020.170	43.86	9.62	15.28	14.99	11.85	9.45	6.92
2020.173	43.84	9.63	15.34	14.93	11.84	9.45	6.92
2020.175	43.83	9.64	15.37	14.90	11.84	9.49	6.88
2020.178	43.82	9.65	15.43	14.84	11.84	9.53	6.85
2020.181	43.81	9.66	15.48	14.79	11.84	9.54	6.83
2020.184	43.80	9.66	15.51	14.76	11.84	9.58	6.80
2020.186	43.79	9.67	15.56	14.71	11.84	9.59	6.78
2020.189	43.78	9.67	15.58	14.69	11.84	9.59	6.76
2020.192	43.71	9.74	15.59	14.68	11.83	9.60	6.75
2020.195	43.71	9.75	15.61	14.70	11.79	9.60	6.74
2020.197	43.70	9.75	15.62	14.75	11.73	9.60	6.73
2020.200	43.70	9.75	15.62	14.81	11.67	9.65	6.68
2020.203	43.65	9.80	15.70	14.76	11.64	9.65	6.66
2020.205	43.58	9.87	15.78	14.68	11.64	9.65	6.60
2020.208	43.50	9.94	15.85	14.61	11.63	9.64	6.51
2020.211	43.44	10.01	15.88	14.60	11.61	9.64	6.52
2020.214	43.41	10.03	15.87	14.62	11.61	9.63	6.53
2020.216	43.35	10.09	15.86	14.65	11.59	9.62	6.53
2020.219	43.33	10.10	15.87	14.65	11.58	9.62	6.53
2020.222	43.31	10.13	15.87	14.66	11.56	9.62	6.53
2020.225	43.29	10.15	15.84	14.70	11.56	9.62	6.53
2020.227	43.27	10.16	15.85	14.71	11.55	9.62	6.53
2020.230	43.25	10.10	15.95	14.68	11.56	9.62	6.52
2020.233	43.24	10.05	16.00	14.69	11.55	9.62	6.52
2020.236	43.23	10.03	16.04	14.68	11.56	9.62	6.52
2020.238	43.24	10.04	16.05	14.68	11.56	9.59	6.52
2020.241	43.26	10.03	16.05	14.70	11.55	9.57	6.50
2020.244	43.30	9.94	16.11	14.71	11.53	9.57	6.49
2020.247	43.32	9.81	16.23	14.72	11.51	9.58	6.48
2020.249	43.33	9.66	16.36	14.73	11.49	9.59	6.47
2020.252	43.35	9.49	16.50	14.69	11.54	9.59	6.45
2020.255	43.37	9.43	16.54	14.63	11.60	9.60	6.44
2020.258	43.41	9.36	16.57	14.63	11.60	9.61	6.43
2020.260	43.43	9.25	16.65	14.61	11.62	9.61	6.43
2020.263	43.43	9.29	16.60	14.67	11.56	9.62	6.43
2020.266	43.42	9.35	16.55	14.72	11.52	9.61	6.42
2020.268	43.41	9.41	16.48	14.73	11.54	9.61	6.42
2020.271	43.40	9.47	16.42	14.73	11.56	9.61	6.41
2020.274	43.39	9.49	16.39	14.74	11.59	9.60	6.40
2020.277	43.38	9.52	16.34	14.75	11.62	9.58	6.39
2020.279	43.38	9.58	16.25	14.78	11.65	9.58	6.38
2020.282	43.36	9.64	16.21	14.81	11.62	9.58	6.37
2020.285	43.36	9.67	16.21	14.83	11.60	9.57	6.36
2020.288	43.35	9.70	16.20	14.85	11.59	9.56	6.35
2020.290	43.33	9.71	16.21	14.85	11.60	9.56	6.34
2020.293	43.33	9.70	16.21	14.86	11.62	9.55	6.33
2020.296	43.32	9.69	16.20	14.87	11.66	9.54	6.33
2020.299	43.32	9.68	16.20	14.83	11.69	9.55	6.32
2020.301	43.31	9.67	16.20	14.91	11.62	9.57	6.32
2020.304	43.32	9.66	16.20	14.92	11.61	9.59	6.31
2020.307	43.31	9.65	16.20	14.94	11.60	9.60	6.31
2020.310	43.33	9.62	16.18	14.96	11.59	9.62	6.30
2020.312	43.37	9.57	16.16	15.02	11.55	9.63	6.29
2020.315	43.40	9.52	16.14	15.06	11.53	9.67	6.27
2020.318	43.44	9.48	16.12	15.03	11.59	9.77	6.18
2020.321	43.47	9.43	16.12	15.05	11.57	9.80	6.16
2020.323	43.42	9.47	16.12	15.06	11.56	9.78	6.19
2020.326	43.23	9.65	16.09	15.12	11.54	9.71	6.26
2020.329	43.20	9.67	16.08	15.14	11.53	9.73	6.26
2020.332	43.20	9.66	16.16	15.07	11.52	9.74	6.25
2020.334	43.19	9.66	16.20	15.04	11.51	9.76	6.25
2020.337	43.18	9.66	16.18	15.05	11.51	9.78	6.24
2020.340	43.17	9.65	16.15	15.11	11.51	9.79	6.24
2020.342	43.16	9.65	16.15	15.08	11.54	9.80	6.26
2020.345	43.15	9.65	16.20	14.99	11.60	9.82	6.27
2020.348	43.14	9.65	16.23	14.97	11.57	9.91	6.24
2020.351	43.13	9.64	16.31	14.90	11.57	9.93	6.23
2020.353	43.12	9.64	16.38	14.84	11.63	9.92	6.18
2020.356	43.12	9.64	16.42	14.81	11.64	9.96	6.14
2020.359	43.10	9.63	16.50	14.69	11.71	9.96	6.12
2020.362	43.10	9.63	16.53	14.64	11.74	9.92	6.15
2020.364	43.09	9.63	16.56	14.61	11.75	9.88	6.21
2020.367	43.07	9.63	16.50	14.63	11.77	9.84	6.27
2020.370	43.07	9.63	16.45	14.69	11.76	9.84	6.28
2020.373	43.06	9.57	16.46	14.73	11.77	9.85	6.27
2020.375	43.06	9.37	16.64	14.73	11.83	9.81	6.27
2020.378	43.06	9.28	16.71	14.75	11.86	9.80	6.26
2020.381	43.04	9.23	16.77	14.76	11.89	9.78	6.25
2020.384	43.01	9.21	16.82	14.78	11.89	9.76	6.25
2020.386	43.00	9.21	16.82	14.83	11.87	9.74	6.25
2020.389	42.99	9.21	16.82	14.87	11.84	9.75	6.24
2020.392	42.97	9.20	16.82	14.90	11.83	9.75	6.24
2020.395	42.96	9.20	16.80	14.93	11.82	9.76	6.24
2020.397	42.94	9.20	16.80	14.86	11.88	9.78	6.24
2020.400	42.93	9.20	16.88	14.76	11.94	9.77	6.24
2020.403	42.90	9.23	16.91	14.67	12.01	9.75	6.24
2020.405	42.82	9.30	16.92	14.63	12.07	9.74	6.24
2020.408	42.74	9.37	16.89	14.62	12.13	9.72	6.24
2020.411	42.69	9.42	16.69	14.81	12.16	9.74	6.21
2020.414	42.65	9.46	16.59	14.92	12.07	9.85	6.18
2020.416	42.63	9.46	16.56	14.98	11.98	9.97	6.14
2020.419	42.72	9.37	16.52	15.03	11.90	10.08	6.10
2020.422	42.82	9.26	16.48	15.09	11.93	10.03	6.10
2020.425	42.80	9.27	16.45	15.15	12.10	9.84	6.10
2020.427	42.79	9.28	16.40	15.23	12.12	9.80	6.10
2020.430	42.77	9.30	16.35	15.29	12.06	9.86	6.07
2020.433	42.76	9.31	16.31	15.36	11.97	9.95	6.04
2020.436	42.75	9.33	16.26	15.42	11.91	10.01	6.01
2020.438	42.74	9.35	16.22	15.47	11.87	10.07	5.97
2020.441	42.72	9.37	16.15	15.56	11.82	10.12	5.96
2020.444	42.70	9.39	16.13	15.60	11.76	10.16	5.95
2020.447	42.69	9.40	16.12	15.62	11.71	10.20	5.94
2020.449	42.67	9.42	16.10	15.65	11.68	10.25	5.85
2020.452	42.66	9.43	16.08	15.63	11.70	10.27	5.84
2020.455	42.65	9.45	16.05	15.66	11.70	10.28	5.83
2020.458	42.64	9.44	16.07	15.68	11.70	10.28	5.82
2020.460	42.62	9.41	16.11	15.68	11.72	10.27	5.81
2020.463	42.60	9.46	16.07	15.68	11.82	10.18	5.81
2020.466	42.60	9.44	16.12	15.63	11.89	10.14	5.80
2020.468	42.59	9.44	16.15	15.57	11.98	10.10	5.85
2020.471	42.58	9.43	16.17	15.54	12.00	10.10	5.88
2020.474	42.57	9.44	16.19	15.56	11.94	10.13	5.88
2020.477	42.46	9.54	16.21	15.55	11.88	10.23	5.84
2020.479	42.37	9.64	16.25	15.44	11.91	10.30	5.80
2020.482	42.28	9.75	16.33	15.32	11.92	10.40	5.73
2020.485	42.19	9.85	16.35	15.29	11.88	10.46	5.69
2020.488	42.17	9.89	16.23	15.39	11.86	10.53	5.65
2020.490	42.14	9.93	16.36	15.24	11.85	10.61	5.58
2020.493	42.14	9.95	16.39	15.19	11.85	10.65	5.54
2020.496	42.14	9.96	16.37	15.25	11.80	10.68	5.50
2020.499	42.16	9.96	16.35	15.29	11.78	10.70	5.48
2020.501	42.12	10.01	16.58	15.08	11.75	10.72	5.46
2020.504	42.03	10.12	16.68	15.01	11.71	10.75	5.42
2020.507	41.94	10.22	16.74	14.96	11.71	10.76	5.41
2020.510	41.85	10.32	16.75	14.94	11.71	10.75	5.40
2020.512	41.76	10.42	16.74	14.99	11.70	10.73	5.38
2020.515	41.67	10.50	16.71	15.04	11.67	10.75	5.38
2020.518	41.61	10.54	16.69	15.08	11.70	10.72	5.37
2020.521	41.60	10.55	16.60	15.17	11.72	10.71	5.37
2020.523	41.60	10.45	16.64	15.21	11.74	10.71	5.37
2020.526	41.60	10.43	16.57	15.29	11.74	10.73	5.36
2020.529	41.60	10.42	16.46	15.41	11.72	10.76	5.36
2020.532	41.60	10.41	16.26	15.60	11.71	10.78	5.35
2020.534	41.61	10.39	16.21	15.65	11.71	10.81	5.34
2020.537	41.61	10.38	16.21	15.64	11.72	10.83	5.33
2020.540	41.61	10.37	16.19	15.66	11.73	10.85	5.32
2020.542	41.61	10.35	16.16	15.68	11.74	10.86	5.31
2020.545	41.61	10.34	16.14	15.70	11.75	10.88	5.31
2020.548	41.61	10.32	16.15	15.69	11.76	10.90	5.33
2020.551	41.61	10.37	16.10	15.69	11.76	10.91	5.35
2020.553	41.61	10.34	16.13	15.65	11.79	10.93	5.37
2020.556	41.61	10.29	16.17	15.67	11.77	10.94	5.42
2020.559	41.62	10.28	16.19	15.64	11.77	10.98	5.43
2020.562	41.62	10.26	16.21	15.64	11.74	11.02	5.45
2020.564	41.59	10.27	16.21	15.62	11.73	11.06	5.47
2020.567	41.46	10.41	16.19	15.61	11.79	11.05	5.46
2020.570	41.44	10.42	16.19	15.59	11.82	11.06	5.45
2020.573	41.42	10.43	16.19	15.63	11.79	11.05	5.45
2020.575	41.48	10.37	16.19	15.65	11.81	11.03	5.45
2020.578	41.49	10.35	16.19	15.65	11.81	11.04	5.44
2020.581	41.50	10.33	16.20	15.62	11.85	11.04	5.44
2020.584	41.51	10.32	16.21	15.58	11.88	11.04	5.45
2020.586	41.53	10.30	16.22	15.59	11.87	11.02	5.47
2020.589	41.54	10.28	16.22	15.64	11.82	10.96	5.54
2020.592	41.55	10.27	16.23	15.64	11.82	11.01	5.49
2020.595	41.57	10.24	16.23	15.64	11.82	11.03	5.46
2020.597	41.58	10.23	16.24	15.64	11.82	11.05	5.43
2020.600	41.59	10.21	16.25	15.65	11.82	11.07	5.41
2020.603	41.61	10.19	16.25	15.72	11.75	11.06	5.40
2020.605	41.62	10.18	16.26	15.82	11.67	11.05	5.39
2020.608	41.64	10.19	16.22	15.82	11.70	11.03	5.39
2020.611	41.64	10.41	15.99	15.83	11.69	11.02	5.38
2020.614	41.64	10.41	16.00	15.84	11.67	11.04	5.38
2020.616	41.64	10.41	16.00	15.85	11.65	11.05	5.38
2020.619	41.64	10.40	16.00	15.84	11.64	11.06	5.38
2020.622	41.72	10.32	16.00	15.81	11.67	11.07	5.37
2020.625	41.74	10.30	16.00	15.76	11.72	11.06	5.37
2020.627	41.75	10.29	16.01	15.67	11.81	11.06	5.37
2020.630	41.76	10.28	16.01	15.65	11.84	11.05	5.37
2020.633	41.78	10.26	16.01	15.65	11.85	11.12	5.29
2020.636	41.79	10.25	16.01	15.64	11.87	11.13	5.25
2020.638	41.80	10.24	16.01	15.63	11.89	11.12	5.23
2020.641	41.82	10.21	16.02	15.63	11.92	11.10	5.21
2020.644	41.83	10.20	16.04	15.60	11.93	11.10	5.19
2020.647	41.85	10.19	16.05	15.58	11.95	11.09	5.17
2020.649	41.84	10.20	16.04	15.53	12.01	11.08	5.14
2020.652	41.83	10.25	16.00	15.43	12.10	11.10	5.12
2020.655	41.90	10.18	16.00	15.47	12.03	11.13	5.10
2020.658	41.91	10.17	16.01	15.43	12.03	11.18	5.07
2020.660	41.89	10.20	15.99	15.39	12.07	11.18	5.06
2020.663	41.88	10.24	16.07	15.26	12.14	11.13	5.07
2020.666	41.87	10.29	16.03	15.27	12.21	11.06	5.12
2020.668	41.86	10.32	15.96	15.30	12.28	10.98	5.16
2020.671	41.85	10.37	15.87	15.36	12.33	10.93	5.21
2020.674	41.84	10.37	15.87	15.37	12.36	10.89	5.25
2020.677	41.83	10.37	15.87	15.37	12.45	10.82	5.26
2020.679	41.81	10.37	15.86	15.32	12.50	10.82	5.28
2020.682	41.81	10.37	15.87	15.34	12.49	10.82	5.29
2020.685	41.80	10.35	15.90	15.36	12.47	10.81	5.31
2020.688	41.81	10.33	15.91	15.40	12.42	10.82	5.32
2020.690	41.87	10.25	15.92	15.43	12.39	10.85	5.30
2020.693	41.94	10.17	15.90	15.46	12.39	10.89	5.29
2020.696	42.00	10.09	15.87	15.47	12.26	11.06	5.28
2020.699	42.06	10.02	15.96	15.43	12.15	11.14	5.28
2020.701	42.11	9.96	15.97	15.45	12.19	11.08	5.28
2020.704	42.12	9.94	15.98	15.47	12.23	11.02	5.27
2020.707	42.12	9.94	15.98	15.48	12.29	10.95	5.27
2020.710	42.14	10.05	15.85	15.49	12.13	11.11	5.27
2020.712	42.15	10.10	15.79	15.50	12.11	11.12	5.26
2020.715	42.16	10.11	15.76	15.62	12.00	11.11	5.26
2020.718	42.18	10.11	15.75	15.65	12.02	11.08	5.24
2020.721	42.19	10.12	15.73	15.68	12.02	11.10	5.20
2020.723	42.21	10.10	15.73	15.69	12.03	11.10	5.17
2020.726	42.22	10.05	15.77	15.70	12.04	11.10	5.14
2020.729	42.23	10.01	15.80	15.72	12.00	11.14	5.12
2020.732	42.25	9.96	15.83	15.72	11.97	11.21	5.07
2020.734	42.26	9.94	15.84	15.74	11.91	11.28	5.08
2020.737	42.24	9.94	15.86	15.75	11.88	11.32	5.02
2020.740	42.08	10.09	15.84	15.80	11.82	11.39	5.00
2020.742	41.92	10.24	15.81	15.83	11.81	11.43	4.95
2020.745	41.74	10.41	15.83	15.75	11.88	11.45	4.93
2020.748	41.81	10.33	15.84	15.72	11.91	11.46	4.91
2020.751	41.89	10.24	15.85	15.71	11.92	11.44	4.95
2020.753	41.97	10.16	15.86	15.70	12.10	11.25	5.00
2020.756	42.02	10.09	15.86	15.66	12.20	11.17	5.09
2020.759	42.03	10.07	15.85	15.61	12.27	11.16	5.14
2020.762	42.04	10.05	15.81	15.64	12.25	11.17	5.12
2020.764	42.05	10.03	15.79	15.64	12.21	11.22	5.13
2020.767	42.03	10.07	15.70	15.77	12.09	11.23	5.17
2020.770	42.01	10.14	15.65	15.88	11.96	11.23	5.18
2020.773	41.99	10.28	15.55	15.96	11.85	11.20	5.19
2020.775	41.97	10.36	15.55	15.95	11.81	11.18	5.19
2020.778	41.93	10.46	15.50	15.95	11.82	11.17	5.18
2020.781	41.90	10.47	15.53	15.93	11.83	11.14	5.17
2020.784	41.88	10.46	15.57	15.91	11.85	11.01	5.27
2020.786	41.86	10.45	15.62	15.89	11.88	10.88	5.36
2020.789	41.84	10.45	15.65	15.87	11.89	10.85	5.41
2020.792	41.82	10.47	15.68	15.84	11.89	10.86	5.42
2020.795	41.78	10.49	15.74	15.78	11.94	10.82	5.43
2020.797	41.77	10.45	15.82	15.71	12.04	10.77	5.44
2020.800	41.77	10.41	15.87	15.74	12.03	10.76	5.47
2020.803	41.77	10.50	15.78	15.76	12.03	10.75	5.48
2020.805	41.77	10.52	15.76	15.76	12.03	10.75	5.49
2020.808	41.77	10.53	15.75	15.82	11.96	10.77	5.46
2020.811	41.77	10.56	15.73	15.80	11.95	10.80	5.41
2020.814	41.77	10.58	15.70	15.79	11.96	10.82	5.43
2020.816	41.77	10.59	15.69	15.78	11.96	10.82	5.47
2020.819	41.77	10.65	15.63	15.77	11.92	10.86	5.52
2020.822	41.77	10.67	15.61	15.96	11.73	10.89	5.54
2020.825	41.77	10.69	15.59	16.00	11.69	10.90	5.58
2020.827	41.77	10.71	15.58	16.02	11.68	10.90	5.61
2020.830	41.77	10.73	15.55	16.01	11.69	10.91	5.64
2020.833	41.77	10.74	15.53	16.07	11.64	10.93	5.66
2020.836	41.71	10.74	15.59	16.09	11.62	10.94	5.70
2020.838	41.66	10.66	15.72	16.11	11.61	10.97	5.70
2020.841	41.60	10.66	15.78	16.10	11.65	10.96	5.72
2020.844	41.59	10.61	15.86	16.07	11.67	10.96	5.73
2020.847	41.58	10.56	15.94	16.05	11.69	10.95	5.72
2020.849	41.56	10.52	16.00	16.05	11.72	10.94	5.67
2020.852	41.54	10.53	16.01	16.04	11.65	11.01	5.65
2020.855	41.52	10.73	15.84	16.05	11.65	11.05	5.58
2020.858	41.50	10.93	15.65	16.07	11.65	11.13	5.47
2020.860	41.49	11.14	15.43	16.09	11.65	11.14	5.45
2020.863	41.49	11.14	15.42	16.11	11.65	11.21	5.39
2020.866	41.48	11.07	15.51	16.16	11.61	11.35	5.26
2020.868	41.47	10.99	15.60	16.23	11.56	11.37	5.24
2020.871	41.46	10.92	15.68	16.25	11.57	11.34	5.26
2020.874	41.45	10.84	15.77	16.25	11.59	11.32	5.28
2020.877	41.45	10.76	15.85	16.26	11.58	11.32	5.30
2020.879	41.44	10.68	15.94	16.26	11.59	11.30	5.32
2020.882	41.44	10.60	16.02	16.27	11.60	11.28	5.32
2020.885	41.44	10.51	16.11	16.29	11.59	11.20	5.40
2020.888	41.44	10.43	16.21	16.31	11.56	11.02	5.57
2020.890	41.22	10.65	16.25	16.31	11.54	11.01	5.57
2020.893	41.20	10.67	16.25	16.33	11.54	11.01	5.57
2020.896	41.21	10.65	16.25	16.34	11.53	10.99	5.58
2020.899	41.23	10.63	16.28	16.32	11.53	10.96	5.60
2020.901	41.26	10.60	16.30	16.31	11.55	10.93	5.62
2020.904	41.28	10.58	16.29	16.34	11.54	10.90	5.63
2020.907	41.30	10.56	16.28	16.37	11.52	10.85	5.68
2020.910	41.33	10.53	16.28	16.40	11.51	10.79	5.73
2020.912	41.34	10.52	16.30	16.39	11.55	10.74	5.74
2020.915	41.33	10.52	16.32	16.33	11.66	10.67	5.74
2020.918	41.33	10.53	16.32	16.28	11.70	10.67	5.75
2020.921	41.32	10.53	16.35	16.38	11.57	10.65	5.77
2020.923	41.31	10.55	16.37	16.38	11.56	10.61	5.81
2020.926	41.30	10.55	16.38	16.36	11.59	10.54	5.86
2020.929	41.29	10.56	16.42	16.32	11.61	10.51	5.88
2020.932	41.29	10.56	16.45	16.31	11.52	10.58	5.88
2020.934	41.28	10.57	16.49	16.28	11.46	10.62	5.88
2020.937	41.27	10.58	16.50	16.27	11.43	10.65	5.88
2020.940	41.26	10.59	16.51	16.30	11.39	10.64	5.88
2020.942	41.26	10.59	16.52	16.29	11.39	10.64	5.89
2020.945	41.25	10.60	16.51	16.30	11.48	10.56	5.89
2020.948	41.25	10.60	16.52	16.29	11.62	10.41	5.89
2020.951	41.24	10.60	16.64	16.18	11.65	10.37	5.89
2020.953	41.23	10.69	16.61	16.17	11.66	10.33	5.90
2020.956	41.22	10.82	16.48	16.17	11.73	10.25	5.91
2020.959	41.22	10.81	16.49	16.19	11.75	10.25	5.89
2020.962	41.21	10.77	16.49	16.24	11.73	10.27	5.88
2020.964	41.21	10.76	16.52	16.27	11.67	10.30	5.87
2020.967	41.20	10.80	16.48	16.29	11.65	10.28	5.88
2020.970	41.19	10.91	16.37	16.31	11.65	10.32	5.82
2020.973	41.18	10.88	16.49	16.27	11.63	10.31	5.82
2020.975	41.18	10.84	16.56	16.26	11.61	10.30	5.91
2020.978	41.18	10.81	16.62	16.26	11.59	10.35	5.92
2020.981	41.17	10.78	16.80	16.13	11.56	10.41	5.94
2020.984	41.17	10.75	16.83	16.15	11.55	10.44	5.97
2020.986	41.16	10.72	16.86	16.17	11.58	10.48	5.93
2020.989	41.16	10.69	16.88	16.20	11.62	10.48	5.89
2020.992	41.16	10.68	16.88	16.24	11.60	10.50	5.87
2020.995	41.15	10.68	16.91	16.23	11.61	10.49	5.87
2020.997	41.15	10.68	16.95	16.23	11.61	10.44	5.88
2021.000	41.14	10.69	17.02	16.22	11.58	10.42	5.89
2021.003	41.14	10.69	17.07	16.19	11.55	10.41	5.89
2021.005	41.14	10.69	17.10	16.20	11.54	10.39	5.89
2021.008	41.13	10.69	17.13	16.18	11.54	10.41	5.85
2021.011	41.13	10.70	17.16	16.18	11.53	10.37	5.88
2021.014	41.13	10.70	17.20	16.16	11.53	10.32	5.91
2021.016	41.13	10.70	17.21	16.16	11.55	10.29	5.92
2021.019	41.13	10.70	17.21	16.16	11.58	10.24	5.93
2021.022	41.16	10.66	17.26	16.14	11.60	10.19	5.93
2021.025	41.19	10.64	17.33	16.14	11.57	10.15	5.94
2021.027	41.30	10.52	17.44	16.05	11.58	10.11	5.94
2021.030	41.40	10.42	17.45	16.03	11.63	10.12	5.89
2021.033	41.61	10.21	17.39	16.10	11.63	10.06	5.94
2021.036	41.71	10.11	17.43	16.03	11.65	10.05	5.96
2021.038	41.76	10.06	17.46	16.01	11.59	10.10	6.17
2021.041	41.77	10.04	17.51	15.97	11.59	10.10	6.16
2021.044	41.76	9.94	17.65	15.95	11.60	10.08	6.07
2021.047	41.76	9.89	17.76	15.90	11.59	10.06	5.98
2021.049	41.75	9.89	17.80	15.87	11.58	10.07	5.99
2021.052	41.74	9.90	17.82	15.83	11.59	10.07	6.00
2021.055	41.74	9.90	17.83	15.82	11.59	10.06	6.00
2021.058	41.74	9.90	17.85	15.87	11.52	10.05	6.01
2021.060	41.73	9.91	17.82	15.88	11.54	10.05	6.01
2021.063	41.73	9.91	17.82	15.86	11.54	10.07	6.02
2021.066	41.74	9.90	17.80	15.85	11.55	10.08	6.03
2021.068	41.76	9.88	17.80	15.87	11.56	10.08	6.00
2021.071	41.81	9.84	17.79	15.94	11.50	10.12	5.93
2021.074	41.83	9.82	17.77	15.94	11.48	10.16	5.92
2021.077	41.85	9.80	17.75	16.00	11.41	10.18	5.91
2021.079	41.87	9.78	17.74	16.00	11.41	10.20	5.91
2021.082	41.89	9.77	17.74	16.00	11.38	10.21	5.84
2021.085	41.89	9.78	17.72	16.04	11.33	10.21	5.77
2021.088	41.85	9.83	17.67	16.09	11.52	9.98	5.75
2021.090	41.83	9.88	17.60	16.21	11.46	9.95	5.68
2021.093	41.80	9.89	17.63	16.21	11.47	9.88	5.70
2021.096	41.76	9.98	17.59	16.19	11.64	9.68	5.73
2021.099	41.74	10.03	17.58	16.18	11.60	9.72	5.74
2021.101	41.69	10.10	17.43	16.30	11.55	9.77	5.75
2021.104	41.67	10.14	17.35	16.37	11.53	9.77	5.75
2021.107	41.65	10.19	17.30	16.39	11.51	9.79	5.76
2021.110	41.60	10.23	17.32	16.37	11.48	9.81	5.77
2021.112	41.56	10.17	17.48	16.34	11.42	9.86	5.75
2021.115	41.52	10.20	17.54	16.31	11.36	9.92	5.73
2021.118	41.48	10.24	17.62	16.13	11.43	9.97	5.71
2021.121	41.46	10.27	17.67	16.11	11.37	10.02	5.69
2021.123	41.49	10.24	17.70	16.09	11.33	10.04	5.69
2021.126	41.47	10.26	17.64	16.15	11.30	10.06	5.69
2021.129	41.46	10.28	17.63	16.15	11.28	10.10	5.68
2021.132	41.44	10.30	17.68	16.05	11.30	10.14	5.67
2021.134	41.43	10.32	17.72	15.97	11.32	10.16	5.67
2021.137	41.41	10.34	17.76	15.87	11.32	10.22	5.66
2021.140	41.40	10.35	17.79	15.79	11.26	10.32	5.66
2021.142	41.40	10.37	17.70	15.86	11.28	10.33	5.65
2021.145	41.40	10.37	17.61	15.97	11.26	10.33	5.65
2021.148	41.47	10.30	17.36	16.21	11.27	10.32	5.65
2021.151	41.56	10.22	17.39	16.19	11.21	10.34	5.65
2021.153	41.64	10.16	17.37	16.20	11.16	10.37	5.65
2021.156	41.73	10.08	17.29	16.30	11.07	10.41	5.66
2021.159	41.82	10.01	17.28	16.32	11.04	10.41	5.66
2021.162	41.88	9.96	17.29	16.33	11.00	10.42	5.66
2021.164	41.88	9.97	17.32	16.32	10.97	10.44	5.61
2021.167	41.89	9.97	17.32	16.33	10.95	10.44	5.56
2021.170	41.89	9.99	17.31	16.34	10.94	10.41	5.54
2021.173	41.90	10.00	17.31	16.33	10.94	10.36	5.62
2021.175	41.92	10.00	17.29	16.32	10.96	10.34	5.71
2021.178	41.96	9.93	17.34	16.32	10.96	10.36	5.72
2021.181	41.97	9.93	17.33	16.31	10.96	10.39	5.68
2021.184	42.03	9.91	17.30	16.32	10.92	10.40	5.70
2021.186	42.22	9.76	17.28	16.33	10.89	10.39	5.72
2021.189	42.32	9.64	17.32	16.35	10.85	10.39	5.72
2021.192	42.41	9.54	17.32	16.31	10.92	10.34	5.73
2021.195	42.60	9.33	17.37	16.29	10.88	10.34	5.77
2021.197	42.70	9.20	17.36	16.33	10.92	10.28	5.79
2021.200	42.80	9.09	17.38	16.29	10.97	10.23	5.80
2021.203	42.89	8.96	17.44	16.28	11.00	10.18	5.83
2021.205	43.08	8.69	17.53	16.21	11.08	10.12	5.85
2021.208	43.18	8.55	17.60	16.18	11.11	10.10	5.85
2021.211	43.27	8.43	17.62	16.19	11.12	10.07	5.86
2021.214	43.44	8.25	17.65	16.19	11.14	10.02	5.86
2021.216	43.47	8.19	17.69	16.20	11.15	10.00	5.87
2021.219	43.49	8.15	17.72	16.18	11.20	9.97	5.91
2021.222	43.54	8.08	17.75	16.12	11.25	9.98	5.93
2021.225	43.57	8.04	17.78	16.07	11.30	9.99	5.95
2021.227	43.59	8.00	17.82	16.01	11.34	10.01	5.96
2021.230	43.61	7.94	17.94	15.91	11.34	10.03	5.96
2021.233	43.66	7.86	17.96	15.93	11.29	10.05	5.96
2021.236	43.69	7.83	17.95	15.97	11.28	10.03	5.97
2021.238	43.71	7.79	17.99	15.95	11.29	9.98	5.99
2021.241	43.74	7.74	18.02	15.94	11.30	9.91	6.03
2021.244	43.78	7.68	18.04	15.94	11.32	9.91	5.99
2021.247	43.81	7.66	18.04	15.95	11.32	9.92	5.95
2021.249	43.84	7.64	18.04	15.95	11.28	9.95	5.93
2021.252	43.87	7.63	18.01	15.97	11.24	9.98	5.91
2021.255	43.92	7.59	17.99	16.00	11.23	9.99	5.86
2021.258	43.93	7.60	17.96	16.00	11.25	9.98	5.83
2021.260	43.93	7.61	17.92	15.96	11.31	9.97	5.83
2021.263	43.94	7.62	17.88	15.89	11.32	10.03	5.84
2021.266	43.96	7.64	17.84	15.83	11.33	10.11	5.84
2021.268	43.96	7.62	17.82	15.86	11.29	10.14	5.84
2021.271	43.97	7.62	17.77	15.90	11.25	10.14	5.88
2021.274	43.98	7.62	17.71	15.96	11.26	10.11	5.89
2021.277	43.99	7.62	17.68	15.99	11.29	10.02	5.92
2021.279	44.00	7.62	17.74	15.93	11.31	9.92	5.99
2021.282	44.01	7.64	17.70	15.95	11.28	9.88	6.04
2021.285	44.02	7.64	17.66	15.96	11.28	9.91	6.03
2021.288	44.03	7.64	17.63	15.94	11.32	9.90	5.90
2021.290	44.04	7.66	17.65	15.85	11.39	9.88	5.72
2021.293	44.05	7.69	17.81	15.63	11.43	9.86	5.65
2021.296	44.06	7.70	17.91	15.51	11.47	9.81	5.50
2021.299	44.07	7.71	17.88	15.50	11.51	9.78	5.36
2021.301	44.08	7.75	17.83	15.50	11.55	9.77	5.32
2021.304	44.09	7.75	17.79	15.48	11.63	9.74	5.30
2021.307	44.09	7.76	17.74	15.50	11.69	9.71	5.28
2021.310	44.09	7.77	17.70	15.51	11.73	9.69	5.26
2021.312	44.06	7.83	17.64	15.52	11.75	9.70	5.20
2021.315	44.05	7.87	17.59	15.52	11.78	9.68	5.12
2021.318	44.04	7.90	17.59	15.50	11.80	9.67	5.12
2021.321	44.04	7.94	17.59	15.44	11.84	9.64	5.12
2021.323	44.01	7.97	17.60	15.36	11.92	9.63	5.10
2021.326	44.00	7.99	17.61	15.28	11.97	9.67	4.97
2021.329	43.99	8.02	17.63	15.24	11.98	9.67	4.96
2021.332	43.97	8.06	17.59	15.24	12.01	9.66	5.06
2021.334	43.96	8.08	17.53	15.29	12.00	9.65	5.08
2021.337	43.95	8.10	17.48	15.38	11.97	9.64	5.06
2021.340	43.93	8.15	17.34	15.54	11.96	9.63	5.04
2021.342	43.92	8.16	17.32	15.59	11.94	9.66	5.00
2021.345	43.91	8.18	17.27	15.64	11.89	9.71	4.97
2021.348	43.89	8.22	17.20	15.72	11.83	9.79	4.94
2021.351	43.88	8.25	17.22	15.70	11.72	9.87	4.94
2021.353	43.88	8.26	17.25	15.64	11.70	9.90	4.94
2021.356	43.83	8.32	17.32	15.54	11.71	9.90	4.95
2021.359	43.80	8.37	17.34	15.53	11.69	9.89	4.95
2021.362	43.69	8.49	17.27	15.62	11.68	9.85	4.96
2021.364	43.44	8.76	17.21	15.67	11.71	9.81	4.97
2021.367	43.18	9.05	17.13	15.71	11.77	9.75	4.97
2021.370	43.08	9.24	16.99	15.70	11.83	9.75	4.97
2021.373	42.88	9.48	16.83	15.84	11.79	9.75	4.99
2021.375	42.81	9.59	16.72	15.87	11.83	9.74	5.01
2021.378	42.81	9.71	16.58	15.89	11.85	9.71	5.01
2021.381	42.79	9.75	16.54	15.91	11.87	9.66	5.05
2021.384	42.80	9.65	16.62	15.95	11.85	9.66	5.06
2021.386	42.79	9.58	16.69	15.99	11.83	9.65	5.06
2021.389	42.79	9.41	16.84	16.05	11.82	9.63	5.05
2021.392	42.80	9.31	16.91	16.08	11.80	9.64	5.01
2021.395	42.85	9.18	16.93	16.15	11.81	9.63	4.97
2021.397	43.04	8.86	17.06	16.16	11.85	9.59	4.92
2021.400	43.34	8.52	17.12	16.14	11.86	9.58	4.92
2021.403	43.38	8.45	17.18	16.12	11.87	9.56	4.91
2021.405	43.37	8.43	17.22	16.10	11.92	9.52	4.91
2021.408	43.34	8.46	17.24	15.97	12.04	9.50	4.90
2021.411	43.33	8.47	17.24	15.83	12.21	9.47	4.90
2021.414	43.32	8.49	17.25	15.76	12.29	9.45	4.90
2021.416	43.29	8.52	17.26	15.76	12.31	9.42	4.90
2021.419	43.28	8.53	17.22	15.77	12.33	9.42	4.90
2021.422	43.27	8.55	17.21	15.75	12.36	9.42	4.90
2021.425	43.24	8.57	17.22	15.73	12.35	9.43	4.90
2021.427	43.23	8.59	17.23	15.74	12.36	9.32	4.98
2021.430	43.21	8.60	17.23	15.75	12.35	9.22	5.07
2021.433	43.19	8.62	17.24	15.77	12.31	9.19	5.10
2021.436	43.21	8.61	17.26	15.76	12.33	9.06	5.21
2021.438	43.23	8.59	17.29	15.75	12.32	9.05	5.20
2021.441	43.24	8.58	17.32	15.73	12.33	9.03	5.20
2021.444	43.25	8.67	17.27	15.68	12.36	9.00	5.20
2021.447	43.25	9.05	16.93	15.63	12.43	8.93	5.19
2021.449	43.22	9.07	16.97	15.59	12.48	8.89	5.19
2021.452	43.19	9.10	17.01	15.55	12.56	8.82	5.18
2021.455	43.16	9.12	17.05	15.51	12.62	8.76	5.18
2021.458	43.10	9.17	17.09	15.48	12.60	8.79	5.17
2021.460	43.02	9.24	17.14	15.42	12.60	8.83	5.14
2021.463	42.93	9.33	17.17	15.34	12.61	8.86	5.14
2021.466	42.89	9.35	17.21	15.23	12.65	8.88	5.16
2021.468	42.83	9.41	17.24	15.19	12.64	8.90	5.15
2021.471	42.69	9.54	17.27	15.17	12.69	8.86	5.14
2021.474	42.58	9.65	17.31	15.12	12.79	8.78	5.13
2021.477	42.46	9.76	17.31	15.10	12.84	8.76	5.11
2021.479	42.36	9.85	17.29	15.10	12.88	8.77	5.09
2021.482	42.27	9.94	17.26	15.11	12.92	8.79	5.05
2021.485	42.17	10.03	17.24	15.11	12.96	8.79	5.03
2021.488	42.14	10.06	17.21	15.12	13.00	8.76	5.05
2021.490	42.12	10.07	17.24	15.09	13.02	8.75	5.03
2021.493	42.11	10.08	17.28	15.05	13.04	8.75	5.02
2021.496	42.09	10.09	17.30	15.04	13.04	8.75	5.00
2021.499	42.07	10.09	17.34	15.00	13.06	8.75	4.98
2021.501	42.06	10.10	17.36	14.97	13.09	8.74	4.97
2021.504	42.04	10.11	17.40	14.83	13.21	8.73	4.96
2021.507	42.05	10.10	17.40	14.78	13.27	8.73	4.95
2021.510	42.05	10.09	17.40	14.78	13.29	8.71	4.94
2021.512	42.06	10.08	17.40	14.79	13.31	8.69	4.95
2021.515	42.06	10.07	17.40	14.78	13.33	8.66	4.96
2021.518	42.05	10.08	17.40	14.78	13.35	8.65	4.96
2021.521	42.01	10.10	17.38	14.75	13.41	8.63	4.97
2021.523	41.97	10.09	17.45	14.70	13.39	8.70	4.95
2021.526	41.88	10.14	17.49	14.70	13.36	8.73	4.94
2021.529	41.84	10.15	17.52	14.67	13.34	8.78	4.93
2021.532	41.80	10.16	17.54	14.65	13.36	8.80	4.88
2021.534	41.76	10.14	17.54	14.70	13.38	8.80	4.87
2021.537	41.73	10.15	17.61	14.63	13.40	8.80	4.86
2021.540	41.74	10.21	17.53	14.60	13.42	8.82	4.86
2021.542	41.75	10.31	17.42	14.57	13.34	8.93	4.85
2021.545	41.77	10.29	17.41	14.62	13.27	8.96	4.85
2021.548	41.81	10.25	17.41	14.64	13.25	8.94	4.88
2021.551	41.82	10.23	17.41	14.66	13.26	8.90	4.88
2021.553	41.83	10.22	17.38	14.69	13.26	8.89	4.85
2021.556	41.79	10.25	17.37	14.70	13.31	8.86	4.84
2021.559	41.76	10.27	17.34	14.73	13.37	8.82	4.84
2021.562	41.72	10.31	17.24	14.81	13.42	8.78	4.83
2021.564	41.66	10.36	17.25	14.80	13.45	8.76	4.83
2021.567	41.62	10.39	17.27	14.79	13.42	8.79	4.82
2021.570	41.59	10.42	17.29	14.79	13.37	8.83	4.82
2021.573	41.53	10.48	17.30	14.76	13.21	9.03	4.79
2021.575	41.40	10.60	17.30	14.76	13.27	8.98	4.78
2021.578	41.33	10.67	17.26	14.83	13.27	8.99	4.76
2021.581	41.26	10.75	17.21	14.88	13.28	8.95	4.74
2021.584	41.19	10.86	17.14	14.92	13.30	8.93	4.75
2021.586	41.07	10.98	17.13	14.94	13.33	8.92	4.75
2021.589	41.00	10.98	17.16	14.98	13.34	8.91	4.74
2021.592	40.93	11.08	17.08	15.05	13.46	8.80	4.72
2021.595	40.87	11.16	17.10	15.03	13.56	8.69	4.71
2021.597	40.75	11.35	17.18	14.86	13.56	8.71	4.70
2021.600	40.70	11.35	17.31	14.80	13.51	8.76	4.68
2021.603	40.65	11.42	17.26	14.85	13.48	8.78	4.67
2021.605	40.56	11.61	17.13	14.89	13.45	8.81	4.65
2021.608	40.58	11.77	16.91	14.95	13.62	8.61	4.67
2021.611	40.59	11.72	16.88	14.97	13.59	8.67	4.72
2021.614	40.60	11.60	16.91	15.06	13.48	8.75	4.75
2021.616	40.61	11.59	16.91	15.06	13.45	8.75	4.77
2021.619	40.65	11.58	16.89	15.06	13.38	8.78	4.79
2021.622	40.59	11.67	16.87	15.08	13.28	8.86	4.80
2021.625	40.54	11.75	16.84	15.09	13.21	8.93	4.79
2021.627	40.48	11.86	16.79	15.09	13.19	8.93	4.79
2021.630	40.42	11.88	16.83	15.10	13.13	8.98	4.78
2021.633	40.38	11.92	16.82	15.12	13.10	9.01	4.80
2021.636	40.36	11.94	16.77	15.21	13.07	9.02	4.83
2021.638	40.38	11.91	16.75	15.31	13.00	9.00	4.85
2021.641	40.22	12.09	16.74	15.35	12.99	8.98	4.87
2021.644	40.20	12.09	16.75	15.39	12.97	8.96	4.88
2021.647	40.19	12.08	16.78	15.43	12.95	8.94	4.90
2021.649	40.18	12.03	16.85	15.47	12.99	8.86	4.92
2021.652	40.17	11.93	16.93	15.55	12.94	8.85	4.96
2021.655	40.15	11.92	16.74	15.75	12.93	9.08	4.77
2021.658	40.14	11.90	16.82	15.79	12.85	9.09	4.78
2021.660	40.13	11.92	16.84	15.81	12.80	9.09	4.80
2021.663	40.12	11.94	16.83	15.85	12.77	9.09	4.82
2021.666	40.10	11.96	16.79	15.90	12.75	9.10	4.80
2021.668	40.09	11.95	16.65	16.10	12.71	9.10	4.80
2021.671	40.08	11.93	16.61	16.22	12.67	9.10	4.79
2021.674	40.10	11.91	16.56	16.30	12.64	9.12	4.85
2021.677	40.10	11.87	16.65	16.26	12.62	9.12	4.88
2021.679	40.12	11.84	16.72	16.23	12.61	9.12	4.96
2021.682	40.13	11.82	16.79	16.19	12.54	9.17	4.98
2021.685	40.14	11.77	16.84	16.23	12.45	9.21	5.11
2021.688	40.15	11.76	16.86	16.27	12.37	9.27	5.13
2021.690	40.12	11.75	16.88	16.25	12.37	9.33	5.16
2021.693	40.11	11.75	16.81	16.35	12.32	9.38	5.18
2021.696	40.08	11.78	16.72	16.47	12.27	9.45	5.16
2021.699	40.04	11.81	16.91	16.31	12.27	9.45	5.10
2021.701	40.00	11.70	17.10	16.27	12.27	9.51	5.01
2021.704	39.95	11.76	17.12	16.30	12.30	9.45	4.99
2021.707	39.90	11.80	17.13	16.32	12.24	9.51	4.99
2021.710	39.87	11.96	16.99	16.34	12.09	9.65	5.00
2021.712	39.84	12.01	16.95	16.35	12.06	9.70	5.00
2021.715	39.80	12.07	16.94	16.33	12.08	9.71	4.99
2021.718	39.76	12.11	16.90	16.37	12.08	9.70	4.99
2021.721	39.73	12.14	16.87	16.42	12.08	9.68	4.99
2021.723	39.66	12.18	16.86	16.50	12.05	9.68	4.98
2021.726	39.66	12.17	16.83	16.54	12.07	9.65	4.99
2021.729	39.65	12.14	16.86	16.54	12.11	9.61	5.00
2021.732	39.74	12.04	16.78	16.65	12.11	9.59	5.00
2021.734	39.72	12.03	16.80	16.67	12.14	9.55	5.00
2021.737	39.54	12.19	16.85	16.65	12.16	9.52	5.00
2021.740	39.50	12.21	16.84	16.69	12.17	9.50	4.99
2021.742	39.48	12.23	16.81	16.71	12.21	9.48	4.98
2021.745	39.47	12.22	16.81	16.69	12.26	9.47	4.97
2021.748	39.51	12.17	16.80	16.74	12.26	9.43	4.96
2021.751	39.53	12.14	16.79	16.78	12.19	9.48	4.95
2021.753	39.55	12.12	16.76	16.83	12.09	9.57	4.94
2021.756	39.56	12.10	16.78	16.86	11.96	9.66	4.93
2021.759	39.48	12.17	16.93	16.77	11.90	9.68	4.91
2021.762	39.32	12.32	16.94	16.76	11.92	9.68	4.87
2021.764	39.17	12.46	16.89	16.84	11.98	9.63	4.84
2021.767	39.14	12.49	16.91	16.83	12.01	9.59	4.83
2021.770	39.11	12.50	16.93	16.80	12.08	9.56	4.86
2021.773	39.08	12.52	16.95	16.77	12.14	9.53	4.88
2021.775	39.03	12.56	16.97	16.79	12.14	9.52	4.84
2021.778	39.00	12.58	16.99	16.80	12.16	9.49	4.80
2021.781	38.98	12.61	17.00	16.77	12.22	9.45	4.79
2021.784	38.96	12.65	17.01	16.71	12.18	9.54	4.81
2021.786	38.93	12.65	17.06	16.67	12.22	9.52	4.82
2021.789	38.92	12.63	17.10	16.65	12.31	9.43	4.85
2021.792	38.92	12.57	17.16	16.68	12.29	9.43	4.86
2021.795	38.93	12.54	17.18	16.71	12.27	9.44	4.87
2021.797	38.94	12.50	17.28	16.66	12.26	9.43	4.88
2021.800	38.95	12.46	17.31	16.70	12.26	9.39	4.91
2021.803	38.95	12.40	17.42	16.74	12.17	9.40	4.91
2021.805	38.96	12.36	17.47	16.71	12.17	9.42	4.89
2021.808	38.98	12.33	17.51	16.69	12.16	9.43	4.88
2021.811	38.99	12.26	17.58	16.66	12.35	9.25	4.88
2021.814	39.01	12.23	17.63	16.64	12.35	9.26	4.87
2021.816	39.02	12.19	17.62	16.67	12.35	9.26	4.88
2021.819	39.04	12.16	17.64	16.67	12.35	9.27	4.89
2021.822	39.06	12.10	17.75	16.49	12.47	9.28	4.91
2021.825	39.08	12.05	17.79	16.62	12.31	9.29	4.92
2021.827	39.10	12.01	17.80	16.70	12.24	9.30	4.93
2021.830	39.12	11.99	17.79	16.75	12.34	9.18	4.94
2021.833	39.13	11.98	17.77	16.77	12.33	9.19	4.95
2021.836	39.15	11.96	17.85	16.69	12.32	9.20	4.96
2021.838	39.19	11.93	17.90	16.62	12.34	9.21	4.98
2021.841	39.21	11.94	18.04	16.42	12.42	9.23	4.95
2021.844	39.23	11.94	18.05	16.34	12.46	9.28	4.99
2021.847	39.26	11.92	17.97	16.41	12.55	9.23	5.02
2021.849	39.29	11.93	17.87	16.46	12.55	9.27	5.07
2021.852	39.32	11.92	17.86	16.58	12.44	9.26	5.10
2021.855	39.35	11.91	17.85	16.58	12.51	9.20	5.11
2021.858	39.40	11.88	17.83	16.58	12.53	9.29	5.03
2021.860	39.43	11.87	17.82	16.53	12.57	9.36	4.98
2021.863	39.46	11.88	17.81	16.50	12.59	9.36	4.99
2021.866	39.44	11.92	17.81	16.49	12.58	9.34	5.02
2021.868	39.43	11.95	17.81	16.54	12.52	9.29	5.03
2021.871	39.43	11.97	17.81	16.52	12.54	9.28	5.01
2021.874	39.44	11.98	17.80	16.51	12.58	9.25	4.99
2021.877	39.45	11.96	17.89	16.43	12.61	9.23	4.97
2021.879	39.46	11.93	17.90	16.36	12.70	9.27	4.95
2021.882	39.47	11.92	17.94	16.31	12.94	9.14	4.89
2021.885	39.49	11.88	17.98	16.29	12.96	9.12	4.97
2021.888	39.75	11.60	18.03	16.27	12.98	9.10	5.01
2021.890	39.82	11.52	18.05	16.27	13.01	9.05	5.06
2021.893	39.82	11.50	18.08	16.26	13.05	9.00	5.10
2021.896	39.76	11.56	18.09	16.26	13.11	8.93	5.15
2021.899	39.63	11.68	17.86	16.53	13.20	8.80	5.21
2021.901	39.62	11.64	18.00	16.42	13.18	8.78	5.28
2021.904	39.61	11.72	17.88	16.47	13.17	8.76	5.35
2021.907	39.61	11.73	17.88	16.52	13.09	8.71	5.45
2021.910	39.63	11.72	17.88	16.51	13.11	8.60	5.58
2021.912	39.64	11.71	17.88	16.47	13.16	8.52	5.59
2021.915	39.66	11.70	17.89	16.42	13.22	8.49	5.64
2021.918	39.69	11.67	17.90	16.39	13.42	8.35	5.65
2021.921	39.70	11.66	17.90	16.43	13.42	8.33	5.63
2021.923	39.72	11.66	17.90	16.49	13.37	8.33	5.64
2021.926	39.73	11.64	17.91	16.47	13.40	8.33	5.63
2021.929	39.75	11.58	17.81	16.60	13.44	8.32	5.63
2021.932	39.78	11.73	17.67	16.53	13.48	8.31	5.63
2021.934	39.79	11.70	17.73	16.47	13.53	8.29	5.64
2021.937	39.81	11.68	17.72	16.46	13.58	8.36	5.50
2021.940	39.83	11.65	17.70	16.47	13.66	8.31	5.45
2021.942	39.85	11.61	17.66	16.54	13.67	8.29	5.40
2021.945	39.89	11.60	17.70	16.51	13.64	8.29	5.31
2021.948	39.91	11.42	17.88	16.48	13.67	8.26	5.29
2021.951	39.92	11.21	18.10	16.44	13.71	8.22	5.26
2021.953	39.93	11.22	18.08	16.44	13.75	8.18	5.23
2021.956	39.93	11.23	18.02	16.48	13.77	8.14	5.26
2021.959	39.94	11.12	18.05	16.62	13.70	8.12	5.30
2021.962	39.97	11.07	17.99	16.74	13.54	8.24	5.35
2021.964	40.03	11.05	17.94	16.79	13.51	8.22	5.40
2021.967	40.09	11.02	17.89	16.86	13.47	8.16	5.48
2021.970	40.10	11.05	17.91	16.85	13.43	8.13	5.62
2021.973	40.08	11.17	17.82	16.93	13.36	8.12	5.84
2021.975	40.14	11.14	17.77	17.06	13.25	8.11	5.85
2021.978	40.14	11.18	17.72	17.15	13.18	8.10	5.86
2021.981	40.17	11.20	17.67	17.20	13.15	8.08	5.86
2021.984	40.19	11.22	17.63	17.22	13.17	8.05	5.87
2021.986	40.20	11.24	17.58	17.26	13.17	8.03	5.88
2021.989	40.21	11.26	17.56	17.24	13.19	8.01	5.89
2021.992	40.23	11.27	17.52	17.24	13.22	8.00	5.90
2021.995	40.26	11.28	17.49	17.24	13.23	7.98	5.91
2021.997	40.27	11.27	17.48	17.22	13.22	8.01	5.92
2022.000	40.28	11.26	17.49	17.19	13.18	8.07	5.93
2022.003	40.30	11.24	17.52	17.14	13.21	8.05	5.94
2022.005	40.31	11.21	17.51	17.17	13.23	8.04	5.96
2022.008	40.33	11.17	17.61	17.05	13.31	8.03	5.99
2022.011	40.35	11.12	17.64	17.03	13.33	8.02	6.02
2022.014	40.37	11.13	17.61	17.02	13.29	8.08	6.03
2022.016	40.38	11.14	17.57	17.02	13.31	8.08	6.05
2022.019	40.39	11.14	17.55	17.04	13.31	8.16	5.97
2022.022	40.39	11.11	17.63	17.00	13.30	8.17	5.98
2022.025	40.33	11.14	17.71	16.95	13.31	8.14	6.01
2022.027	40.28	11.17	17.79	16.92	13.31	8.10	6.05
2022.030	40.16	11.25	17.76	16.97	13.34	8.06	6.08
2022.033	40.10	11.28	17.81	16.94	13.35	8.05	6.11
2022.036	40.04	11.37	17.78	16.97	13.31	8.05	6.13
2022.038	39.98	11.45	17.77	16.98	13.28	8.05	6.14
2022.041	39.92	11.53	17.74	16.99	13.34	8.04	6.11
2022.044	40.01	11.51	17.67	17.01	13.37	7.97	6.13
2022.047	39.91	11.68	17.62	17.02	13.35	7.93	6.17
2022.049	39.87	11.73	17.63	16.97	13.29	8.02	6.17
2022.052	39.86	11.77	17.63	16.95	13.29	8.02	6.18
2022.055	39.85	11.90	17.51	16.95	13.34	8.00	6.15
2022.058	39.84	12.04	17.37	16.95	13.36	8.07	6.06
2022.060	39.83	12.07	17.33	16.95	13.40	8.04	6.05
2022.063	39.83	12.10	17.30	16.95	13.45	8.01	6.03
2022.066	39.83	12.16	17.24	16.91	13.51	7.98	5.97
2022.068	39.83	12.19	17.22	16.83	13.59	7.98	5.93
2022.071	39.83	12.22	17.20	16.64	13.76	7.99	5.94
2022.074	39.83	12.27	17.13	16.57	13.81	8.00	5.96
2022.077	39.83	12.32	17.07	16.56	13.83	7.99	5.99
2022.079	39.82	12.38	17.04	16.69	13.70	7.99	5.97
2022.082	39.82	12.43	16.99	16.69	13.70	8.01	5.95
2022.085	39.82	12.47	17.03	16.55	13.78	8.01	5.93
2022.088	39.82	12.52	16.93	16.52	13.86	8.02	5.92
2022.090	39.82	12.58	16.87	16.46	13.94	8.03	5.91
2022.093	39.82	12.63	16.83	16.49	13.91	8.06	5.88
2022.096	39.82	12.63	16.86	16.49	13.88	8.07	5.81
2022.099	39.82	12.65	16.85	16.51	13.86	8.08	5.81
2022.101	39.82	12.67	16.86	16.51	13.86	8.06	5.80
2022.104	39.82	12.69	16.85	16.53	13.77	8.13	5.80
2022.107	39.81	12.71	16.81	16.57	13.73	8.17	5.80
2022.110	39.81	12.73	16.80	16.61	13.69	8.18	5.59
2022.112	39.82	12.74	16.77	16.66	13.57	8.28	5.50
2022.115	39.84	12.61	16.86	16.72	13.54	8.30	5.41
2022.118	39.88	12.46	16.98	16.72	13.49	8.34	5.37
2022.121	39.92	12.29	17.14	16.70	13.52	8.33	5.31
2022.123	39.96	12.09	17.32	16.68	13.53	8.32	5.26
2022.126	40.00	11.97	17.44	16.65	13.52	8.33	5.24
2022.129	40.04	11.83	17.44	16.75	13.51	8.35	5.29
2022.132	40.02	11.82	17.46	16.74	13.51	8.36	5.31
2022.134	40.05	11.74	17.51	16.74	13.52	8.34	5.36
2022.137	40.08	11.67	17.56	16.73	13.53	8.34	5.38
2022.140	40.12	11.61	17.58	16.73	13.54	8.33	5.43
2022.142	40.15	11.56	17.44	16.88	13.54	8.34	5.44
2022.145	40.19	11.52	17.44	16.93	13.48	8.24	5.61
2022.148	40.23	11.48	17.44	16.94	13.45	8.26	5.62
2022.151	40.30	11.41	17.45	16.93	13.45	8.26	5.66
2022.153	40.34	11.30	17.66	16.75	13.53	8.22	5.70
2022.156	40.39	11.20	17.71	16.76	13.56	8.18	5.73
2022.159	40.43	11.06	17.80	16.75	13.57	8.16	5.80
2022.162	40.46	10.98	17.84	16.73	13.60	8.14	5.92
2022.164	40.50	10.89	17.86	16.74	13.62	8.13	5.95
2022.167	40.60	10.73	17.90	16.75	13.63	8.12	5.97
2022.170	40.75	10.56	17.89	16.78	13.62	8.18	5.95
2022.173	40.79	10.50	17.89	16.80	13.62	8.18	5.99
2022.175	40.84	10.41	17.90	16.84	13.61	8.15	6.06
2022.178	40.91	10.31	17.93	16.82	13.65	8.14	6.04
2022.181	40.96	10.23	17.98	16.83	13.67	8.19	5.97
2022.184	41.00	10.20	17.97	16.79	13.69	8.21	5.96
2022.186	41.04	10.18	17.96	16.77	13.78	8.20	5.91
2022.189	41.09	10.15	17.95	16.76	13.82	8.20	5.88
2022.192	41.13	10.14	17.87	16.80	13.87	8.06	6.00
2022.195	41.17	10.11	17.85	16.82	13.79	8.10	6.01
2022.197	41.22	10.09	17.81	16.84	13.69	8.19	6.04
2022.200	41.29	10.02	17.85	16.78	13.71	8.23	6.00
2022.203	41.34	10.00	17.83	16.77	13.83	8.16	5.96
2022.205	41.36	10.01	17.71	16.84	13.91	8.11	5.93
2022.208	41.38	10.00	17.69	16.84	13.91	8.17	5.82
2022.211	41.40	10.01	17.66	16.85	13.92	8.22	5.65
2022.214	41.45	9.98	17.67	16.82	13.92	8.27	5.59
2022.216	41.45	10.01	17.63	16.81	13.94	8.18	5.68
2022.219	41.45	10.08	17.57	16.79	13.95	8.08	5.78
2022.222	41.47	10.03	17.60	16.75	13.99	8.09	5.77
2022.225	41.53	9.88	17.69	16.78	13.98	8.08	5.76
2022.227	41.57	9.75	17.79	16.76	14.02	8.05	5.76
2022.230	41.61	9.61	17.89	16.68	14.17	7.98	5.76
2022.233	41.65	9.54	17.91	16.68	14.13	8.04	5.74
2022.236	41.69	9.52	17.92	16.64	14.18	8.03	5.72
2022.238	41.74	9.49	17.89	16.66	14.22	8.00	5.70
2022.241	41.81	9.41	17.88	16.65	14.31	7.97	5.67
2022.244	41.86	9.31	17.96	16.61	14.33	7.98	5.65
2022.247	41.90	9.18	18.05	16.62	14.33	7.97	5.66
2022.249	41.95	9.27	17.92	16.61	14.34	7.99	5.64
2022.252	42.15	9.05	17.94	16.64	14.30	8.01	5.61
2022.255	42.17	9.02	17.94	16.66	14.22	8.12	5.58
2022.258	42.20	8.97	17.95	16.67	14.28	8.07	5.56
2022.260	42.23	9.17	17.69	16.70	14.28	8.11	5.53
2022.263	42.26	9.15	17.71	16.66	14.29	8.14	5.50
2022.266	42.28	9.15	17.71	16.64	14.32	8.18	5.43
2022.268	42.31	9.14	17.66	16.64	14.35	8.16	5.44
2022.271	42.32	9.16	17.62	16.62	14.39	8.13	5.48
2022.274	42.34	9.15	17.58	16.59	14.45	8.08	5.53
2022.277	42.35	9.38	17.33	16.60	14.50	8.00	5.56
2022.279	42.37	9.36	17.29	16.63	14.49	7.97	5.60
2022.282	42.38	9.37	17.26	16.59	14.52	7.94	5.64
2022.285	42.40	9.36	17.25	16.58	14.54	7.93	5.65
2022.288	42.41	9.35	17.24	16.60	14.54	7.93	5.64
2022.290	42.39	9.40	17.19	16.62	14.55	7.93	5.64
2022.293	42.36	9.46	17.13	16.60	14.61	7.93	5.62
2022.296	42.34	9.43	17.20	16.54	14.66	7.95	5.59
2022.299	42.33	9.44	17.20	16.50	14.73	7.96	5.51
2022.301	42.31	9.46	17.18	16.52	14.73	7.98	5.47
2022.304	42.30	9.75	16.89	16.53	14.72	8.04	5.44
2022.307	42.28	9.81	16.85	16.54	14.69	8.09	5.41
2022.310	42.26	9.86	16.80	16.59	14.68	8.11	5.37
2022.312	42.25	10.00	16.66	16.61	14.67	8.10	5.39
2022.315	42.22	10.17	16.51	16.56	14.71	8.08	5.42
2022.318	42.21	10.20	16.49	16.56	14.70	8.13	5.39
2022.321	42.20	10.23	16.56	16.42	14.74	8.11	5.42
2022.323	42.19	10.23	16.64	16.35	14.73	8.13	5.43
2022.326	42.18	10.23	16.81	16.24	14.68	8.15	5.41
2022.329	42.17	10.21	16.84	16.24	14.66	8.17	5.42
2022.332	42.18	10.18	16.86	16.25	14.68	8.14	5.42
2022.334	42.47	9.92	16.83	16.29	14.67	8.12	5.43
2022.337	42.46	9.92	16.71	16.46	14.64	8.09	5.44
2022.340	42.45	9.92	16.76	16.43	14.65	8.07	5.44
2022.342	42.44	9.92	16.78	16.41	14.66	8.02	5.48
2022.345	42.43	10.06	16.70	16.38	14.61	8.06	5.48
2022.348	42.42	10.14	16.65	16.44	14.50	8.02	5.55
2022.351	42.41	10.27	16.54	16.41	14.51	8.03	5.56
2022.353	42.40	10.13	16.67	16.40	14.52	8.07	5.57
2022.356	42.40	10.08	16.72	16.38	14.55	8.09	5.57
2022.359	42.38	10.06	16.74	16.46	14.48	8.07	5.63
2022.362	42.38	10.06	16.73	16.48	14.48	8.04	5.70
2022.364	42.37	10.09	16.69	16.45	14.52	8.05	5.72
2022.367	42.37	9.94	16.91	16.38	14.55	8.06	5.72
2022.370	42.36	9.89	16.93	16.37	14.67	8.00	5.74
2022.373	42.36	9.89	16.88	16.44	14.65	8.03	5.74
2022.375	42.35	9.89	16.89	16.49	14.59	8.06	5.76
2022.378	42.34	9.88	16.95	16.47	14.51	8.29	5.60
2022.381	42.34	9.87	16.99	16.47	14.52	8.28	5.39
2022.384	42.33	9.87	17.07	16.41	14.49	8.32	5.22
2022.386	42.33	9.86	17.18	16.30	14.49	8.34	5.20
2022.389	42.32	9.91	17.21	16.22	14.48	8.34	5.21
2022.392	42.31	10.02	17.11	16.22	14.48	8.34	5.31
2022.395	42.30	9.97	17.26	16.17	14.45	8.32	5.37
2022.397	42.30	9.95	17.29	16.27	14.32	8.21	5.56
2022.400	42.29	9.93	17.19	16.45	14.28	8.11	5.73
2022.403	42.29	9.90	17.18	16.55	14.15	8.20	5.71
2022.405	42.30	9.79	17.36	16.49	14.12	8.27	5.66
2022.408	42.31	9.77	17.31	16.64	14.01	8.28	5.82
2022.411	42.29	9.80	17.23	16.69	14.03	8.21	5.89
2022.414	42.28	9.80	17.26	16.64	14.07	8.19	5.90
2022.416	42.25	9.81	17.43	16.53	14.04	8.17	5.92
2022.419	42.23	9.80	17.48	16.58	13.97	8.15	5.92
2022.422	42.22	9.80	17.53	16.54	14.00	8.13	5.92
2022.425	42.21	9.80	17.57	16.56	13.96	8.15	5.89
2022.427	42.20	9.77	17.55	16.73	13.86	8.13	5.90
2022.430	42.19	9.75	17.51	16.89	13.77	8.13	5.90
2022.433	42.18	9.75	17.50	16.96	13.74	8.11	5.91
2022.436	42.17	9.78	17.48	16.96	13.78	8.07	5.94
2022.438	42.16	9.79	17.49	16.90	13.86	8.02	6.00
2022.441	42.09	9.76	17.63	16.90	13.82	7.99	6.02
2022.444	42.06	9.79	17.64	16.88	13.85	7.95	6.04
2022.447	42.03	9.78	17.67	16.90	13.81	8.01	6.01
2022.449	42.02	9.68	17.78	16.88	13.84	8.10	5.91
2022.452	42.02	9.78	17.46	17.11	13.76	8.20	5.88
2022.455	42.02	9.80	17.46	17.10	13.77	8.17	5.90
2022.458	42.05	9.76	17.46	17.08	13.79	8.21	5.86
2022.460	42.07	9.74	17.49	17.02	13.82	8.24	5.83
2022.463	42.06	9.81	17.48	16.96	13.84	8.27	5.78
2022.466	42.05	9.84	17.47	16.96	13.76	8.37	5.75
2022.468	42.04	9.84	17.44	17.01	13.67	8.46	5.73
2022.471	42.01	9.87	17.40	17.06	13.64	8.49	5.72
2022.474	41.98	9.89	17.42	17.03	13.80	8.35	5.70
2022.477	41.96	9.91	17.47	16.98	13.80	8.36	5.69
2022.479	41.96	9.91	17.65	16.80	13.88	8.31	5.68
2022.482	41.85	10.01	17.50	16.94	13.88	8.32	5.65
2022.485	41.82	10.04	17.50	16.94	13.87	8.35	5.63
2022.488	41.80	10.06	17.51	16.93	13.88	8.36	5.62
2022.490	41.78	10.07	17.42	17.04	13.87	8.35	5.61
2022.493	41.76	10.13	17.48	17.06	13.80	8.34	5.61
2022.496	41.74	10.22	17.41	17.21	13.62	8.38	5.60
2022.499	41.72	10.22	17.42	17.25	13.58	8.38	5.59
2022.501	41.70	10.22	17.41	17.29	13.57	8.39	5.59
2022.504	41.68	10.18	17.47	17.27	13.58	8.43	5.57
2022.507	41.65	10.19	17.57	17.19	13.50	8.55	5.53
2022.510	41.63	10.21	17.56	17.20	13.51	8.58	5.50
2022.512	41.60	10.22	17.59	17.17	13.55	8.60	5.46
2022.515	41.58	10.22	17.55	17.20	13.58	8.76	5.30
2022.518	41.57	10.22	17.51	17.25	13.60	8.71	5.35
2022.521	41.55	10.22	17.47	17.29	13.62	8.75	5.30
2022.523	41.52	10.22	17.50	17.28	13.61	8.78	5.30
2022.526	41.51	10.15	17.63	17.21	13.65	8.84	5.24
2022.529	41.49	10.16	17.66	17.13	13.74	8.81	5.23
2022.532	41.38	10.25	17.73	17.06	13.75	8.84	5.21
2022.534	41.18	10.45	17.76	17.02	13.77	8.86	5.20
2022.537	41.01	10.57	17.84	17.03	13.72	8.87	5.53
2022.540	40.95	10.59	17.91	16.99	13.61	9.00	5.55
2022.542	40.89	10.63	17.96	16.94	13.57	9.05	5.58
2022.545	40.80	10.71	18.00	16.89	13.54	9.06	5.63
2022.548	40.77	10.74	18.01	16.88	13.53	8.99	5.74
2022.551	40.74	10.82	18.02	16.82	13.53	9.00	5.76
2022.553	40.69	10.79	18.07	16.86	13.48	9.03	5.77
2022.556	40.66	10.74	18.17	16.90	13.42	9.04	5.80
2022.559	40.64	10.75	18.20	16.90	13.39	9.04	5.84
2022.562	40.61	10.75	18.19	16.95	13.39	9.03	5.94
2022.564	40.56	10.78	18.24	17.04	13.30	9.02	5.96
2022.567	40.53	10.79	18.13	17.18	13.29	9.00	5.98
2022.570	40.50	10.79	17.95	17.36	13.32	8.96	6.04
2022.573	40.48	10.80	17.77	17.55	13.35	8.89	6.11
2022.575	40.45	10.80	17.77	17.56	13.32	8.87	6.21
2022.578	40.46	10.77	17.84	17.49	13.20	9.00	6.22
2022.581	40.47	10.76	17.80	17.57	13.17	8.99	6.23
2022.584	40.48	10.73	17.74	17.61	13.23	8.99	6.25
2022.586	40.50	10.27	18.15	17.62	13.22	9.03	6.26
2022.589	40.51	10.12	18.31	17.60	13.22	9.04	6.26
2022.592	40.53	10.10	18.34	17.61	13.20	9.07	6.24
2022.595	40.55	10.07	18.36	17.60	13.18	9.09	6.24
2022.597	40.56	10.07	18.39	17.56	13.19	9.07	6.26
2022.600	40.58	10.07	18.37	17.54	13.21	9.07	6.28
2022.603	40.56	10.20	18.24	17.55	13.22	9.10	6.25
2022.605	40.54	10.35	18.09	17.61	13.19	9.12	6.25
2022.608	40.56	10.38	17.96	17.74	13.13	9.13	6.26
2022.611	40.47	10.59	17.81	17.71	13.17	9.16	6.28
2022.614	40.23	10.93	17.64	17.85	13.07	9.19	6.28
2022.616	40.20	10.96	17.63	17.90	13.05	9.17	6.28
2022.619	40.23	10.92	17.64	17.94	13.06	9.14	6.30
2022.622	40.28	10.62	17.93	17.93	13.05	9.14	6.33
2022.625	40.34	10.29	18.16	18.01	13.02	9.15	6.31
2022.627	40.59	9.98	18.23	18.02	13.02	9.19	6.28
2022.630	40.62	9.96	18.25	18.05	13.06	9.14	6.29
2022.633	40.49	10.08	18.19	18.17	13.10	9.07	6.28
2022.636	40.44	10.13	18.11	18.41	12.95	9.09	6.26
2022.638	40.42	10.18	18.07	18.44	12.91	9.14	6.25
2022.641	40.40	10.39	18.00	18.34	12.94	9.10	6.31
2022.644	40.40	10.57	17.96	18.22	12.94	9.08	6.38
2022.647	40.37	10.56	18.04	18.22	12.94	9.06	6.45
2022.649	40.30	10.59	18.09	18.23	12.98	9.02	6.43
2022.652	40.15	10.69	18.18	18.22	13.03	8.88	6.37
2022.655	40.07	10.84	18.13	18.23	13.03	8.84	6.47
2022.658	39.99	10.98	18.10	18.23	13.02	8.81	6.42
2022.660	39.91	11.10	18.09	18.24	12.97	8.82	6.44
2022.663	39.83	11.04	18.23	18.27	12.92	8.86	6.43
2022.666	39.75	10.98	18.29	18.38	12.81	8.99	6.39
2022.668	39.67	10.94	18.43	18.40	12.79	9.04	6.36
2022.671	39.59	10.93	18.52	18.39	12.79	9.13	6.30
2022.674	39.51	11.00	18.53	18.36	12.81	9.20	6.22
2022.677	39.43	11.08	18.54	18.34	12.85	9.22	6.19
2022.679	39.36	11.15	18.54	18.33	12.88	9.26	6.14
2022.682	39.36	11.18	18.52	18.33	12.90	9.25	6.14
2022.685	39.45	11.13	18.48	18.33	12.90	9.27	6.12
2022.688	39.55	11.08	18.48	18.22	12.97	9.27	6.11
2022.690	39.54	11.19	18.54	18.12	12.92	9.29	6.09
2022.693	39.45	11.34	18.51	18.06	12.94	9.28	6.10
2022.696	39.41	11.49	18.45	18.03	12.94	9.22	6.16
2022.699	39.36	11.62	18.38	18.02	12.94	9.10	6.28
2022.701	39.32	11.70	18.35	18.05	12.98	8.95	6.37
2022.704	39.31	11.69	18.38	18.07	12.95	8.91	6.41
2022.707	39.31	11.62	18.46	18.12	12.90	8.86	6.46
2022.710	39.43	11.47	18.50	18.10	12.93	8.84	6.46
2022.712	39.56	11.33	18.51	18.13	12.86	8.88	6.47
2022.715	39.69	11.19	18.29	18.36	12.85	8.85	6.52
2022.718	39.81	11.06	18.34	18.31	12.87	8.84	6.51
2022.721	39.94	10.93	18.36	18.22	12.96	8.84	6.56
2022.723	40.07	10.79	18.39	18.19	12.95	8.86	6.61
2022.726	40.20	10.66	18.41	18.18	12.93	8.81	6.73
2022.729	40.33	10.53	18.39	18.21	12.90	8.78	6.85
2022.732	40.45	10.40	18.34	18.36	12.79	8.80	6.86
2022.734	40.58	10.26	18.25	18.54	12.74	8.78	6.86
2022.737	40.71	10.10	18.24	18.59	12.79	8.72	6.86
2022.740	40.84	9.97	18.24	18.59	12.85	8.67	6.85
2022.742	40.97	9.81	18.26	18.63	12.83	8.66	6.84
2022.745	40.98	9.77	18.36	18.60	12.89	8.57	6.84
2022.748	40.99	9.73	18.35	18.58	12.97	8.55	6.83
2022.751	41.00	9.72	18.35	18.59	12.99	8.55	6.82
2022.753	41.04	9.65	18.34	18.64	12.93	8.60	6.81
2022.756	41.07	9.60	18.40	18.61	12.92	8.62	6.80
2022.759	41.10	9.52	18.48	18.61	12.93	8.62	6.66
2022.762	41.14	9.51	18.48	18.61	12.92	8.64	6.52
2022.764	41.17	9.47	18.50	18.61	12.92	8.64	6.50
2022.767	41.20	9.44	18.51	18.61	12.92	8.66	6.39
2022.770	41.23	9.41	18.55	18.58	12.90	8.58	6.51
2022.773	41.26	9.37	18.59	18.56	12.87	8.60	6.53
2022.775	41.30	9.33	18.67	18.49	12.84	8.62	6.53
2022.778	41.33	9.31	18.70	18.43	12.85	8.51	6.67
2022.781	41.36	9.29	18.76	18.33	12.88	8.51	6.68
2022.784	41.42	9.24	18.82	18.22	12.94	8.51	6.68
2022.786	41.45	9.17	18.84	18.21	12.96	8.51	6.68
2022.789	41.48	9.08	18.89	18.15	13.04	8.52	6.68
2022.792	41.57	8.92	19.14	17.97	13.03	8.54	6.65
2022.795	41.70	8.74	19.18	17.93	12.92	8.72	6.36
2022.797	41.79	8.62	19.18	17.95	12.92	8.78	6.13
2022.800	41.79	8.61	19.16	17.88	12.99	8.78	6.15
2022.803	41.79	8.61	19.14	17.93	12.94	8.81	6.14
2022.805	41.79	8.61	19.16	17.95	12.90	8.85	6.12
2022.808	41.79	8.61	19.29	17.89	13.04	8.66	6.11
2022.811	41.79	8.62	19.38	17.78	13.04	8.68	6.10
2022.814	41.79	8.74	19.24	17.84	12.95	8.74	6.08
2022.816	41.79	8.75	19.15	17.96	12.91	8.79	6.07
2022.819	41.79	8.72	19.09	17.97	12.88	8.90	6.06
2022.822	41.79	8.83	18.90	18.07	12.82	8.94	6.06
2022.825	41.79	8.81	18.88	18.12	12.81	8.94	6.07
2022.827	41.79	8.78	18.78	18.31	12.71	8.97	6.07
2022.830	41.79	8.77	18.80	18.33	12.69	8.97	6.08
2022.833	41.79	8.76	18.72	18.42	12.62	9.03	6.08
2022.836	41.79	8.74	18.73	18.43	12.56	9.09	6.09
2022.838	41.79	8.73	18.75	18.46	12.54	9.07	6.10
2022.841	41.79	8.72	18.69	18.55	12.54	9.16	5.99
2022.844	41.79	8.70	18.72	18.55	12.56	9.14	6.32
2022.847	41.79	8.69	18.80	18.49	12.57	9.13	6.31
2022.849	41.79	8.68	18.82	18.49	12.54	9.17	6.29
2022.852	41.80	8.66	18.86	18.49	12.52	9.03	6.43
2022.855	41.80	8.69	18.84	18.48	12.56	8.96	6.45
2022.858	41.82	8.62	18.91	18.47	12.55	8.95	6.44
2022.860	41.83	8.58	19.12	18.31	12.55	8.92	6.44
2022.863	41.84	8.52	19.23	18.25	12.55	8.88	6.48
2022.866	41.85	8.47	19.42	18.13	12.54	8.85	6.50
2022.868	41.86	8.52	19.37	18.13	12.54	8.77	6.55
2022.871	41.88	8.53	19.38	18.11	12.54	8.71	6.61
2022.874	41.89	8.49	19.47	18.09	12.53	8.66	6.60
2022.877	41.93	8.41	19.49	18.25	12.45	8.60	6.60
2022.879	41.97	8.34	19.46	18.32	12.43	8.60	6.67
2022.882	42.05	8.23	19.43	18.40	12.42	8.60	6.79
2022.885	42.09	8.15	19.48	18.56	12.21	8.63	6.71
2022.888	42.17	8.04	19.62	18.41	12.24	8.64	6.59
2022.890	42.21	7.97	19.72	18.26	12.32	8.66	6.59
2022.893	42.29	7.86	19.77	18.24	12.34	8.62	6.63
2022.896	42.37	7.78	19.75	18.19	12.43	8.61	6.66
2022.899	42.41	7.73	19.74	18.25	12.40	8.60	6.68
2022.901	42.44	7.68	19.71	18.33	12.38	8.52	6.76
2022.904	42.35	7.76	19.70	18.37	12.38	8.55	6.75
2022.907	42.26	7.84	19.72	18.35	12.41	8.54	6.77
2022.910	42.17	7.92	19.75	18.39	12.36	8.51	6.81
2022.912	42.12	7.97	19.77	18.35	12.43	8.47	6.83
2022.915	42.13	7.97	19.77	18.34	12.49	8.39	6.86
2022.918	42.14	8.00	19.75	18.38	12.45	8.40	6.88
2022.921	42.15	8.04	19.72	18.37	12.44	8.39	6.89
2022.923	42.17	8.07	19.70	18.32	12.46	8.38	6.89
2022.926	42.19	8.07	19.67	18.34	12.48	8.39	6.87
2022.929	42.22	8.03	19.64	18.40	12.48	8.41	6.81
2022.932	42.24	8.00	19.62	18.44	12.48	8.46	6.70
2022.934	42.26	7.97	19.58	18.49	12.36	8.62	6.59
2022.937	42.29	7.94	19.70	18.37	12.30	8.73	6.49
2022.940	42.31	8.00	19.64	18.35	12.24	8.88	6.34
2022.942	42.33	8.06	19.39	18.55	12.22	8.92	6.25
2022.945	42.36	8.03	19.34	18.61	12.22	8.95	6.23
2022.948	42.38	8.05	19.32	18.60	12.26	8.97	6.25
2022.951	42.41	8.10	19.29	18.50	12.36	8.98	6.20
2022.953	42.38	8.24	19.22	18.42	12.47	8.92	6.08
2022.956	42.37	8.39	19.12	18.34	12.53	8.93	6.03
2022.959	42.40	8.40	19.00	18.47	12.48	8.93	6.03
2022.962	42.45	8.39	18.90	18.54	12.49	8.91	6.02
2022.964	42.49	8.42	18.82	18.55	12.50	8.90	6.03
2022.967	42.54	8.44	18.74	18.55	12.50	8.90	6.03
2022.970	42.58	8.48	18.66	18.57	12.47	8.97	5.98
2022.973	42.66	8.36	18.72	18.56	12.48	8.99	5.95
2022.975	42.69	8.27	18.86	18.48	12.53	8.93	5.95
2022.978	42.72	8.19	18.99	18.40	12.55	8.91	5.96
2022.981	42.76	8.05	19.30	18.21	12.56	8.88	5.97
2022.984	42.79	7.98	19.28	18.24	12.61	8.84	6.03
2022.986	42.86	7.89	19.26	18.29	12.64	8.78	6.06
2022.989	42.90	7.81	19.21	18.40	12.66	8.73	6.08
2022.992	42.93	7.75	19.21	18.44	12.69	8.71	6.07
2022.995	42.97	7.55	19.38	18.44	12.62	8.79	6.06
2022.997	43.00	7.38	19.52	18.44	12.63	8.78	6.07
2023.000	43.03	7.32	19.54	18.44	12.60	8.78	6.12
2023.003	42.96	7.37	19.57	18.45	12.63	8.71	6.15
2023.005	42.89	7.26	19.76	18.45	12.68	8.66	6.12
2023.008	42.85	7.18	19.87	18.45	12.69	8.64	6.10
2023.011	42.87	7.17	19.84	18.50	12.69	8.62	6.12
2023.014	42.86	7.21	19.82	18.51	12.68	8.61	6.11
2023.016	42.89	7.22	19.80	18.51	12.57	8.69	6.12
2023.019	42.91	7.30	19.72	18.51	12.58	8.69	6.13
2023.022	42.89	7.37	19.67	18.49	12.61	8.70	6.10
2023.025	42.73	7.57	19.61	18.49	12.64	8.64	6.16
2023.027	42.76	7.57	19.58	18.50	12.66	8.61	6.18
2023.030	42.79	7.43	19.66	18.50	12.70	8.58	6.20
2023.033	42.79	7.38	19.54	18.67	12.70	8.59	6.20
2023.036	42.76	7.35	19.62	18.62	12.71	8.60	6.20
2023.038	42.73	7.34	19.66	18.60	12.66	8.66	6.20
2023.041	42.70	7.35	19.61	18.74	12.55	8.73	6.15
2023.044	42.69	7.37	19.63	18.71	12.55	8.77	6.15
2023.047	42.67	7.39	19.64	18.58	12.65	8.78	6.16
2023.049	42.66	7.41	19.55	18.72	12.60	8.80	6.15
2023.052	42.64	7.43	19.63	18.65	12.59	8.80	6.14
2023.055	42.62	7.45	19.68	18.59	12.69	8.73	6.15
2023.058	42.61	7.48	19.74	18.56	12.68	8.71	6.15
2023.060	42.60	7.49	19.77	18.57	12.58	8.77	6.14
2023.063	42.58	7.52	19.68	18.54	12.67	8.73	6.21
2023.066	42.57	7.54	19.62	18.60	12.67	8.73	6.20
2023.068	42.55	7.56	19.62	18.60	12.71	8.69	6.14
2023.071	42.53	7.58	19.57	18.63	12.77	8.66	6.08
2023.074	42.52	7.60	19.57	18.55	12.84	8.66	5.97
2023.077	42.51	7.62	19.79	18.29	12.87	8.64	6.00
2023.079	42.40	7.61	19.90	18.29	12.96	8.56	6.04
2023.082	42.17	7.76	19.74	18.54	12.98	8.52	6.06
2023.085	41.98	8.00	19.74	18.52	12.90	8.61	5.97
2023.088	41.74	8.26	19.77	18.49	12.83	8.67	5.89
2023.090	41.58	8.25	20.08	18.35	12.79	8.71	5.82
2023.093	41.53	8.27	20.16	18.30	12.81	8.69	5.68
2023.096	41.51	8.25	20.18	18.33	12.81	8.70	5.60
2023.099	41.51	8.23	20.38	18.16	12.81	8.76	5.46
2023.101	41.50	8.23	20.40	18.15	12.83	8.81	5.41
2023.104	41.50	8.23	20.36	18.21	12.86	8.85	5.35
2023.107	40.98	8.76	20.37	18.17	12.92	8.82	5.35
2023.110	40.94	8.82	20.38	18.15	12.93	8.83	5.35
2023.112	40.92	8.79	20.43	18.12	13.07	8.69	5.37
2023.115	40.91	8.80	20.47	18.06	13.12	8.67	5.39
2023.118	40.91	8.80	20.51	18.00	13.18	8.65	5.40
2023.121	40.90	8.81	20.56	17.93	13.20	8.60	5.45
2023.123	40.90	8.81	20.63	17.85	13.22	8.57	5.51
2023.126	40.90	8.81	20.68	17.85	13.13	8.60	5.53
2023.129	40.89	8.79	20.73	17.73	13.20	8.63	5.55
2023.132	40.89	8.76	20.74	17.71	13.23	8.65	5.56
2023.134	40.91	8.74	20.72	17.73	13.23	8.67	5.46
2023.137	40.94	8.71	20.69	17.76	13.18	8.70	5.48
2023.140	40.98	8.68	20.65	17.78	13.16	8.73	5.51
2023.142	41.01	8.65	20.64	17.76	13.16	8.76	5.54
2023.145	41.05	8.62	20.68	17.73	13.11	8.80	5.56
2023.148	41.08	8.59	20.59	17.84	13.05	8.82	5.60
2023.151	41.12	8.56	20.55	17.89	13.02	8.82	5.63
2023.153	41.15	8.53	20.53	17.99	12.94	8.83	5.64
2023.156	41.19	8.50	20.50	18.06	12.93	8.63	5.83
2023.159	41.09	8.61	20.47	18.17	12.83	8.66	5.85
2023.162	40.98	8.74	20.45	18.20	12.90	8.56	5.88
2023.164	40.86	8.87	20.44	18.26	12.84	8.55	5.90
2023.167	40.81	8.94	20.39	18.33	12.79	8.55	5.93
2023.170	40.71	9.04	20.37	18.39	12.71	8.60	5.94
2023.173	40.67	9.09	20.36	18.40	12.60	8.73	5.94
2023.175	40.65	9.11	20.34	18.34	12.61	8.78	5.97
2023.178	40.62	9.14	20.32	18.37	12.55	8.81	6.02
2023.181	40.62	9.15	20.29	18.39	12.54	8.83	6.02
2023.184	40.61	9.17	20.26	18.50	12.47	8.81	5.83
2023.186	40.60	9.19	20.23	18.47	12.54	8.79	5.85
2023.189	40.59	9.20	20.21	18.45	12.59	8.77	5.86
2023.192	40.59	9.23	20.37	18.37	12.50	8.76	5.87
2023.195	40.58	9.27	20.34	18.36	12.50	8.78	5.89
2023.197	40.57	9.34	20.26	18.40	12.47	8.79	5.91
2023.200	40.57	9.35	20.25	18.41	12.47	8.77	5.93
2023.203	40.58	9.33	20.25	18.39	12.50	8.76	5.94
2023.205	40.60	9.32	20.22	18.40	12.55	8.73	5.97
2023.208	40.63	9.29	20.19	18.47	12.53	8.64	6.04
2023.211	40.65	9.28	20.18	18.51	12.53	8.62	6.05
2023.214	40.66	9.27	20.12	18.56	12.56	8.59	6.05
2023.216	40.68	9.25	19.92	18.75	12.59	8.57	6.06
2023.219	40.69	9.22	19.94	18.74	12.63	8.54	6.07
2023.222	40.71	9.17	19.98	18.73	12.68	8.50	6.07
2023.225	40.72	9.16	19.98	18.71	12.72	8.50	6.05
2023.227	40.74	9.16	19.88	18.76	12.74	8.56	6.03
2023.230	40.75	9.15	19.79	18.71	12.89	8.54	6.01
2023.233	40.77	9.13	19.73	18.71	12.94	8.52	6.03
2023.236	40.78	9.08	19.80	18.64	12.93	8.60	5.98
2023.238	40.80	9.04	19.87	18.56	12.96	8.57	6.02
2023.241	40.83	9.01	19.84	18.61	13.03	8.46	6.01
2023.244	40.84	8.98	19.83	18.73	12.97	8.43	5.99
2023.247	40.86	8.97	19.80	18.74	13.03	8.41	5.96
2023.249	40.88	8.98	19.75	18.74	12.97	8.55	5.88
2023.252	40.89	8.97	19.71	18.78	12.93	8.58	5.85
2023.255	40.91	8.95	19.70	18.75	12.96	8.61	5.84
2023.258	40.92	8.93	19.69	18.79	12.97	8.60	5.90
2023.260	40.93	8.92	19.80	18.65	13.05	8.69	5.85
2023.263	40.86	8.98	19.97	18.45	13.12	8.58	5.93
2023.266	40.73	9.10	19.74	18.64	13.17	8.59	5.92
2023.268	40.67	9.16	19.75	18.58	13.21	8.61	5.84
2023.271	40.61	9.22	19.65	18.64	13.26	8.61	5.78
2023.274	40.48	9.34	19.58	18.64	13.24	8.67	5.67
2023.277	40.43	9.39	19.61	18.61	13.28	8.60	5.65
2023.279	40.95	8.86	19.64	18.56	13.29	8.63	5.60
2023.282	40.91	8.90	19.66	18.52	13.30	8.65	5.57
2023.285	40.81	8.99	19.69	18.47	13.32	8.66	5.62
2023.288	40.67	9.14	19.69	18.53	13.25	8.68	5.56
2023.290	40.59	9.21	19.66	18.55	13.25	8.71	5.52
2023.293	40.52	9.28	19.61	18.59	13.22	8.78	5.49
2023.296	40.45	9.35	19.53	18.68	13.13	8.88	5.77
2023.299	40.37	9.42	19.41	18.83	13.05	8.95	5.71
2023.301	40.23	9.56	19.35	18.92	12.94	9.01	5.68
2023.304	40.15	9.64	19.29	18.96	12.93	8.99	5.68
2023.307	40.08	9.71	19.28	18.98	12.91	8.97	5.68
2023.310	40.03	9.69	19.33	18.99	13.02	8.84	5.65
2023.312	40.00	9.69	19.34	19.00	13.03	8.84	5.61
2023.315	39.97	9.73	19.33	19.00	13.01	8.87	5.66
2023.318	39.92	9.78	19.30	19.03	12.98	8.91	5.76
2023.321	39.80	9.90	19.28	19.01	12.99	8.94	5.81
2023.323	39.68	10.02	19.23	19.07	12.94	8.97	5.86
2023.326	39.56	10.14	19.17	19.15	12.90	9.00	5.85
2023.329	39.43	10.28	19.12	19.19	12.88	9.04	5.84
2023.332	39.31	10.41	19.04	19.30	12.75	9.14	5.83
2023.334	39.31	10.40	19.08	19.30	12.65	9.23	5.81
2023.337	39.76	9.94	19.10	19.30	12.64	9.21	5.81
2023.340	39.74	9.96	19.14	19.32	12.64	9.16	5.80
2023.342	39.71	9.99	19.16	19.28	12.56	9.26	5.80
2023.345	39.70	10.00	19.18	19.28	12.60	9.25	5.74
2023.348	39.69	10.01	19.19	19.31	12.54	9.34	5.65
2023.351	39.68	10.02	19.21	19.32	12.49	9.39	5.63
2023.353	39.68	10.00	19.22	19.32	12.47	9.44	5.60
2023.356	39.68	9.97	19.24	19.32	12.49	9.46	5.57
2023.359	39.67	9.96	19.17	19.49	12.36	9.49	5.55
2023.362	39.67	9.96	19.15	19.49	12.37	9.50	5.56
2023.364	39.67	9.95	19.11	19.38	12.50	9.50	5.57
2023.367	39.68	9.96	19.10	19.36	12.50	9.52	5.57
2023.370	39.69	9.95	19.09	19.33	12.52	9.54	5.55
2023.373	39.69	9.98	18.96	19.43	12.52	9.56	5.52
2023.375	39.69	10.05	18.83	19.51	12.49	9.59	5.50
2023.378	39.69	10.04	18.85	19.49	12.48	9.66	5.45
2023.381	39.69	10.04	18.87	19.48	12.51	9.65	5.40
2023.384	39.68	10.06	18.87	19.62	12.41	9.62	5.38
2023.386	39.66	10.10	18.87	19.61	12.42	9.61	5.23
2023.389	39.64	10.09	18.95	19.55	12.42	9.63	5.22
2023.392	39.61	10.11	18.97	19.50	12.44	9.66	5.18
2023.395	39.61	10.12	18.97	19.50	12.41	9.69	5.08
2023.397	39.67	10.06	18.98	19.56	12.38	9.67	4.98
2023.400	39.73	9.96	19.09	19.51	12.32	9.72	4.94
2023.403	39.79	9.90	19.09	19.56	12.26	9.74	4.94
2023.405	39.86	9.83	19.18	19.50	12.31	9.62	5.01
2023.408	39.85	9.84	19.15	19.54	12.30	9.62	5.03
2023.411	39.82	9.86	19.09	19.57	12.35	9.62	5.02
2023.414	39.77	9.91	19.08	19.59	12.37	9.61	5.03
2023.416	39.75	9.93	19.09	19.59	12.34	9.65	5.03
2023.419	39.72	9.96	19.10	19.60	12.33	9.65	5.03
2023.422	39.69	9.98	19.09	19.61	12.33	9.66	5.03
2023.425	39.67	10.01	19.06	19.63	12.34	9.66	5.03
2023.427	39.64	10.03	19.08	19.61	12.37	9.61	4.95
2023.430	39.62	10.05	19.11	19.60	12.38	9.57	4.81
2023.433	39.59	10.08	19.08	19.60	12.38	9.58	4.77
2023.436	39.56	10.10	19.06	19.61	12.37	9.58	4.79
2023.438	39.55	10.11	19.01	19.64	12.40	9.58	4.79
2023.441	39.65	10.01	19.01	19.63	12.43	9.58	4.82
2023.444	39.78	9.90	18.99	19.65	12.26	9.86	4.75
2023.447	39.90	9.76	19.01	19.68	12.20	9.81	4.89
2023.449	40.02	9.63	19.00	19.66	12.22	9.86	4.90
2023.452	40.13	9.52	19.00	19.69	12.18	9.90	4.92
2023.455	40.11	9.54	19.00	19.73	12.16	9.91	4.89
2023.458	40.10	9.55	19.02	19.79	12.09	9.92	4.85
2023.460	40.10	9.55	19.06	19.71	12.14	9.94	4.77
2023.463	40.09	9.56	19.08	19.68	12.08	10.01	4.73
2023.466	40.08	9.56	19.09	19.69	12.05	10.05	4.71
2023.468	40.00	9.64	19.12	19.65	12.05	10.07	4.81
2023.471	39.91	9.73	19.17	19.59	12.04	10.11	4.74
2023.474	39.86	9.78	19.25	19.43	12.13	10.11	4.79
2023.477	39.89	9.72	19.33	19.31	12.20	10.11	4.83
2023.479	39.93	9.66	19.30	19.34	12.23	10.21	4.77
2023.482	39.97	9.53	19.27	19.43	12.26	10.19	4.80
2023.485	39.74	9.85	19.07	19.54	12.36	10.10	4.80
2023.488	39.51	10.09	19.03	19.56	12.42	10.06	4.81
2023.490	39.29	10.31	19.01	19.59	12.45	10.02	4.80
2023.493	39.07	10.50	19.00	19.67	12.41	9.95	4.82
2023.496	38.96	10.60	19.00	19.68	12.49	9.91	4.73
2023.499	38.90	10.67	18.98	19.70	12.51	9.89	4.71
2023.501	38.86	10.70	19.01	19.73	12.46	9.90	4.69
2023.504	38.82	10.66	19.13	19.73	12.35	9.94	4.64
2023.507	38.79	10.61	19.17	19.76	12.39	9.91	4.53
2023.510	38.76	10.75	19.02	19.78	12.40	9.91	4.54
2023.512	38.74	10.79	19.03	19.75	12.42	9.91	4.57
2023.515	38.72	10.81	19.09	19.69	12.43	9.91	4.59
2023.518	38.69	10.84	19.18	19.60	12.44	9.90	4.62
2023.521	38.67	10.86	19.28	19.50	12.47	9.88	4.61
2023.523	38.95	10.58	19.38	19.41	12.46	9.88	4.55
2023.526	38.94	10.59	19.43	19.37	12.47	9.87	4.55
2023.529	38.92	10.61	19.45	19.34	12.55	9.82	4.42
2023.532	38.91	10.62	19.44	19.36	12.57	9.78	4.41
2023.534	38.90	10.63	19.44	19.38	12.58	9.75	4.44
2023.537	38.89	10.68	19.39	19.39	12.58	9.76	4.44
2023.540	38.88	10.74	19.40	19.41	12.49	9.79	4.42
2023.542	38.66	10.96	19.35	19.49	12.48	9.82	4.41
2023.545	38.58	11.01	19.33	19.49	12.54	9.88	4.37
2023.548	38.55	11.03	19.32	19.54	12.53	9.90	4.35
2023.551	38.55	11.06	19.30	19.45	12.63	9.96	4.27
2023.553	38.54	11.07	19.27	19.50	12.63	10.00	4.23
2023.556	38.54	11.08	19.25	19.51	12.59	9.95	4.33
2023.559	38.53	11.08	19.24	19.53	12.63	9.82	4.45
2023.562	38.52	11.09	19.25	19.54	12.65	9.82	4.46
2023.564	38.52	11.12	19.22	19.51	12.70	9.82	4.45
2023.567	38.51	11.15	19.16	19.50	12.84	9.73	4.43
2023.570	38.50	11.20	19.14	19.49	12.90	9.68	4.46
2023.573	38.50	11.26	19.12	19.48	12.81	9.73	4.47
2023.575	38.50	11.22	19.17	19.48	12.78	9.74	4.48
2023.578	38.51	11.23	19.16	19.44	12.91	9.66	4.52
2023.581	38.52	11.30	19.05	19.42	12.92	9.66	4.58
2023.584	38.53	11.40	18.94	19.39	12.92	9.67	4.63
2023.586	38.55	11.39	18.92	19.52	12.85	9.64	4.61
2023.589	38.61	11.34	18.90	19.60	12.78	9.66	4.60
2023.592	38.66	11.30	18.88	19.58	12.98	9.50	4.62
2023.595	38.64	11.32	19.06	19.35	13.03	9.48	4.68
2023.597	38.62	11.36	19.06	19.34	13.13	9.40	4.69
2023.600	38.56	11.41	18.98	19.41	13.08	9.46	4.70
2023.603	38.54	11.40	19.02	19.38	13.08	9.49	4.71
2023.605	38.52	11.40	19.01	19.39	13.07	9.53	4.72
2023.608	38.52	11.38	18.95	19.46	13.07	9.58	4.69
2023.611	38.51	11.44	18.83	19.45	13.25	9.53	4.65
2023.614	38.49	11.50	18.79	19.35	13.38	9.53	4.55
2023.616	38.48	11.46	18.69	19.50	13.41	9.54	4.42
2023.619	38.47	11.40	18.98	19.27	13.44	9.55	4.31
2023.622	38.46	11.36	19.13	19.18	13.43	9.55	4.29
2023.625	38.45	11.43	18.97	19.36	13.34	9.55	4.26
2023.627	38.29	11.60	19.17	19.15	13.33	9.52	4.24
2023.630	38.19	11.70	19.23	19.11	13.31	9.49	4.22
2023.633	38.10	11.78	19.28	19.08	13.27	9.51	4.20
2023.636	38.22	11.67	19.30	19.09	13.23	9.43	4.29
2023.638	38.34	11.55	19.27	19.13	13.21	9.32	4.40
2023.641	38.36	11.54	19.22	19.16	13.23	9.36	4.35
2023.644	38.35	11.55	19.16	19.19	13.23	9.52	4.22
2023.647	38.34	11.56	19.14	19.16	13.25	9.60	4.25
2023.649	38.33	11.57	19.12	18.98	13.45	9.59	4.34
2023.652	38.33	11.57	19.09	18.96	13.51	9.61	4.36
2023.655	38.32	11.56	19.07	18.96	13.55	9.56	4.51
2023.658	38.31	11.53	19.26	18.82	13.48	9.62	4.48
2023.660	38.30	11.51	19.22	18.91	13.51	9.52	4.48
2023.663	38.30	11.48	19.16	19.06	13.45	9.36	4.64
2023.666	38.29	11.46	19.11	19.10	13.36	9.51	4.62
2023.668	38.28	11.44	19.14	19.05	13.33	9.58	4.60
2023.671	38.27	11.45	19.17	18.96	13.39	9.61	4.59
2023.674	38.26	11.45	19.17	18.93	13.29	9.73	4.58
2023.677	38.25	11.45	19.12	18.98	13.32	9.70	4.55
2023.679	38.24	11.46	18.88	19.22	13.33	9.67	4.54
2023.682	38.24	11.38	18.92	19.27	13.34	9.67	4.53
2023.685	38.23	11.26	19.01	19.31	13.39	9.68	4.49
2023.688	38.23	11.25	19.01	19.27	13.43	9.60	4.56
2023.690	38.25	11.28	19.08	19.11	13.50	9.49	4.67
2023.693	38.26	11.22	19.00	19.24	13.51	9.47	4.66
2023.696	38.28	11.12	19.06	19.26	13.66	9.32	4.65
2023.699	38.29	11.05	19.05	19.34	13.65	9.30	4.65
2023.701	38.30	10.97	19.01	19.44	13.65	9.30	4.63
2023.704	38.33	10.89	19.12	19.34	13.70	9.30	4.61
2023.707	38.35	10.84	19.09	19.39	13.72	9.29	4.60
2023.710	38.36	10.78	19.14	19.48	13.62	9.27	4.58
2023.712	38.37	10.73	19.18	19.39	13.68	9.29	4.57
2023.715	38.39	10.67	19.11	19.44	13.71	9.27	4.62
2023.718	38.40	10.62	19.14	19.43	13.66	9.33	4.64
2023.721	38.41	10.56	19.08	19.53	13.57	9.44	4.63
2023.723	38.41	10.53	19.05	19.59	13.55	9.47	4.61
2023.726	38.41	10.51	19.07	19.57	13.58	9.49	4.60
2023.729	38.41	10.52	19.08	19.52	13.63	9.50	4.58
2023.732	38.44	10.37	19.23	19.50	13.63	9.48	4.62
2023.734	38.38	10.44	19.25	19.39	13.78	9.41	4.69
2023.737	38.37	10.40	19.30	19.33	13.77	9.48	4.63
2023.740	38.35	10.40	19.26	19.43	13.74	9.48	4.59
2023.742	38.33	10.38	19.25	19.50	13.73	9.47	4.58
2023.745	38.32	10.37	19.26	19.53	13.72	9.46	4.58
2023.748	38.30	10.37	19.24	19.58	13.72	9.46	4.57
2023.751	38.29	10.36	19.24	19.52	13.77	9.49	4.58
2023.753	38.29	10.34	19.26	19.50	13.77	9.52	4.55
2023.756	38.30	10.31	19.28	19.53	13.75	9.50	4.58
2023.759	38.38	10.20	19.29	19.49	13.81	9.51	4.56
2023.762	38.45	10.12	19.31	19.30	14.00	9.51	4.56
2023.764	38.44	10.10	19.32	19.28	14.02	9.53	4.56
2023.767	38.44	10.08	19.34	19.34	13.98	9.52	4.55
2023.770	38.44	10.04	19.37	19.32	14.02	9.51	4.55
2023.773	38.44	10.02	19.39	19.30	14.06	9.50	4.68
2023.775	38.43	10.01	19.40	19.27	14.10	9.51	4.70
2023.778	38.43	9.99	19.40	19.26	14.13	9.56	4.66
2023.781	38.43	9.97	19.39	19.26	14.13	9.62	4.62
2023.784	38.42	9.99	19.19	19.44	14.14	9.66	4.58
2023.786	38.45	9.98	19.14	19.47	14.14	9.54	4.70
2023.789	38.47	9.98	19.13	19.45	14.17	9.54	4.69
2023.792	38.54	9.92	19.12	19.42	14.23	9.51	4.69
2023.795	38.65	9.72	19.21	19.40	14.24	9.52	4.68
2023.797	38.76	9.62	19.24	19.40	14.25	9.49	4.68
2023.800	38.63	9.76	19.27	19.37	14.14	9.58	4.68
2023.803	38.56	9.87	19.23	19.35	14.10	9.62	4.69
2023.805	38.50	10.01	19.00	19.51	14.10	9.62	4.70
2023.808	38.47	10.06	18.87	19.61	14.10	9.59	4.73
2023.811	38.46	10.13	18.80	19.68	14.03	9.57	4.76
2023.814	38.45	10.33	18.59	19.76	13.99	9.56	4.76
2023.816	38.43	10.20	18.69	19.85	13.93	9.56	4.76
2023.819	38.42	10.23	18.67	19.92	13.84	9.57	4.77
2023.822	38.41	10.24	18.69	19.80	13.93	9.57	4.63
2023.825	38.41	10.24	18.72	19.77	13.93	9.59	4.61
2023.827	38.41	10.23	18.74	19.76	13.92	9.60	4.61
2023.830	38.41	10.25	18.74	19.76	13.91	9.60	4.62
2023.833	38.41	10.27	18.81	19.64	13.92	9.62	4.62
2023.836	38.29	10.40	18.81	19.57	13.90	9.68	4.64
2023.838	38.09	10.61	18.80	19.58	13.86	9.70	4.64
2023.841	38.00	10.71	18.82	19.52	13.76	9.83	4.64
2023.844	38.00	10.74	18.81	19.43	13.85	9.81	4.64
2023.847	37.98	10.54	19.03	19.40	13.91	9.80	4.66
2023.849	37.89	10.61	19.04	19.37	13.96	9.78	4.68
2023.852	37.83	10.72	18.95	19.34	14.04	9.76	4.69
2023.855	37.69	10.82	18.98	19.31	14.09	9.76	4.71
2023.858	37.56	10.96	18.97	19.27	14.00	9.91	4.75
2023.860	37.47	11.05	18.96	19.23	14.04	9.91	4.83
2023.863	37.40	11.14	18.94	19.37	13.92	9.93	4.82
2023.866	37.39	11.00	19.01	19.40	13.96	9.95	4.82
2023.868	37.39	10.92	19.09	19.38	13.84	10.11	4.82
2023.871	37.39	10.86	19.12	19.38	13.83	10.16	4.81
2023.874	37.39	10.78	19.22	19.37	13.82	10.16	4.82
2023.877	37.39	10.72	19.28	19.39	13.83	10.11	4.86
2023.879	37.39	10.68	19.23	19.47	13.83	10.08	4.91
2023.882	37.39	10.68	19.30	19.38	13.83	10.09	4.92
2023.885	37.39	10.68	19.34	19.30	13.88	10.09	4.93
2023.888	37.39	10.68	19.41	19.20	13.91	10.08	4.86
2023.890	37.37	10.70	19.46	19.12	13.93	10.07	4.86
2023.893	37.23	10.84	19.47	19.18	13.87	10.07	4.85
2023.896	37.20	10.90	19.66	18.92	13.92	10.05	4.83
2023.899	37.17	11.15	19.51	18.94	13.83	10.05	4.79
2023.901	37.11	11.49	19.29	18.97	13.72	10.06	4.78
2023.904	36.92	11.68	19.39	18.85	13.75	10.07	4.78
2023.907	37.12	11.48	19.40	18.74	13.88	10.03	4.78
2023.910	37.12	11.42	19.46	18.65	14.05	9.95	4.78
2023.912	37.12	11.28	19.59	18.73	13.93	10.00	4.78
2023.915	37.12	11.01	19.85	18.68	13.93	10.05	4.78
2023.918	36.89	11.07	20.08	18.69	13.86	10.07	4.77
2023.921	36.53	11.35	20.22	18.54	13.91	10.10	4.76
2023.923	36.52	11.42	20.26	18.44	13.90	10.10	4.70
2023.926	36.53	11.52	20.26	18.35	13.89	10.10	4.72
2023.929	36.53	11.66	20.18	18.31	13.88	10.10	4.73
2023.932	36.53	11.67	20.15	18.33	13.90	10.05	4.77
2023.934	36.54	11.68	20.09	18.37	13.91	10.01	4.83
2023.937	36.54	11.69	20.00	18.48	13.88	9.96	4.87
2023.940	36.54	11.70	20.06	18.52	13.75	9.94	4.90
2023.942	36.57	11.69	20.02	18.54	13.74	9.95	4.92
2023.945	36.58	11.69	19.99	18.63	13.67	9.94	4.93
2023.948	36.59	11.70	19.95	18.79	13.55	9.90	4.94
2023.951	36.59	11.71	19.94	18.80	13.51	9.91	4.96
2023.953	36.50	11.81	19.95	18.79	13.47	9.90	5.00
2023.956	36.40	11.93	19.90	18.84	13.44	9.89	5.03
2023.959	36.29	12.05	19.99	18.75	13.40	9.89	5.06
2023.962	36.19	12.17	19.95	18.78	13.36	9.88	5.09
2023.964	36.12	12.25	19.95	18.78	13.33	9.85	5.14
2023.967	36.05	12.50	19.79	18.78	13.28	9.85	5.18
2023.970	36.02	12.58	19.75	18.77	13.27	9.82	5.21
2023.973	35.99	12.62	19.64	18.88	13.21	9.88	5.21
2023.975	36.39	12.24	19.69	18.73	13.27	9.87	5.24
2023.978	36.43	12.21	19.72	18.37	13.57	9.87	5.26
2023.981	36.41	12.24	19.46	18.36	13.80	9.89	5.26
2023.984	36.40	12.26	19.36	18.44	13.84	9.84	5.29
2023.986	36.39	12.28	19.33	18.43	13.86	9.83	5.29
2023.989	36.38	12.34	19.49	18.22	13.86	9.85	5.28
2023.992	36.37	12.36	19.48	18.22	13.90	9.83	5.27
2023.995	36.36	12.37	19.44	18.26	13.90	9.83	5.26
2023.997	36.35	12.35	19.44	18.32	13.89	9.82	5.26
2024.000	36.34	12.26	19.51	18.39	13.82	9.86	5.25
2024.003	36.32	12.28	19.52	18.44	13.68	9.94	5.25
2024.005	36.31	12.29	19.54	18.50	13.59	9.93	5.27
2024.008	36.31	12.14	19.72	18.57	13.47	9.95	5.26
2024.011	36.31	12.00	19.86	18.66	13.38	9.95	5.26
2024.014	36.31	11.88	19.79	19.01	13.22	9.96	5.26
2024.016	36.31	11.77	19.81	19.09	13.23	9.98	5.23
2024.019	36.31	11.77	19.81	19.08	13.02	10.21	5.23
2024.022	36.31	11.59	19.99	19.11	12.99	10.18	5.26
2024.025	36.31	11.49	20.09	19.13	12.97	10.18	5.26
2024.027	36.31	11.30	20.32	19.13	12.93	10.18	5.26
2024.030	36.31	11.20	20.43	19.13	12.92	10.18	5.26
2024.033	36.31	11.02	20.58	19.24	12.84	10.18	5.26
2024.036	36.31	11.01	20.57	19.26	12.83	10.18	5.26
2024.038	36.31	11.01	20.57	19.29	12.83	10.15	5.26
2024.041	36.31	11.01	20.52	19.34	12.82	10.16	5.26
2024.044	36.31	11.01	20.43	19.44	12.80	10.18	5.26
2024.047	36.31	11.01	20.39	19.43	12.84	10.18	5.26
2024.049	36.31	11.01	20.43	19.42	12.82	10.18	5.23
2024.052	36.25	11.07	20.39	19.44	12.84	10.18	5.23
2024.055	35.91	11.29	20.34	19.64	12.81	10.18	5.23
2024.058	35.74	11.43	20.33	19.76	12.69	10.22	5.23
2024.060	35.57	11.60	20.22	19.95	12.61	10.22	5.22
2024.063	35.40	11.77	20.24	20.03	12.50	10.24	5.14
2024.066	35.23	11.94	20.33	19.90	12.54	10.23	5.09
2024.068	35.06	12.11	20.35	19.86	12.53	10.28	5.02
2024.071	34.99	12.18	20.34	19.85	12.53	10.31	4.95
2024.074	34.97	12.20	20.33	19.81	12.54	10.35	4.89
2024.077	34.97	12.23	20.31	19.69	12.66	10.35	4.78
2024.079	34.97	12.29	20.26	19.68	12.45	10.56	4.72
2024.082	34.97	12.33	20.15	19.79	12.40	10.57	4.66
2024.085	34.97	12.35	20.13	19.83	12.35	10.58	4.65
2024.088	34.97	12.35	20.09	19.89	12.27	10.65	4.65
2024.090	34.97	12.35	20.07	19.85	12.33	10.65	4.64
2024.093	34.97	12.28	20.03	19.90	12.38	10.66	4.64
2024.096	34.97	12.20	20.06	19.96	12.39	10.67	4.62
2024.099	34.97	12.05	20.09	20.07	12.39	10.69	4.61
2024.101	34.97	11.92	20.22	20.08	12.42	10.67	4.60
2024.104	34.97	11.92	20.21	20.09	12.42	10.68	4.59
2024.107	35.00	11.89	20.20	20.09	12.41	10.69	4.58
2024.110	34.97	11.90	20.22	20.17	12.33	10.69	4.58
2024.112	34.97	11.93	20.20	20.10	12.38	10.72	4.58
2024.115	34.97	12.00	20.12	20.09	12.39	10.70	4.60
2024.118	34.97	12.04	20.08	20.10	12.38	10.67	4.63
2024.121	34.97	12.10	19.92	20.16	12.42	10.67	4.63
2024.123	34.97	12.26	19.83	20.12	12.38	10.68	4.63
2024.126	34.97	12.10	19.98	20.10	12.41	10.68	4.63
2024.129	34.97	12.10	19.93	20.15	12.40	10.69	4.63
2024.132	34.97	12.10	19.93	20.19	12.39	10.65	4.65
2024.134	34.97	12.10	20.14	19.98	12.39	10.66	4.64
2024.137	34.97	12.10	20.15	20.06	12.30	10.66	4.65
2024.140	34.97	12.10	20.16	20.04	12.31	10.66	4.67
2024.142	34.97	12.10	20.17	20.01	12.33	10.67	4.71
2024.145	34.97	11.92	20.36	19.98	12.35	10.68	4.74
2024.148	34.97	11.92	20.37	20.03	12.25	10.72	4.76
2024.151	34.97	11.92	20.38	20.14	12.12	10.73	4.79
2024.153	34.97	11.92	20.46	19.95	12.23	10.74	4.82
2024.156	34.97	11.92	20.40	19.98	12.24	10.83	4.78
2024.159	34.92	12.02	20.36	19.96	12.25	10.83	4.81
2024.162	34.86	12.20	20.26	20.05	12.13	10.85	4.84
2024.164	34.80	12.26	20.27	20.26	11.91	10.85	4.86
2024.167	34.75	12.32	20.28	20.25	11.91	10.86	4.89
2024.170	34.73	12.38	20.26	20.20	11.87	10.95	4.92
2024.173	34.72	12.52	20.13	20.10	11.94	10.97	4.94
2024.175	34.70	12.53	20.05	20.23	11.90	10.98	4.97
2024.178	34.69	12.54	19.97	20.37	11.83	10.99	5.00
2024.181	34.68	12.55	20.03	20.24	11.90	10.98	5.01
2024.184	34.67	12.56	20.05	20.16	11.99	10.96	5.01
2024.186	34.67	12.57	19.96	20.17	12.13	10.90	5.01
2024.189	34.67	12.56	19.73	20.40	12.13	10.90	5.01
2024.192	34.47	12.76	19.59	20.54	12.13	10.90	5.01
2024.195	34.24	13.00	19.58	20.55	12.17	10.86	5.01
2024.197	34.25	13.01	19.56	20.55	12.17	10.86	5.01
2024.200	34.26	13.05	19.49	20.55	12.17	10.86	5.01
2024.203	34.28	13.04	19.49	20.62	12.11	10.86	5.01
2024.205	34.29	13.03	19.48	20.61	12.16	10.82	5.01
2024.208	34.31	13.01	19.48	20.60	12.18	10.82	5.01
2024.211	34.32	13.00	19.47	20.54	12.24	10.82	5.01
2024.214	34.33	12.98	19.47	20.55	12.24	10.82	5.01
2024.216	34.36	12.96	19.46	20.55	12.24	10.82	5.01
2024.219	34.38	12.94	19.46	20.56	12.24	10.82	5.01
2024.222	34.39	12.93	19.45	20.56	12.24	10.82	5.01
2024.225	34.40	12.91	19.45	20.57	12.24	10.82	5.01
2024.227	34.70	12.53	19.53	20.57	12.24	10.81	5.01
2024.230	34.70	12.53	19.52	20.58	12.24	10.81	5.02
2024.233	34.70	12.53	19.51	20.59	12.24	10.80	5.02
2024.236	34.70	12.53	19.51	20.59	12.24	10.80	5.02
2024.238	34.70	12.53	19.50	20.60	12.24	10.79	5.03
2024.241	34.70	12.53	19.50	20.60	12.24	10.79	5.03
2024.244	34.70	12.53	19.49	20.61	12.24	10.79	5.04
2024.247	34.70	12.56	19.47	20.60	12.24	10.78	5.04
2024.249	34.71	12.57	19.48	20.58	12.24	10.77	5.06
2024.252	34.71	12.61	19.43	20.58	12.30	10.66	5.10
2024.255	34.71	12.61	19.43	20.58	12.47	10.49	5.10
2024.258	34.71	12.61	19.43	20.58	12.50	10.45	5.11
2024.260	34.72	12.60	19.43	20.59	12.49	10.45	5.11
2024.263	34.72	12.60	19.43	20.58	12.50	10.45	5.12
2024.266	34.72	12.60	19.46	20.56	12.50	10.43	5.13
2024.268	34.72	12.59	19.51	20.51	12.50	10.42	5.14
2024.271	34.73	12.59	19.60	20.41	12.50	10.42	5.15
2024.274	34.73	12.59	19.64	20.37	12.50	10.41	5.16
2024.277	34.73	12.59	19.64	20.38	12.50	10.41	5.16
2024.279	34.73	12.58	19.57	20.45	12.51	10.40	5.16
2024.282	34.74	12.58	19.49	20.52	12.55	10.36	5.16
2024.285	34.74	12.58	19.51	20.50	12.61	10.30	5.16
2024.288	34.74	12.58	19.52	20.49	12.62	10.29	5.12
2024.290	34.74	12.57	19.54	20.46	12.63	10.29	4.99
2024.293	34.75	12.57	19.55	20.43	12.64	10.30	4.94
2024.296	34.76	12.56	19.56	20.36	12.66	10.33	4.94
2024.299	34.77	12.55	19.44	20.46	12.68	10.34	4.94
2024.301	34.79	12.53	19.42	20.46	12.69	10.35	4.94
2024.304	34.80	12.52	19.43	20.44	12.68	10.37	4.94
2024.307	34.83	12.49	19.43	20.46	12.68	10.34	4.94
2024.310	34.84	12.47	19.43	20.50	12.70	10.29	4.94
2024.312	34.86	12.46	19.43	20.51	12.68	10.29	4.94
2024.315	34.88	12.44	19.43	20.51	12.69	10.34	4.89
2024.318	34.99	12.32	19.43	20.50	12.70	10.35	4.87
2024.321	35.00	12.32	19.43	20.54	12.65	10.35	4.87
2024.323	35.00	12.32	19.43	20.53	12.68	10.34	4.87
2024.326	35.00	12.32	19.43	20.52	12.71	10.31	4.88
2024.329	35.01	12.31	19.43	20.51	12.73	10.31	4.92
2024.332	35.01	12.31	19.43	20.51	12.73	10.31	4.95
2024.334	35.01	12.30	19.42	20.52	12.73	10.31	5.01
2024.337	35.03	12.29	19.40	20.55	12.73	10.31	5.04
2024.340	35.04	12.28	19.37	20.57	12.73	10.31	5.08
2024.342	35.06	12.26	19.31	20.64	12.73	10.31	5.09
2024.345	35.07	12.25	19.27	20.67	12.68	10.35	5.09
2024.348	35.09	12.23	19.31	20.63	12.68	10.35	5.09
2024.351	35.10	12.22	19.36	20.59	12.68	10.35	5.09
2024.353	35.11	12.20	19.38	20.57	12.68	10.35	5.09
2024.356	35.13	12.19	19.39	20.55	12.68	10.35	5.09
2024.359	35.14	12.17	19.41	20.54	12.68	10.35	5.09
2024.362	35.16	12.16	19.47	20.47	12.68	10.35	5.09
2024.364	35.17	12.15	19.43	20.51	12.68	10.35	5.09
2024.367	35.19	12.13	19.43	20.46	12.74	10.35	5.09
2024.370	35.12	12.20	19.43	20.43	12.76	10.35	5.09
2024.373	35.19	12.13	19.43	20.43	12.76	10.35	5.09
2024.375	35.26	12.05	19.43	20.43	12.76	10.35	5.09
2024.378	35.26	12.05	19.43	20.43	12.76	10.32	5.12
2024.381	35.26	12.05	19.43	20.43	12.76	10.29	5.16
2024.384	35.26	12.05	19.43	20.43	12.76	10.29	5.16
2024.386	35.26	12.05	19.41	20.45	12.76	10.29	5.16
2024.389	35.27	12.05	19.39	20.48	12.76	10.29	5.16
2024.392	35.30	12.02	19.37	20.50	12.76	10.29	5.16
2024.395	35.36	11.95	19.30	20.57	12.76	10.29	5.16
2024.397	35.63	11.69	19.27	20.59	12.76	10.29	5.16
2024.400	35.71	11.61	19.27	20.59	12.76	10.29	5.16
2024.403	35.71	11.61	19.27	20.59	12.76	10.29	5.16
2024.405	35.71	11.61	19.18	20.69	12.76	10.30	5.16
2024.408	35.71	11.61	19.18	20.69	12.73	10.33	5.16
2024.411	35.71	11.61	19.18	20.69	12.71	10.34	5.16
2024.414	35.71	11.61	19.18	20.69	12.70	10.35	5.16
2024.416	35.71	11.61	19.18	20.69	12.69	10.36	5.16
2024.419	35.71	11.61	19.17	20.69	12.68	10.37	5.16
2024.422	35.71	11.61	19.16	20.70	12.67	10.38	5.16
2024.425	35.71	11.61	19.12	20.74	12.66	10.40	5.16
2024.427	35.71	11.61	19.10	20.77	12.57	10.48	5.16
2024.430	35.71	11.61	19.10	20.77	12.39	10.66	5.16
2024.433	35.71	11.61	19.10	20.77	12.39	10.66	5.16
2024.436	35.71	11.61	19.10	20.77	12.39	10.66	5.16
2024.438	35.71	11.61	19.10	20.77	12.39	10.66	5.16
2024.441	35.71	11.61	19.10	20.77	12.46	10.59	5.16
2024.444	35.71	11.61	19.12	20.75	12.63	10.42	5.16
2024.447	35.71	11.61	19.17	20.70	12.65	10.41	5.16
2024.449	35.71	11.61	19.18	20.71	12.62	10.41	5.16
2024.452	35.71	11.61	19.18	20.75	12.58	10.41	5.16
2024.455	35.71	11.61	19.18	20.77	12.57	10.41	5.16
2024.458	35.71	11.61	19.18	20.77	12.57	10.41	5.16
2024.460	35.71	11.61	19.18	20.69	12.65	10.41	5.16
2024.463	35.71	11.61	19.18	20.69	12.65	10.41	5.16
2024.466	35.71	11.61	19.18	20.69	12.65	10.41	5.16
2024.468	35.71	11.61	19.18	20.69	12.65	10.41	5.16
2024.471	35.71	11.61	19.18	20.69	12.65	10.41	5.16
2024.474	35.71	11.61	19.18	20.69	12.65	10.41	5.16
2024.477	35.71	11.61	19.27	20.60	12.65	10.41	5.16
2024.479	35.71	11.61	19.27	20.59	12.65	10.41	5.16
2024.482	35.71	11.61	19.27	20.59	12.65	10.41	5.16
2024.485	35.71	11.61	19.27	20.59	12.65	10.41	5.16
2024.488	35.71	11.61	19.27	20.59	12.65	10.41	5.16
2024.490	35.71	11.61	19.27	20.59	12.65	10.41	5.16
2024.493	35.71	11.61	19.27	20.59	12.65	10.41	5.16
2024.496	35.71	11.61	19.27	20.59	12.65	10.41	5.16
2024.499	35.71	11.61	19.27	20.59	12.65	10.41	5.16