X	Percentil5	Percentil10	Percentil25	Percentil50	Percentil75	Percentil90	Percentil95
2019.501	48.95	9.02	14.32	14.12	12.15	9.68	6.05
2019.504	48.95	9.02	14.32	14.12	12.15	9.68	6.05
2019.507	48.95	9.02	14.32	14.12	12.15	9.68	6.05
2019.510	48.95	9.02	14.32	14.12	12.15	9.68	6.05
2019.512	48.95	9.02	14.32	14.12	12.15	9.68	6.05
2019.515	48.95	9.02	14.32	14.12	12.15	9.68	6.05
2019.518	48.95	9.02	14.32	14.12	12.15	9.68	6.05
2019.521	48.95	9.02	14.32	14.12	12.15	9.68	6.05
2019.523	48.95	9.02	14.32	14.12	12.15	9.68	6.05
2019.526	48.95	9.02	14.32	14.12	12.15	9.68	6.05
2019.529	48.95	9.05	14.30	14.12	12.15	9.68	6.05
2019.532	48.95	9.05	14.33	14.09	12.15	9.68	6.05
2019.534	48.95	9.05	14.27	14.15	12.16	9.68	6.05
2019.537	48.95	9.02	14.27	14.17	12.17	9.67	6.05
2019.540	48.95	9.02	14.27	14.17	12.17	9.67	6.05
2019.542	48.95	9.02	14.27	14.17	12.17	9.67	6.05
2019.545	48.95	9.02	14.26	14.17	12.17	9.67	6.05
2019.548	48.95	9.02	14.26	14.17	12.18	9.67	6.05
2019.551	48.95	9.02	14.26	14.17	12.18	9.67	6.05
2019.553	48.95	9.02	14.26	14.17	12.18	9.67	6.05
2019.556	48.95	9.02	14.26	14.17	12.18	9.67	6.05
2019.559	48.95	9.02	14.26	14.17	12.18	9.67	6.05
2019.562	48.95	9.02	14.26	14.17	12.18	9.69	6.03
2019.564	48.95	9.02	14.26	14.17	12.18	9.69	6.03
2019.567	48.95	9.02	14.26	14.17	12.18	9.69	6.03
2019.570	48.95	9.02	14.26	14.17	12.18	9.69	6.03
2019.573	48.95	9.02	14.26	14.12	12.23	9.69	6.03
2019.575	48.95	9.02	14.26	14.17	12.18	9.69	6.03
2019.578	48.94	9.03	14.26	14.17	12.18	9.69	6.03
2019.581	48.94	9.03	14.26	14.17	12.18	9.69	6.03
2019.584	48.94	8.95	14.36	14.15	12.18	9.69	6.03
2019.586	48.94	8.95	14.37	14.14	12.18	9.69	6.03
2019.589	48.94	8.95	14.36	14.15	12.18	9.69	6.03
2019.592	48.94	8.95	14.39	14.12	12.18	9.69	6.03
2019.595	48.94	8.95	14.41	14.11	12.16	9.70	6.03
2019.597	48.94	8.95	14.40	14.13	12.16	9.70	6.03
2019.600	48.94	8.95	14.38	14.15	12.16	9.70	6.03
2019.603	48.93	8.96	14.35	14.18	12.14	9.72	6.03
2019.605	48.92	8.97	14.34	14.17	12.16	9.72	6.03
2019.608	48.92	8.97	14.41	14.10	12.14	9.74	6.03
2019.611	48.92	8.97	14.41	14.10	12.13	9.75	6.03
2019.614	48.94	8.95	14.41	14.10	12.13	9.75	6.03
2019.616	48.94	8.95	14.41	14.05	12.17	9.75	6.03
2019.619	48.94	8.95	14.41	14.06	12.15	9.76	6.03
2019.622	48.94	8.95	14.35	14.14	12.14	9.73	6.05
2019.625	48.94	9.00	14.20	14.26	12.12	9.70	6.07
2019.627	48.94	9.04	14.17	14.19	12.19	9.70	6.07
2019.630	48.94	9.04	14.16	14.19	12.19	9.70	6.07
2019.633	48.94	9.04	14.17	14.18	12.19	9.70	6.07
2019.636	48.94	9.04	14.18	14.17	12.19	9.70	6.07
2019.638	48.94	9.04	14.19	14.16	12.19	9.70	6.07
2019.641	48.93	9.06	14.20	14.23	12.11	9.70	6.07
2019.644	48.92	9.06	14.27	14.17	12.14	9.68	6.07
2019.647	48.92	9.06	14.28	14.16	12.14	9.68	6.07
2019.649	48.92	9.06	14.26	14.18	12.14	9.68	6.07
2019.652	48.92	8.97	14.32	14.21	12.14	9.68	6.07
2019.655	48.94	8.95	14.26	14.27	12.14	9.70	6.05
2019.658	48.94	8.95	14.27	14.26	12.14	9.70	6.05
2019.660	48.93	8.97	14.29	14.22	12.13	9.75	6.03
2019.663	48.93	8.97	14.29	14.19	12.15	9.74	6.03
2019.666	48.93	8.97	14.30	14.14	12.19	9.73	6.05
2019.668	48.93	8.99	14.27	14.14	12.21	9.71	6.05
2019.671	48.93	9.00	14.27	14.14	12.22	9.70	6.05
2019.674	48.93	8.99	14.30	14.12	12.22	9.70	6.05
2019.677	48.93	8.98	14.33	14.18	12.14	9.70	6.05
2019.679	48.93	8.99	14.35	14.12	12.18	9.70	6.05
2019.682	48.93	8.99	14.34	14.16	12.14	9.70	6.05
2019.685	48.93	8.99	14.33	14.17	12.15	9.69	6.05
2019.688	48.93	8.99	14.33	14.18	12.16	9.66	6.08
2019.690	48.93	8.99	14.39	14.12	12.16	9.66	6.08
2019.693	48.93	8.99	14.41	14.10	12.16	9.65	6.08
2019.696	48.93	8.91	14.50	14.11	12.14	9.65	6.07
2019.699	48.93	8.90	14.53	14.08	12.14	9.65	6.07
2019.701	48.95	8.85	14.60	14.05	12.13	9.65	6.07
2019.704	48.95	8.85	14.61	14.04	12.13	9.65	6.07
2019.707	48.95	8.85	14.61	14.03	12.14	9.65	6.07
2019.710	48.95	8.85	14.61	14.03	12.14	9.65	6.07
2019.712	48.95	8.85	14.59	14.05	12.14	9.65	6.08
2019.715	48.95	8.85	14.55	14.09	12.14	9.65	6.08
2019.718	48.95	8.86	14.53	14.11	12.14	9.65	6.08
2019.721	48.95	8.86	14.56	14.07	12.14	9.65	6.08
2019.723	48.95	8.87	14.56	14.04	12.15	9.66	6.08
2019.726	48.92	8.89	14.56	14.07	12.09	9.69	6.08
2019.729	48.87	8.96	14.54	14.06	12.10	9.70	6.08
2019.732	48.86	8.97	14.54	14.08	12.07	9.72	6.08
2019.734	48.86	8.97	14.57	14.02	12.12	9.69	6.08
2019.737	48.86	8.97	14.57	14.02	12.14	9.68	6.08
2019.740	48.86	8.97	14.57	14.02	12.13	9.68	6.08
2019.742	48.81	9.02	14.57	14.02	12.13	9.68	6.08
2019.745	48.78	9.07	14.55	14.02	12.13	9.68	6.08
2019.748	48.66	9.19	14.55	14.02	12.13	9.68	6.08
2019.751	48.57	9.29	14.54	14.04	12.12	9.68	6.08
2019.753	48.56	9.29	14.54	14.05	12.11	9.67	6.08
2019.756	48.60	9.26	14.53	14.03	12.14	9.67	6.07
2019.759	48.66	9.20	14.51	14.05	12.13	9.68	6.07
2019.762	48.66	9.24	14.44	14.08	12.13	9.68	6.07
2019.764	48.66	9.25	14.41	14.10	12.13	9.69	6.07
2019.767	48.66	9.30	14.33	14.13	12.09	9.72	6.07
2019.770	48.66	9.32	14.28	14.16	12.09	9.72	6.07
2019.773	48.66	9.35	14.24	14.17	12.09	9.72	6.07
2019.775	48.66	9.37	14.23	14.14	12.12	9.72	6.06
2019.778	48.66	9.38	14.23	14.12	12.13	9.72	6.06
2019.781	48.66	9.38	14.19	14.19	12.09	9.72	6.06
2019.784	48.66	9.40	14.14	14.22	12.09	9.72	6.07
2019.786	48.66	9.46	14.10	14.17	12.13	9.70	6.08
2019.789	48.66	9.56	14.01	14.18	12.11	9.68	6.10
2019.792	48.66	9.56	13.98	14.22	12.10	9.67	6.11
2019.795	48.66	9.53	14.06	14.15	12.14	9.63	6.12
2019.797	48.66	9.46	14.14	14.16	12.13	9.62	6.13
2019.800	48.66	9.43	14.14	14.19	12.12	9.62	6.13
2019.803	48.66	9.42	14.19	14.16	12.11	9.66	6.09
2019.805	48.66	9.43	14.19	14.15	12.14	9.67	6.08
2019.808	48.66	9.44	14.19	14.15	12.11	9.68	6.08
2019.811	48.66	9.45	14.19	14.13	12.12	9.68	6.08
2019.814	48.66	9.45	14.15	14.15	12.13	9.69	6.08
2019.816	48.67	9.45	14.16	14.14	12.12	9.69	6.08
2019.819	48.68	9.46	14.16	14.12	12.12	9.69	6.08
2019.822	48.68	9.47	14.15	14.12	12.13	9.68	6.08
2019.825	48.69	9.51	14.05	14.17	12.13	9.68	6.08
2019.827	48.69	9.51	14.03	14.20	12.11	9.70	6.08
2019.830	48.70	9.49	14.04	14.20	12.14	9.68	6.08
2019.833	48.71	9.48	14.03	14.17	12.17	9.68	6.08
2019.836	48.72	9.49	14.00	14.17	12.15	9.71	6.06
2019.838	48.73	9.48	13.99	14.18	12.13	9.71	6.06
2019.841	48.77	9.45	13.95	14.25	12.11	9.72	6.06
2019.844	48.79	9.43	13.90	14.29	12.11	9.72	6.06
2019.847	48.81	9.43	13.85	14.32	12.10	9.72	6.06
2019.849	48.81	9.46	13.78	14.36	12.09	9.72	6.06
2019.852	48.82	9.45	13.80	14.35	12.09	9.72	6.06
2019.855	48.83	9.41	13.86	14.32	12.09	9.72	6.06
2019.858	48.87	9.32	13.92	14.30	12.09	9.72	6.06
2019.860	48.93	9.30	13.89	14.30	12.10	9.71	6.06
2019.863	48.93	9.30	13.89	14.30	12.12	9.68	6.06
2019.866	48.88	9.35	13.88	14.30	12.13	9.67	6.06
2019.868	48.89	9.33	13.89	14.31	12.15	9.66	6.06
2019.871	48.90	9.33	13.87	14.34	12.14	9.65	6.06
2019.874	48.91	9.34	13.84	14.35	12.14	9.66	6.06
2019.877	48.92	9.33	13.81	14.38	12.14	9.65	6.06
2019.879	48.89	9.32	13.81	14.43	12.14	9.67	6.04
2019.882	48.88	9.33	13.77	14.48	12.13	9.68	6.04
2019.885	48.87	9.30	13.78	14.51	12.11	9.68	6.04
2019.888	48.87	9.30	13.77	14.50	12.14	9.67	6.04
2019.890	48.90	9.28	13.75	14.52	12.13	9.69	6.02
2019.893	48.93	9.25	13.72	14.55	12.14	9.69	6.02
2019.896	48.93	9.25	13.71	14.55	12.15	9.69	6.02
2019.899	48.93	9.25	13.71	14.53	12.16	9.69	6.02
2019.901	48.93	9.23	13.74	14.52	12.17	9.69	6.02
2019.904	48.87	9.28	13.79	14.48	12.16	9.69	6.02
2019.907	48.86	9.27	13.80	14.51	12.15	9.69	6.03
2019.910	48.86	9.29	13.87	14.41	12.16	9.69	6.03
2019.912	48.86	9.29	13.88	14.38	12.17	9.69	6.02
2019.915	48.86	9.30	13.91	14.35	12.17	9.73	5.98
2019.918	48.86	9.32	13.91	14.33	12.18	9.74	5.95
2019.921	48.86	9.28	13.92	14.36	12.17	9.76	5.94
2019.923	48.81	9.35	13.88	14.37	12.18	9.82	5.88
2019.926	48.78	9.39	13.85	14.35	12.22	9.82	5.87
2019.929	48.78	9.38	13.87	14.33	12.24	9.79	5.91
2019.932	48.78	9.42	13.82	14.33	12.24	9.76	5.94
2019.934	48.78	9.43	13.85	14.28	12.25	9.75	5.94
2019.937	48.78	9.42	13.82	14.29	12.27	9.76	5.94
2019.940	48.78	9.38	13.90	14.26	12.27	9.77	5.92
2019.942	48.78	9.41	13.89	14.25	12.28	9.78	5.89
2019.945	48.78	9.43	13.84	14.27	12.29	9.81	5.86
2019.948	48.78	9.43	13.82	14.27	12.30	9.82	5.78
2019.951	48.78	9.43	13.84	14.27	12.28	9.82	5.82
2019.953	48.86	9.33	13.91	14.23	12.28	9.81	5.85
2019.956	48.86	9.26	13.98	14.23	12.30	9.79	5.85
2019.959	48.86	9.22	13.99	14.26	12.30	9.79	5.85
2019.962	48.86	9.22	13.99	14.25	12.30	9.79	5.84
2019.964	48.86	9.22	14.00	14.26	12.29	9.79	5.85
2019.967	48.86	9.22	14.00	14.29	12.26	9.78	5.85
2019.970	48.78	9.30	14.00	14.32	12.22	9.72	5.96
2019.973	48.73	9.35	14.00	14.34	12.20	9.72	5.96
2019.975	48.66	9.42	13.95	14.40	12.20	9.72	5.96
2019.978	48.58	9.47	13.99	14.39	12.24	9.67	5.97
2019.981	48.58	9.32	14.14	14.32	12.30	9.67	5.97
2019.984	48.66	9.20	14.20	14.27	12.37	9.64	5.97
2019.986	48.66	9.17	14.23	14.33	12.30	9.64	5.97
2019.989	48.66	9.17	14.24	14.35	12.26	9.66	5.97
2019.992	48.66	9.17	14.24	14.25	12.34	9.67	5.97
2019.995	48.66	9.25	14.17	14.26	12.33	9.67	5.97
2019.997	48.66	9.29	14.14	14.27	12.30	9.67	5.97
2020.000	48.67	9.34	14.10	14.31	12.25	9.67	5.97
2020.003	48.67	9.30	14.14	14.31	12.25	9.67	5.97
2020.005	48.67	9.24	14.21	14.30	12.28	9.64	5.97
2020.008	48.68	9.40	14.01	14.33	12.28	9.64	5.97
2020.011	48.65	9.43	14.04	14.30	12.29	9.64	5.97
2020.014	48.66	9.42	14.04	14.30	12.30	9.62	5.97
2020.016	48.61	9.47	14.07	14.26	12.30	9.61	5.98
2020.019	48.61	9.47	14.08	14.23	12.34	9.61	5.98
2020.022	48.62	9.46	14.08	14.24	12.34	9.60	5.98
2020.025	48.62	9.46	14.05	14.27	12.33	9.59	5.98
2020.027	48.60	9.48	14.06	14.28	12.31	9.60	5.98
2020.030	48.58	9.50	14.07	14.27	12.30	9.61	5.99
2020.033	48.57	9.51	14.07	14.27	12.29	9.61	5.99
2020.036	48.57	9.51	14.05	14.29	12.29	9.61	5.99
2020.038	48.57	9.51	14.05	14.29	12.29	9.61	5.99
2020.041	48.57	9.50	14.08	14.26	12.29	9.61	5.99
2020.044	48.57	9.50	14.11	14.23	12.28	9.61	6.00
2020.047	48.57	9.50	14.12	14.22	12.28	9.62	6.00
2020.049	48.57	9.50	14.14	14.17	12.30	9.62	6.00
2020.052	48.57	9.50	14.15	14.10	12.35	9.62	6.00
2020.055	48.65	9.40	14.20	14.08	12.37	9.62	6.00
2020.058	48.62	9.42	14.22	14.07	12.37	9.61	6.01
2020.060	48.58	9.42	14.26	14.07	12.35	9.61	6.01
2020.063	48.63	9.39	14.17	14.14	12.38	9.59	6.01
2020.066	48.62	9.37	14.20	14.15	12.38	9.59	6.01
2020.068	48.61	9.33	14.29	14.09	12.39	9.57	6.02
2020.071	48.60	9.33	14.30	14.13	12.38	9.56	6.02
2020.074	48.59	9.35	14.30	14.13	12.37	9.54	6.04
2020.077	48.58	9.39	14.28	14.12	12.35	9.53	6.06
2020.079	48.58	9.41	14.30	14.11	12.32	9.54	6.06
2020.082	48.58	9.41	14.31	14.10	12.30	9.55	6.07
2020.085	48.58	9.42	14.31	14.11	12.26	9.56	6.08
2020.088	48.58	9.41	14.33	14.10	12.25	9.56	6.08
2020.090	48.58	9.42	14.34	14.09	12.25	9.55	6.10
2020.093	48.57	9.42	14.32	14.10	12.25	9.54	6.11
2020.096	48.56	9.43	14.34	14.10	12.24	9.54	6.11
2020.099	48.56	9.49	14.28	14.10	12.24	9.55	6.10
2020.101	48.55	9.53	14.23	14.14	12.22	9.56	6.09
2020.104	48.55	9.53	14.20	14.16	12.22	9.56	6.09
2020.107	48.54	9.58	14.15	14.18	12.22	9.58	6.07
2020.110	48.54	9.60	14.12	14.20	12.22	9.58	6.06
2020.112	48.53	9.62	14.10	14.19	12.23	9.58	6.06
2020.115	48.53	9.47	14.24	14.20	12.23	9.58	6.05
2020.118	48.52	9.43	14.28	14.24	12.20	9.58	6.05
2020.121	48.53	9.39	14.31	14.27	12.18	9.57	6.05
2020.123	48.55	9.34	14.36	14.30	12.15	9.55	6.05
2020.126	48.57	9.27	14.41	14.30	12.15	9.55	6.05
2020.129	48.58	9.26	14.37	14.33	12.16	9.55	6.05
2020.132	48.58	9.27	14.37	14.35	12.14	9.55	6.05
2020.134	48.58	9.23	14.42	14.35	12.12	9.57	6.03
2020.137	48.58	9.22	14.45	14.29	12.17	9.57	6.03
2020.140	48.66	9.16	14.40	14.32	12.17	9.57	6.03
2020.142	48.66	9.17	14.41	14.33	12.16	9.55	6.04
2020.145	48.66	9.17	14.42	14.32	12.15	9.54	6.04
2020.148	48.66	9.20	14.42	14.29	12.15	9.53	6.04
2020.151	48.66	9.21	14.46	14.24	12.15	9.53	6.04
2020.153	48.66	9.22	14.48	14.22	12.14	9.53	6.04
2020.156	48.65	9.22	14.48	14.25	12.13	9.52	6.04
2020.159	48.58	9.28	14.50	14.26	12.12	9.51	6.03
2020.162	48.54	9.36	14.41	14.35	12.07	9.52	6.03
2020.164	48.53	9.40	14.38	14.36	12.06	9.50	6.06
2020.167	48.53	9.40	14.37	14.36	12.05	9.50	6.06
2020.170	48.54	9.40	14.36	14.36	12.04	9.51	6.06
2020.173	48.55	9.40	14.35	14.36	12.04	9.51	6.06
2020.175	48.56	9.40	14.34	14.36	12.04	9.51	6.06
2020.178	48.57	9.40	14.34	14.37	12.04	9.51	6.06
2020.181	48.58	9.39	14.34	14.35	12.05	9.50	6.05
2020.184	48.59	9.40	14.35	14.36	12.03	9.50	6.05
2020.186	48.59	9.40	14.35	14.33	12.06	9.50	6.05
2020.189	48.59	9.40	14.30	14.38	12.05	9.51	6.05
2020.192	48.59	9.41	14.29	14.38	12.06	9.49	6.04
2020.195	48.59	9.48	14.23	14.37	12.05	9.50	6.04
2020.197	48.59	9.53	14.23	14.33	12.04	9.50	6.04
2020.200	48.59	9.56	14.19	14.33	12.04	9.50	6.03
2020.203	48.59	9.58	14.17	14.35	12.02	9.50	6.03
2020.205	48.59	9.59	14.16	14.37	12.03	9.51	6.00
2020.208	48.59	9.59	14.16	14.36	12.06	9.49	6.00
2020.211	48.59	9.49	14.27	14.35	12.01	9.54	6.00
2020.214	48.59	9.51	14.26	14.34	12.00	9.55	5.99
2020.216	48.62	9.50	14.28	14.32	12.00	9.55	5.98
2020.219	48.66	9.47	14.27	14.32	12.00	9.55	5.97
2020.222	48.68	9.47	14.25	14.31	12.01	9.55	5.97
2020.225	48.68	9.48	14.24	14.31	12.01	9.55	5.97
2020.227	48.66	9.50	14.23	14.28	12.04	9.54	5.99
2020.230	48.67	9.52	14.22	14.26	12.06	9.53	6.00
2020.233	48.67	9.56	14.18	14.24	12.10	9.52	6.01
2020.236	48.67	9.56	14.17	14.22	12.12	9.51	6.03
2020.238	48.68	9.54	14.20	14.21	12.11	9.51	6.04
2020.241	48.70	9.52	14.19	14.24	12.12	9.49	6.04
2020.244	48.67	9.56	14.18	14.25	12.12	9.48	6.04
2020.247	48.67	9.56	14.18	14.26	12.08	9.51	6.00
2020.249	48.67	9.56	14.18	14.23	12.12	9.51	5.98
2020.252	48.67	9.55	14.18	14.26	12.08	9.51	5.97
2020.255	48.67	9.54	14.20	14.26	12.08	9.51	5.97
2020.258	48.67	9.53	14.21	14.25	12.06	9.53	5.97
2020.260	48.67	9.52	14.23	14.22	12.07	9.54	5.96
2020.263	48.67	9.52	14.24	14.23	12.06	9.55	5.96
2020.266	48.61	9.57	14.24	14.23	12.05	9.55	5.96
2020.268	48.62	9.54	14.26	14.24	12.04	9.55	5.96
2020.271	48.62	9.54	14.26	14.24	12.04	9.55	5.96
2020.274	48.67	9.47	14.26	14.26	12.04	9.55	5.96
2020.277	48.67	9.44	14.30	14.25	12.04	9.56	5.93
2020.279	48.69	9.39	14.34	14.21	12.02	9.60	5.93
2020.282	48.69	9.34	14.38	14.19	12.02	9.62	5.91
2020.285	48.67	9.29	14.47	14.17	12.01	9.63	5.92
2020.288	48.67	9.25	14.52	14.15	11.99	9.65	5.95
2020.290	48.66	9.24	14.55	14.14	11.99	9.66	5.96
2020.293	48.61	9.28	14.57	14.13	11.99	9.66	5.95
2020.296	48.61	9.26	14.61	14.11	11.99	9.66	5.95
2020.299	48.61	9.25	14.63	14.10	12.00	9.66	5.95
2020.301	48.61	9.23	14.65	14.12	11.97	9.66	5.95
2020.304	48.61	9.20	14.63	14.17	11.96	9.67	5.94
2020.307	48.61	9.21	14.61	14.20	11.95	9.67	5.94
2020.310	48.60	9.22	14.60	14.20	11.96	9.67	5.94
2020.312	48.59	9.23	14.59	14.19	11.97	9.67	5.94
2020.315	48.59	9.24	14.57	14.25	11.93	9.67	5.93
2020.318	48.58	9.25	14.57	14.19	12.00	9.68	5.91
2020.321	48.58	9.26	14.56	14.18	12.00	9.68	5.88
2020.323	48.58	9.27	14.55	14.19	11.99	9.68	5.88
2020.326	48.57	9.27	14.55	14.23	11.96	9.68	5.87
2020.329	48.57	9.29	14.54	14.26	11.93	9.69	5.86
2020.332	48.57	9.27	14.56	14.19	12.00	9.71	5.83
2020.334	48.59	9.23	14.58	14.18	12.00	9.71	5.82
2020.337	48.62	9.19	14.59	14.18	11.99	9.72	5.82
2020.340	48.62	9.18	14.60	14.15	12.03	9.71	5.83
2020.342	48.62	9.18	14.60	14.12	12.06	9.76	5.78
2020.345	48.62	9.18	14.60	14.08	12.09	9.76	5.77
2020.348	48.57	9.24	14.60	14.07	12.09	9.76	5.77
2020.351	48.54	9.27	14.60	14.07	12.09	9.77	5.77
2020.353	48.48	9.33	14.58	14.09	12.09	9.79	5.74
2020.356	48.41	9.41	14.59	14.04	12.13	9.79	5.75
2020.359	48.40	9.42	14.60	14.02	12.13	9.78	5.75
2020.362	48.39	9.43	14.59	14.03	12.13	9.77	5.76
2020.364	48.39	9.44	14.58	14.04	12.13	9.76	5.77
2020.367	48.38	9.44	14.57	14.08	12.10	9.76	5.77
2020.370	48.38	9.45	14.58	14.07	12.10	9.77	5.74
2020.373	48.38	9.45	14.59	14.06	12.11	9.80	5.71
2020.375	48.38	9.45	14.59	14.03	12.14	9.84	5.67
2020.378	48.39	9.45	14.59	14.04	12.12	9.86	5.64
2020.381	48.39	9.51	14.51	14.07	12.10	9.86	5.63
2020.384	48.40	9.51	14.46	14.09	12.15	9.84	5.63
2020.386	48.41	9.50	14.43	14.11	12.15	9.85	5.62
2020.389	48.42	9.50	14.45	14.08	12.14	9.86	5.62
2020.392	48.42	9.48	14.48	14.06	12.14	9.90	5.58
2020.395	48.43	9.46	14.49	14.07	12.14	9.90	5.58
2020.397	48.45	9.44	14.51	14.05	12.14	9.90	5.58
2020.400	48.46	9.42	14.52	14.05	12.14	9.93	5.55
2020.403	48.46	9.38	14.55	14.05	12.14	9.96	5.53
2020.405	48.47	9.36	14.57	14.05	12.13	9.98	5.52
2020.408	48.48	9.35	14.59	14.03	12.13	9.98	5.52
2020.411	48.49	9.35	14.59	14.03	12.13	9.98	5.52
2020.414	48.50	9.34	14.59	14.02	12.14	9.98	5.52
2020.416	48.52	9.28	14.63	14.01	12.14	9.98	5.52
2020.419	48.52	9.24	14.68	14.01	12.13	10.01	5.49
2020.422	48.53	9.22	14.69	14.00	12.14	10.09	5.40
2020.425	48.53	9.24	14.68	14.00	12.14	10.09	5.39
2020.427	48.54	9.27	14.64	14.00	12.14	10.10	5.39
2020.430	48.55	9.27	14.61	14.01	12.14	10.09	5.40
2020.433	48.56	9.29	14.56	14.03	12.14	10.09	5.40
2020.436	48.57	9.29	14.54	14.04	12.15	10.08	5.39
2020.438	48.57	9.29	14.52	14.05	12.16	10.08	5.39
2020.441	48.58	9.29	14.50	14.06	12.15	10.08	5.40
2020.444	48.62	9.23	14.53	14.06	12.14	10.07	5.40
2020.447	48.56	9.14	14.67	14.08	12.14	10.08	5.40
2020.449	48.56	9.15	14.66	14.08	12.14	10.08	5.40
2020.452	48.53	9.21	14.62	14.09	12.13	10.09	5.39
2020.455	48.50	9.29	14.55	14.14	12.11	10.10	5.38
2020.458	48.47	9.36	14.51	14.15	12.10	10.09	5.39
2020.460	48.47	9.40	14.47	14.16	12.09	10.05	5.44
2020.463	48.47	9.41	14.43	14.18	12.10	10.04	5.44
2020.466	48.47	9.41	14.41	14.20	12.10	10.04	5.45
2020.468	48.48	9.40	14.39	14.22	12.10	10.03	5.44
2020.471	48.49	9.41	14.40	14.20	12.10	10.01	5.43
2020.474	48.50	9.42	14.38	14.21	12.11	10.00	5.42
2020.477	48.50	9.43	14.35	14.23	12.10	9.99	5.42
2020.479	48.51	9.44	14.33	14.26	12.10	9.97	5.42
2020.482	48.52	9.45	14.34	14.23	12.09	9.97	5.42
2020.485	48.47	9.51	14.29	14.28	12.09	9.96	5.42
2020.488	48.41	9.58	14.26	14.32	12.06	9.96	5.43
2020.490	48.40	9.58	14.26	14.31	12.08	9.95	5.43
2020.493	48.40	9.49	14.37	14.29	12.10	9.94	5.44
2020.496	48.40	9.49	14.38	14.27	12.10	9.95	5.44
2020.499	48.39	9.49	14.37	14.29	12.08	9.96	5.44
2020.501	48.39	9.27	14.58	14.29	12.11	9.94	5.45
2020.504	48.38	9.28	14.60	14.31	12.08	9.92	5.45
2020.507	48.37	9.29	14.61	14.28	12.10	9.90	5.46
2020.510	48.37	9.37	14.53	14.29	12.09	9.89	5.46
2020.512	48.36	9.41	14.51	14.27	12.08	9.87	5.48
2020.515	48.36	9.44	14.48	14.31	12.05	9.86	5.49
2020.518	48.36	9.43	14.52	14.30	12.03	9.86	5.48
2020.521	48.36	9.45	14.54	14.30	11.98	9.86	5.48
2020.523	48.36	9.45	14.55	14.23	12.03	9.86	5.48
2020.526	48.38	9.39	14.61	14.21	12.03	9.84	5.53
2020.529	48.38	9.36	14.64	14.25	11.97	9.85	5.53
2020.532	48.38	9.34	14.66	14.21	12.02	9.86	5.52
2020.534	48.38	9.32	14.67	14.24	12.00	9.86	5.52
2020.537	48.38	9.20	14.78	14.20	12.05	9.84	5.53
2020.540	48.34	9.23	14.80	14.20	12.04	9.84	5.52
2020.542	48.34	9.23	14.81	14.23	12.03	9.84	5.52
2020.545	48.34	9.20	14.81	14.26	12.03	9.83	5.52
2020.548	48.34	9.18	14.79	14.32	12.01	9.81	5.54
2020.551	48.34	9.13	14.85	14.34	11.98	9.81	5.54
2020.553	48.36	9.09	14.84	14.37	11.97	9.81	5.54
2020.556	48.38	9.07	14.82	14.40	11.96	9.81	5.55
2020.559	48.38	9.03	14.86	14.39	11.95	9.81	5.56
2020.562	48.38	8.99	14.88	14.41	11.93	9.83	5.55
2020.564	48.38	8.98	14.86	14.43	11.95	9.84	5.54
2020.567	48.38	8.97	14.86	14.44	11.95	9.84	5.53
2020.570	48.38	8.96	14.87	14.44	11.95	9.80	5.57
2020.573	48.38	8.96	14.87	14.46	11.93	9.80	5.58
2020.575	48.38	8.97	14.85	14.47	11.93	9.83	5.55
2020.578	48.38	8.96	14.86	14.47	11.93	9.84	5.54
2020.581	48.38	8.95	14.85	14.49	11.94	9.82	5.54
2020.584	48.38	8.93	14.87	14.49	11.94	9.81	5.55
2020.586	48.38	8.91	14.88	14.49	11.94	9.86	5.50
2020.589	48.39	8.91	14.90	14.46	11.95	9.88	5.48
2020.592	48.41	8.89	14.89	14.44	11.96	9.91	5.46
2020.595	48.44	8.86	14.85	14.46	11.97	9.91	5.45
2020.597	48.47	8.84	14.83	14.49	11.98	9.91	5.45
2020.600	48.53	8.76	14.86	14.48	11.96	9.92	5.45
2020.603	48.53	8.74	14.86	14.53	11.91	9.94	5.44
2020.605	48.53	8.74	14.87	14.52	11.89	9.97	5.43
2020.608	48.53	8.74	14.88	14.51	11.89	10.01	5.39
2020.611	48.53	8.74	14.86	14.53	11.88	10.03	5.36
2020.614	48.53	8.74	14.85	14.55	11.88	9.98	5.40
2020.616	48.53	8.74	14.86	14.54	11.88	9.99	5.40
2020.619	48.52	8.75	14.85	14.55	11.89	9.99	5.39
2020.622	48.46	8.88	14.78	14.55	11.89	10.00	5.38
2020.625	48.44	8.90	14.78	14.55	11.90	10.01	5.37
2020.627	48.39	8.99	14.74	14.54	11.90	10.02	5.36
2020.630	48.38	9.01	14.73	14.55	11.91	10.02	5.36
2020.633	48.36	9.03	14.73	14.55	11.91	10.02	5.36
2020.636	48.38	9.01	14.71	14.60	11.87	10.02	5.37
2020.638	48.50	8.85	14.75	14.62	11.88	10.01	5.36
2020.641	48.62	8.71	14.74	14.63	11.88	10.02	5.36
2020.644	48.65	8.69	14.72	14.61	11.92	10.03	5.36
2020.647	48.65	8.69	14.64	14.69	11.92	10.03	5.36
2020.649	48.65	8.69	14.69	14.64	11.91	10.02	5.38
2020.652	48.65	8.69	14.68	14.67	11.89	10.02	5.39
2020.655	48.65	8.72	14.62	14.73	11.87	10.02	5.38
2020.658	48.65	8.69	14.72	14.65	11.87	10.04	5.37
2020.660	48.64	8.69	14.74	14.61	11.89	10.07	5.35
2020.663	48.64	8.69	14.74	14.60	11.89	10.07	5.33
2020.666	48.64	8.70	14.75	14.58	11.91	10.08	5.32
2020.668	48.64	8.70	14.75	14.55	11.93	10.08	5.29
2020.671	48.64	8.73	14.70	14.52	11.97	10.11	5.28
2020.674	48.65	8.70	14.71	14.53	11.96	10.13	5.29
2020.677	48.68	8.66	14.73	14.52	11.98	10.11	5.29
2020.679	48.68	8.65	14.74	14.49	12.00	10.13	5.28
2020.682	48.68	8.65	14.74	14.53	11.94	10.12	5.32
2020.685	48.68	8.67	14.71	14.53	11.92	10.11	5.35
2020.688	48.68	8.70	14.67	14.54	11.92	10.11	5.36
2020.690	48.64	8.75	14.62	14.58	11.91	10.11	5.37
2020.693	48.64	8.72	14.62	14.60	11.92	10.10	5.39
2020.696	48.64	8.73	14.58	14.64	11.93	10.10	5.39
2020.699	48.59	8.77	14.56	14.63	11.96	10.09	5.40
2020.701	48.64	8.74	14.54	14.64	11.95	10.10	5.41
2020.704	48.64	8.70	14.57	14.66	11.94	10.09	5.41
2020.707	48.63	8.67	14.60	14.67	11.94	10.09	5.41
2020.710	48.68	8.60	14.69	14.61	11.93	10.10	5.40
2020.712	48.65	8.65	14.65	14.63	11.93	10.11	5.39
2020.715	48.64	8.67	14.62	14.66	11.92	10.11	5.39
2020.718	48.66	8.64	14.63	14.67	11.90	10.12	5.40
2020.721	48.68	8.66	14.68	14.58	11.88	10.13	5.40
2020.723	48.68	8.66	14.69	14.59	11.84	10.12	5.40
2020.726	48.68	8.68	14.68	14.60	11.85	10.05	5.46
2020.729	48.68	8.69	14.64	14.63	11.84	10.03	5.47
2020.732	48.68	8.71	14.68	14.55	11.86	10.02	5.46
2020.734	48.68	8.73	14.64	14.55	11.90	9.96	5.48
2020.737	48.68	8.74	14.63	14.55	11.93	9.91	5.50
2020.740	48.68	8.72	14.65	14.57	11.90	9.92	5.50
2020.742	48.68	8.70	14.59	14.66	11.89	9.94	5.49
2020.745	48.68	8.67	14.62	14.66	11.89	9.93	5.50
2020.748	48.68	8.68	14.62	14.62	11.93	9.91	5.53
2020.751	48.68	8.69	14.64	14.59	11.96	9.88	5.55
2020.753	48.68	8.70	14.64	14.56	11.97	9.87	5.57
2020.756	48.68	8.68	14.61	14.58	12.00	9.86	5.59
2020.759	48.68	8.65	14.65	14.56	12.04	9.84	5.60
2020.762	48.68	8.66	14.65	14.50	12.10	9.83	5.60
2020.764	48.68	8.66	14.66	14.49	12.12	9.80	5.61
2020.767	48.68	8.65	14.68	14.49	12.11	9.79	5.62
2020.770	48.68	8.60	14.73	14.48	12.13	9.79	5.63
2020.773	48.66	8.64	14.70	14.46	12.16	9.75	5.66
2020.775	48.64	8.64	14.75	14.43	12.17	9.75	5.65
2020.778	48.62	8.65	14.77	14.40	12.20	9.73	5.65
2020.781	48.67	8.60	14.73	14.44	12.21	9.73	5.65
2020.784	48.65	8.62	14.76	14.40	12.23	9.73	5.65
2020.786	48.67	8.60	14.78	14.36	12.25	9.72	5.65
2020.789	48.67	8.60	14.80	14.33	12.27	9.73	5.64
2020.792	48.67	8.64	14.77	14.36	12.19	9.76	5.64
2020.795	48.67	8.67	14.76	14.35	12.17	9.77	5.64
2020.797	48.66	8.65	14.80	14.37	12.15	9.76	5.63
2020.800	48.66	8.61	14.84	14.39	12.15	9.76	5.63
2020.803	48.68	8.59	14.81	14.41	12.17	9.76	5.62
2020.805	48.67	8.61	14.69	14.54	12.10	9.79	5.62
2020.808	48.67	8.66	14.59	14.61	12.10	9.80	5.61
2020.811	48.75	8.62	14.52	14.63	12.10	9.85	5.56
2020.814	48.74	8.64	14.53	14.61	12.12	9.83	5.56
2020.816	48.70	8.70	14.47	14.66	12.12	9.85	5.53
2020.819	48.67	8.74	14.65	14.52	12.09	9.83	5.54
2020.822	48.67	8.74	14.69	14.56	12.01	9.79	5.57
2020.825	48.67	8.67	14.78	14.55	12.01	9.80	5.56
2020.827	48.67	8.65	14.80	14.57	11.99	9.80	5.57
2020.830	48.67	8.65	14.75	14.65	11.99	9.78	5.57
2020.833	48.69	8.62	14.81	14.59	12.00	9.80	5.57
2020.836	48.72	8.56	14.87	14.54	12.01	9.84	5.53
2020.838	48.77	8.54	14.85	14.51	12.04	9.86	5.51
2020.841	48.79	8.49	14.84	14.55	12.04	9.86	5.56
2020.844	48.81	8.44	14.88	14.53	12.05	9.85	5.56
2020.847	48.81	8.43	14.88	14.53	12.07	9.84	5.57
2020.849	48.78	8.47	14.87	14.53	12.08	9.78	5.61
2020.852	48.76	8.56	14.80	14.53	12.11	9.75	5.62
2020.855	48.76	8.58	14.83	14.49	12.07	9.77	5.62
2020.858	48.76	8.59	14.82	14.49	12.07	9.78	5.61
2020.860	48.75	8.65	14.77	14.50	12.05	9.79	5.60
2020.863	48.75	8.74	14.66	14.60	11.98	9.79	5.59
2020.866	48.75	8.82	14.55	14.66	11.96	9.79	5.56
2020.868	48.77	8.77	14.62	14.60	11.96	9.80	5.58
2020.871	48.80	8.72	14.63	14.58	11.98	9.79	5.60
2020.874	48.80	8.72	14.63	14.55	12.02	9.78	5.62
2020.877	48.79	8.78	14.58	14.52	12.04	9.78	5.65
2020.879	48.79	8.90	14.47	14.54	12.04	9.76	5.64
2020.882	48.79	9.01	14.39	14.51	12.05	9.74	5.65
2020.885	48.78	9.06	14.36	14.50	12.03	9.76	5.65
2020.888	48.78	9.08	14.35	14.48	12.04	9.77	5.65
2020.890	48.78	9.08	14.36	14.45	12.06	9.78	5.66
2020.893	48.78	9.08	14.38	14.42	12.06	9.78	5.64
2020.896	48.78	9.08	14.40	14.41	12.06	9.80	5.63
2020.899	48.78	9.08	14.40	14.40	12.05	9.81	5.62
2020.901	48.72	9.21	14.34	14.39	12.06	9.85	5.58
2020.904	48.68	9.26	14.35	14.38	12.05	9.81	5.62
2020.907	48.67	9.26	14.35	14.38	12.08	9.80	5.61
2020.910	48.67	9.27	14.34	14.38	12.09	9.77	5.62
2020.912	48.76	9.19	14.35	14.40	12.08	9.75	5.62
2020.915	48.76	9.23	14.28	14.47	12.01	9.77	5.62
2020.918	48.74	9.29	14.27	14.45	12.04	9.74	5.62
2020.921	48.73	9.31	14.24	14.45	12.06	9.73	5.62
2020.923	48.72	9.32	14.24	14.45	12.07	9.73	5.62
2020.926	48.70	9.34	14.21	14.52	12.03	9.73	5.62
2020.929	48.69	9.32	14.25	14.52	11.98	9.77	5.62
2020.932	48.68	9.32	14.27	14.50	12.01	9.75	5.61
2020.934	48.68	9.31	14.24	14.58	12.00	9.72	5.62
2020.937	48.67	9.29	14.30	14.57	12.02	9.69	5.63
2020.940	48.67	9.25	14.35	14.58	12.00	9.69	5.63
2020.942	48.66	9.22	14.34	14.63	12.01	9.69	5.65
2020.945	48.66	9.20	14.34	14.65	12.02	9.69	5.63
2020.948	48.66	9.20	14.34	14.62	12.07	9.67	5.65
2020.951	48.64	9.18	14.39	14.57	12.11	9.66	5.66
2020.953	48.63	9.18	14.43	14.55	12.11	9.70	5.64
2020.956	48.60	9.19	14.53	14.53	12.09	9.68	5.64
2020.959	48.57	9.20	14.55	14.53	12.07	9.70	5.64
2020.962	48.53	9.15	14.63	14.54	12.07	9.68	5.66
2020.964	48.51	9.23	14.57	14.54	12.10	9.63	5.56
2020.967	48.49	9.40	14.38	14.59	12.10	9.61	5.61
2020.970	48.46	9.43	14.38	14.59	12.09	9.62	5.67
2020.973	48.44	9.45	14.40	14.57	12.09	9.62	5.71
2020.975	48.42	9.48	14.39	14.57	12.09	9.59	5.75
2020.978	48.41	9.55	14.32	14.59	12.09	9.61	5.74
2020.981	48.40	9.55	14.30	14.63	12.09	9.62	5.72
2020.984	48.39	9.56	14.35	14.58	12.09	9.63	5.72
2020.986	48.39	9.55	14.36	14.57	12.09	9.64	5.71
2020.989	48.39	9.55	14.39	14.57	12.06	9.63	5.72
2020.992	48.38	9.55	14.40	14.60	12.03	9.61	5.74
2020.995	48.38	9.62	14.33	14.61	12.07	9.56	5.74
2020.997	48.38	9.62	14.38	14.54	12.05	9.60	5.76
2021.000	48.37	9.61	14.42	14.49	12.08	9.61	5.75
2021.003	48.37	9.56	14.51	14.50	12.05	9.63	5.73
2021.005	48.37	9.62	14.44	14.53	12.04	9.63	5.75
2021.008	48.37	9.62	14.46	14.51	12.04	9.64	5.74
2021.011	48.36	9.62	14.47	14.49	12.06	9.63	5.76
2021.014	48.36	9.65	14.45	14.48	12.10	9.66	5.66
2021.016	48.36	9.71	14.42	14.46	12.10	9.65	5.63
2021.019	48.36	9.72	14.43	14.45	12.15	9.61	5.63
2021.022	48.36	9.72	14.46	14.42	12.14	9.62	5.62
2021.025	48.37	9.66	14.51	14.44	12.15	9.59	5.62
2021.027	48.39	9.57	14.57	14.47	12.11	9.58	5.66
2021.030	48.42	9.54	14.56	14.48	12.15	9.52	5.66
2021.033	48.49	9.51	14.51	14.58	12.09	9.50	5.65
2021.036	48.49	9.54	14.48	14.56	12.10	9.49	5.68
2021.038	48.47	9.58	14.45	14.58	12.05	9.52	5.69
2021.041	48.45	9.55	14.50	14.67	11.93	9.56	5.75
2021.044	48.43	9.62	14.47	14.57	12.02	9.55	5.75
2021.047	48.40	9.64	14.48	14.59	12.00	9.56	5.74
2021.049	48.39	9.64	14.49	14.62	11.97	9.54	5.75
2021.052	48.38	9.64	14.52	14.65	11.94	9.50	5.77
2021.055	48.36	9.66	14.53	14.64	11.94	9.49	5.77
2021.058	48.50	9.48	14.58	14.52	12.01	9.55	5.76
2021.060	48.50	9.51	14.57	14.51	12.00	9.57	5.72
2021.063	48.51	9.53	14.54	14.60	11.89	9.60	5.71
2021.066	48.55	9.50	14.54	14.61	11.89	9.60	5.71
2021.068	48.51	9.52	14.57	14.53	11.95	9.67	5.64
2021.071	48.49	9.53	14.60	14.52	11.94	9.67	5.64
2021.074	48.49	9.54	14.60	14.57	11.89	9.67	5.64
2021.077	48.48	9.55	14.64	14.52	11.89	9.66	5.64
2021.079	48.48	9.49	14.69	14.53	11.91	9.66	5.62
2021.082	48.47	9.47	14.71	14.53	11.92	9.67	5.58
2021.085	48.47	9.39	14.83	14.51	11.91	9.68	5.53
2021.088	48.45	9.40	14.85	14.52	11.90	9.68	5.58
2021.090	48.43	9.41	14.85	14.54	11.89	9.67	5.59
2021.093	48.39	9.44	14.85	14.55	11.90	9.64	5.60
2021.096	48.38	9.43	14.90	14.53	11.91	9.59	5.63
2021.099	48.39	9.41	14.96	14.52	11.89	9.58	5.62
2021.101	48.37	9.45	14.95	14.51	11.93	9.55	5.62
2021.104	48.35	9.50	14.90	14.55	11.93	9.52	5.63
2021.107	48.34	9.51	14.89	14.56	11.94	9.50	5.63
2021.110	48.33	9.50	14.90	14.57	11.94	9.50	5.63
2021.112	48.32	9.53	14.87	14.61	11.86	9.54	5.64
2021.115	48.30	9.57	14.82	14.66	11.86	9.53	5.63
2021.118	48.28	9.61	14.79	14.69	11.85	9.51	5.64
2021.121	48.26	9.62	14.79	14.69	11.85	9.50	5.64
2021.123	48.17	9.70	14.78	14.69	11.89	9.49	5.64
2021.126	47.99	9.88	14.81	14.65	11.90	9.48	5.65
2021.129	48.01	9.85	14.85	14.60	11.91	9.52	5.62
2021.132	48.06	9.79	14.85	14.60	11.91	9.53	5.62
2021.134	48.11	9.74	14.87	14.58	11.92	9.55	5.59
2021.137	48.14	9.69	14.91	14.58	11.89	9.59	5.55
2021.140	48.13	9.74	14.86	14.65	11.85	9.55	5.59
2021.142	47.97	9.88	14.88	14.65	11.85	9.52	5.60
2021.145	47.85	9.99	14.87	14.68	11.86	9.51	5.60
2021.148	47.87	9.95	14.86	14.70	11.88	9.49	5.60
2021.151	48.00	9.80	14.88	14.71	11.89	9.49	5.61
2021.153	47.95	9.83	14.88	14.68	11.92	9.51	5.62
2021.156	47.83	9.92	14.90	14.68	11.92	9.53	5.63
2021.159	47.83	9.86	14.93	14.68	11.95	9.54	5.61
2021.162	47.90	9.78	14.92	14.71	11.92	9.56	5.57
2021.164	48.07	9.57	14.98	14.69	11.94	9.55	5.51
2021.167	48.14	9.48	15.02	14.66	11.95	9.56	5.51
2021.170	48.21	9.38	15.07	14.65	11.93	9.57	5.50
2021.173	48.17	9.40	15.12	14.58	11.95	9.59	5.50
2021.175	48.12	9.45	15.11	14.60	11.95	9.57	5.50
2021.178	47.92	9.65	15.12	14.60	11.94	9.57	5.50
2021.181	47.91	9.65	15.15	14.58	11.94	9.58	5.50
2021.184	47.90	9.66	15.15	14.62	11.90	9.57	5.50
2021.186	47.88	9.67	15.16	14.58	11.94	9.57	5.51
2021.189	47.86	9.69	15.13	14.60	11.94	9.58	5.51
2021.192	47.83	9.71	15.17	14.60	11.91	9.59	5.51
2021.195	47.79	9.75	15.19	14.59	11.90	9.60	5.51
2021.197	47.79	9.69	15.24	14.57	11.89	9.62	5.50
2021.200	47.72	9.78	15.21	14.58	11.87	9.63	5.52
2021.203	47.68	9.86	15.18	14.59	11.87	9.63	5.51
2021.205	47.67	9.88	15.17	14.60	11.87	9.60	5.52
2021.208	47.65	9.91	15.13	14.64	11.87	9.58	5.58
2021.211	47.62	9.94	15.09	14.63	11.88	9.62	5.54
2021.214	47.61	9.96	15.13	14.65	11.84	9.61	5.53
2021.216	47.59	9.97	15.15	14.64	11.81	9.64	5.49
2021.219	47.48	10.10	15.13	14.61	11.82	9.65	5.47
2021.222	47.44	10.34	14.93	14.62	11.82	9.64	5.46
2021.225	47.44	10.33	14.93	14.67	11.79	9.58	5.52
2021.227	47.44	10.37	14.88	14.70	11.77	9.57	5.53
2021.230	47.44	10.39	14.85	14.67	11.79	9.58	5.53
2021.233	47.43	10.39	14.87	14.62	11.84	9.58	5.53
2021.236	47.43	10.41	14.85	14.63	11.80	9.56	5.58
2021.238	47.43	10.43	14.84	14.63	11.79	9.56	5.58
2021.241	47.43	10.45	14.85	14.62	11.79	9.55	5.57
2021.244	47.43	10.45	14.88	14.63	11.77	9.52	5.57
2021.247	47.35	10.53	14.88	14.59	11.80	9.53	5.57
2021.249	47.35	10.54	14.89	14.55	11.82	9.54	5.57
2021.252	47.35	10.56	14.85	14.57	11.82	9.53	5.58
2021.255	47.35	10.61	14.77	14.60	11.83	9.51	5.58
2021.258	47.35	10.66	14.73	14.60	11.82	9.51	5.57
2021.260	47.36	10.67	14.75	14.56	11.84	9.47	5.59
2021.263	47.39	10.63	14.78	14.51	11.85	9.46	5.61
2021.266	47.45	10.54	14.80	14.52	11.81	9.49	5.63
2021.268	47.44	10.48	14.87	14.50	11.82	9.51	5.58
2021.271	47.44	10.49	14.86	14.51	11.81	9.55	5.50
2021.274	47.44	10.50	14.85	14.53	11.79	9.56	5.52
2021.277	47.44	10.51	14.84	14.52	11.79	9.57	5.53
2021.279	47.44	10.53	14.82	14.50	11.79	9.59	5.55
2021.282	47.43	10.55	14.77	14.48	11.85	9.59	5.56
2021.285	47.45	10.55	14.76	14.48	11.85	9.59	5.56
2021.288	47.43	10.56	14.77	14.47	11.85	9.59	5.57
2021.290	47.45	10.52	14.78	14.45	11.87	9.59	5.59
2021.293	47.47	10.49	14.79	14.45	11.88	9.61	5.60
2021.296	47.49	10.46	14.81	14.44	11.88	9.62	5.59
2021.299	47.45	10.47	14.84	14.46	11.86	9.63	5.58
2021.301	47.46	10.45	14.89	14.40	11.89	9.58	5.63
2021.304	47.47	10.44	14.90	14.33	11.94	9.59	5.64
2021.307	47.47	10.42	14.89	14.36	11.93	9.59	5.65
2021.310	47.48	10.41	14.92	14.34	11.93	9.60	5.65
2021.312	47.49	10.40	14.94	14.33	11.95	9.62	5.61
2021.315	47.49	10.41	14.98	14.27	11.96	9.60	5.62
2021.318	47.50	10.42	14.91	14.33	11.96	9.60	5.63
2021.321	47.44	10.49	14.91	14.32	11.96	9.59	5.66
2021.323	47.43	10.52	14.90	14.29	11.96	9.60	5.67
2021.326	47.44	10.51	14.93	14.27	11.95	9.62	5.68
2021.329	47.45	10.51	14.89	14.23	12.00	9.64	5.75
2021.332	47.46	10.51	14.90	14.22	12.00	9.62	5.77
2021.334	47.51	10.46	14.93	14.21	11.98	9.63	5.78
2021.337	47.53	10.43	14.95	14.19	11.99	9.63	5.78
2021.340	47.55	10.40	14.97	14.18	12.00	9.63	5.78
2021.342	47.56	10.37	14.99	14.20	11.99	9.62	5.77
2021.345	47.57	10.33	15.02	14.16	12.08	9.58	5.77
2021.348	47.56	10.29	15.08	14.13	12.10	9.56	5.89
2021.351	47.51	10.31	15.14	14.08	12.11	9.55	5.92
2021.353	47.46	10.32	15.19	14.06	12.08	9.58	5.92
2021.356	47.44	10.26	15.28	14.06	12.05	9.61	5.91
2021.359	47.43	10.29	15.28	14.04	12.05	9.63	5.91
2021.362	47.43	10.32	15.28	14.02	12.04	9.62	5.92
2021.364	47.36	10.39	15.28	14.02	12.02	9.60	5.94
2021.367	47.33	10.43	15.28	14.02	12.01	9.61	5.91
2021.370	47.31	10.46	15.27	14.02	12.02	9.60	5.88
2021.373	47.29	10.49	15.27	14.01	12.03	9.61	5.89
2021.375	47.25	10.53	15.27	13.99	12.04	9.62	5.92
2021.378	47.23	10.56	15.26	14.05	11.99	9.58	5.96
2021.381	47.11	10.67	15.26	14.03	12.03	9.57	5.95
2021.384	47.07	10.72	15.23	14.00	12.07	9.58	5.95
2021.386	47.07	10.77	15.16	14.04	12.04	9.54	6.00
2021.389	47.07	10.78	15.14	14.06	12.03	9.55	6.00
2021.392	47.06	10.79	15.12	14.08	12.01	9.55	5.99
2021.395	47.07	10.78	15.12	14.10	12.00	9.57	5.98
2021.397	47.09	10.78	15.13	14.09	11.99	9.59	5.94
2021.400	47.11	10.77	15.14	14.07	11.98	9.58	5.96
2021.403	47.12	10.80	15.08	14.10	11.97	9.57	5.94
2021.405	47.13	10.81	15.07	14.08	11.99	9.55	5.92
2021.408	47.14	10.80	15.08	14.04	12.02	9.53	5.93
2021.411	47.16	10.71	15.13	14.00	12.07	9.52	5.94
2021.414	47.11	10.78	15.12	13.96	12.12	9.51	5.95
2021.416	47.04	10.89	15.07	13.98	12.10	9.51	5.96
2021.419	47.09	10.84	15.08	13.95	12.11	9.53	5.95
2021.422	47.04	10.88	15.09	13.95	12.10	9.56	5.99
2021.425	47.05	10.92	15.04	13.97	12.07	9.59	5.97
2021.427	47.07	10.93	15.02	13.96	12.07	9.61	5.95
2021.430	47.09	10.90	15.02	13.97	12.05	9.61	5.94
2021.433	47.12	10.89	14.99	14.01	12.03	9.59	5.95
2021.436	47.11	10.92	14.98	14.01	12.03	9.56	5.96
2021.438	47.10	10.93	14.95	14.02	12.03	9.55	5.98
2021.441	47.10	10.91	14.96	14.04	12.02	9.57	5.98
2021.444	47.10	10.84	15.03	14.03	12.01	9.58	5.98
2021.447	47.10	10.84	15.00	14.09	11.99	9.59	5.97
2021.449	47.09	10.84	15.00	14.09	11.98	9.62	5.97
2021.452	47.11	10.80	15.01	14.09	11.99	9.64	5.96
2021.455	47.12	10.77	15.02	14.09	11.99	9.61	5.99
2021.458	47.13	10.88	14.90	14.09	12.01	9.62	5.97
2021.460	47.15	10.85	14.92	14.07	12.01	9.62	5.98
2021.463	47.14	10.98	14.77	14.10	12.00	9.61	6.00
2021.466	47.10	11.00	14.80	14.09	11.98	9.60	6.03
2021.468	47.05	11.01	14.85	14.06	12.01	9.58	6.05
2021.471	47.01	10.98	14.91	14.06	12.01	9.57	6.06
2021.474	46.96	10.98	14.92	14.12	12.00	9.56	6.08
2021.477	46.94	11.13	14.79	14.11	12.01	9.53	6.11
2021.479	46.91	11.14	14.78	14.13	12.02	9.49	6.15
2021.482	46.89	11.15	14.79	14.10	12.05	9.49	6.16
2021.485	46.86	11.16	14.81	14.08	12.05	9.50	6.14
2021.488	46.85	11.16	14.85	14.04	12.06	9.52	6.13
2021.490	46.84	11.16	14.87	14.03	12.07	9.52	6.12
2021.493	46.83	11.15	14.93	13.98	12.09	9.60	6.04
2021.496	46.82	11.18	14.91	13.98	12.09	9.60	6.03
2021.499	46.79	11.20	14.90	13.99	12.10	9.61	6.03
2021.501	46.77	11.21	14.84	14.05	12.10	9.61	6.02
2021.504	46.76	11.20	14.87	14.05	12.09	9.58	6.06
2021.507	46.74	11.19	14.85	14.10	12.08	9.59	6.06
2021.510	46.71	11.14	14.97	14.06	12.10	9.59	6.07
2021.512	46.70	11.15	14.98	14.04	12.12	9.59	6.07
2021.515	46.69	11.17	14.98	14.04	12.11	9.59	6.06
2021.518	46.67	11.16	14.96	14.08	12.13	9.57	6.06
2021.521	46.67	11.17	14.91	14.13	12.14	9.57	6.06
2021.523	46.66	11.13	14.95	14.12	12.15	9.56	6.06
2021.526	46.66	11.10	15.00	14.11	12.17	9.56	6.06
2021.529	46.66	11.10	15.00	14.11	12.19	9.55	6.06
2021.532	46.65	11.03	15.08	14.10	12.17	9.56	6.07
2021.534	46.65	11.01	15.11	14.09	12.16	9.57	6.07
2021.537	46.65	10.99	15.14	14.09	12.15	9.58	6.08
2021.540	46.64	10.97	15.16	14.09	12.15	9.59	6.08
2021.542	46.64	10.98	15.14	14.09	12.16	9.54	6.12
2021.545	46.64	10.98	15.16	14.08	12.17	9.51	6.14
2021.548	46.63	10.98	15.18	14.07	12.18	9.50	6.13
2021.551	46.63	10.99	15.16	14.07	12.22	9.49	6.13
2021.553	46.65	10.96	15.17	14.06	12.22	9.50	6.11
2021.556	46.68	10.91	15.20	14.07	12.22	9.53	6.08
2021.559	46.72	10.85	15.21	14.04	12.26	9.53	6.08
2021.562	46.75	10.77	15.23	14.07	12.27	9.53	6.08
2021.564	46.79	10.71	15.24	14.10	12.24	9.53	6.08
2021.567	46.82	10.65	15.26	14.10	12.25	9.53	6.08
2021.570	46.90	10.57	15.24	14.11	12.26	9.53	6.08
2021.573	46.93	10.54	15.22	14.10	12.29	9.54	6.08
2021.575	46.97	10.51	15.21	14.09	12.31	9.53	6.09
2021.578	47.01	10.47	15.18	14.11	12.33	9.52	6.09
2021.581	47.04	10.43	15.18	14.10	12.39	9.48	6.10
2021.584	47.12	10.35	15.18	14.13	12.35	9.50	6.10
2021.586	47.13	10.35	15.16	14.15	12.33	9.53	6.06
2021.589	47.15	10.34	15.14	14.17	12.32	9.51	6.07
2021.592	47.30	10.24	15.10	14.17	12.34	9.48	6.07
2021.595	47.34	10.21	15.11	14.15	12.37	9.46	6.07
2021.597	47.33	10.23	15.09	14.14	12.40	9.45	6.01
2021.600	47.30	10.22	15.08	14.18	12.43	9.42	6.01
2021.603	47.28	10.24	15.09	14.17	12.45	9.41	6.01
2021.605	47.25	10.26	15.08	14.19	12.47	9.39	6.01
2021.608	47.23	10.28	15.05	14.21	12.47	9.38	6.01
2021.611	47.23	10.30	15.04	14.22	12.48	9.37	6.01
2021.614	47.22	10.31	15.05	14.20	12.48	9.32	6.06
2021.616	47.21	10.31	14.98	14.27	12.51	9.29	6.07
2021.619	47.19	10.27	14.99	14.31	12.54	9.29	6.05
2021.622	47.17	10.29	15.00	14.30	12.51	9.36	6.01
2021.625	47.14	10.32	14.98	14.31	12.51	9.35	6.03
2021.627	47.11	10.37	14.93	14.34	12.49	9.33	6.06
2021.630	47.09	10.43	14.85	14.41	12.45	9.35	6.06
2021.633	47.06	10.47	14.82	14.43	12.44	9.37	6.04
2021.636	46.71	10.82	14.79	14.49	12.42	9.37	5.99
2021.638	46.53	10.98	14.76	14.53	12.44	9.37	5.94
2021.641	46.48	11.00	14.75	14.55	12.47	9.36	5.90
2021.644	46.46	11.02	14.74	14.54	12.50	9.36	5.90
2021.647	46.44	11.02	14.75	14.55	12.50	9.36	5.89
2021.649	46.41	11.03	14.78	14.53	12.53	9.34	5.88
2021.652	46.27	11.16	14.79	14.55	12.52	9.33	5.89
2021.655	46.38	11.06	14.78	14.53	12.56	9.33	5.90
2021.658	46.38	11.07	14.74	14.50	12.57	9.39	5.86
2021.660	46.43	11.09	14.65	14.50	12.60	9.40	5.81
2021.663	46.50	11.01	14.67	14.48	12.61	9.41	5.82
2021.666	46.58	10.93	14.63	14.50	12.63	9.40	5.87
2021.668	46.46	11.07	14.59	14.52	12.60	9.47	5.87
2021.671	46.38	11.16	14.57	14.53	12.57	9.50	5.89
2021.674	46.37	11.17	14.58	14.50	12.61	9.47	5.92
2021.677	46.44	11.03	14.63	14.52	12.63	9.48	5.89
2021.679	46.67	10.79	14.62	14.54	12.64	9.50	5.87
2021.682	46.68	10.74	14.62	14.58	12.64	9.49	5.89
2021.685	46.65	10.72	14.64	14.61	12.64	9.46	5.91
2021.688	46.64	10.75	14.61	14.63	12.64	9.45	5.92
2021.690	46.60	10.78	14.64	14.62	12.64	9.46	5.91
2021.693	46.59	10.79	14.65	14.61	12.63	9.47	5.90
2021.696	46.50	10.88	14.67	14.62	12.62	9.47	5.89
2021.699	46.43	10.97	14.67	14.64	12.60	9.48	5.86
2021.701	46.38	10.99	14.66	14.69	12.58	9.51	5.86
2021.704	46.34	11.03	14.59	14.77	12.56	9.56	5.84
2021.707	46.34	11.03	14.59	14.79	12.51	9.60	5.85
2021.710	46.34	11.01	14.63	14.80	12.48	9.61	5.84
2021.712	46.35	10.99	14.63	14.83	12.46	9.59	5.82
2021.715	46.37	10.98	14.63	14.81	12.50	9.59	5.81
2021.718	46.25	11.11	14.58	14.83	12.49	9.61	5.81
2021.721	46.24	11.13	14.65	14.74	12.49	9.63	5.84
2021.723	46.24	11.13	14.65	14.74	12.52	9.58	5.87
2021.726	46.22	11.15	14.58	14.81	12.55	9.55	5.88
2021.729	46.19	11.17	14.55	14.84	12.59	9.51	5.88
2021.732	46.18	11.21	14.49	14.96	12.51	9.49	5.79
2021.734	46.16	11.23	14.47	15.00	12.50	9.50	5.79
2021.737	46.13	11.25	14.46	15.02	12.48	9.52	5.81
2021.740	46.11	11.28	14.45	15.04	12.46	9.52	5.83
2021.742	46.09	11.34	14.37	15.08	12.48	9.48	5.81
2021.745	46.08	11.30	14.42	15.05	12.49	9.48	5.82
2021.748	46.09	11.30	14.41	15.05	12.49	9.49	5.82
2021.751	46.11	11.28	14.42	15.04	12.47	9.50	5.84
2021.753	46.17	11.29	14.37	15.03	12.46	9.54	5.82
2021.756	46.20	11.19	14.44	15.02	12.47	9.54	5.82
2021.759	46.23	11.16	14.43	15.05	12.43	9.56	5.82
2021.762	46.26	11.11	14.43	15.05	12.44	9.57	5.89
2021.764	46.29	11.05	14.54	14.96	12.45	9.56	5.90
2021.767	46.26	11.08	14.57	14.95	12.50	9.50	5.91
2021.770	46.15	11.19	14.54	14.97	12.54	9.47	5.91
2021.773	46.14	11.18	14.53	15.01	12.50	9.50	5.92
2021.775	46.16	11.17	14.57	14.97	12.47	9.53	5.93
2021.778	46.17	11.15	14.51	15.02	12.42	9.59	5.94
2021.781	46.20	11.12	14.50	15.03	12.43	9.59	5.95
2021.784	46.26	11.06	14.50	15.04	12.43	9.58	5.96
2021.786	46.29	11.04	14.39	15.13	12.44	9.57	5.97
2021.789	46.32	10.99	14.40	15.15	12.44	9.55	6.00
2021.792	46.38	10.93	14.39	15.17	12.44	9.54	6.02
2021.795	46.41	10.91	14.38	15.18	12.44	9.53	6.03
2021.797	46.47	10.84	14.42	15.15	12.44	9.52	6.03
2021.800	46.50	10.81	14.42	15.16	12.46	9.49	6.04
2021.803	46.53	10.77	14.42	15.17	12.42	9.52	6.06
2021.805	46.55	10.75	14.42	15.16	12.42	9.49	6.10
2021.808	46.53	10.70	14.53	15.11	12.44	9.48	6.11
2021.811	46.47	10.75	14.55	15.18	12.38	9.50	6.10
2021.814	46.29	10.92	14.53	15.19	12.41	9.51	6.08
2021.816	46.32	10.82	14.62	15.16	12.42	9.50	6.07
2021.819	46.36	10.73	14.65	15.19	12.49	9.42	6.10
2021.822	46.36	10.80	14.59	15.21	12.46	9.42	6.11
2021.825	46.31	10.96	14.52	15.18	12.46	9.43	6.10
2021.827	46.33	10.95	14.52	15.15	12.46	9.42	6.11
2021.830	46.26	11.01	14.52	15.16	12.47	9.42	6.11
2021.833	46.25	11.01	14.55	15.17	12.46	9.41	6.12
2021.836	46.24	11.03	14.57	15.15	12.49	9.37	6.11
2021.838	46.23	11.02	14.64	15.08	12.52	9.38	6.09
2021.841	46.22	11.01	14.64	15.14	12.48	9.39	6.06
2021.844	46.22	11.06	14.57	15.17	12.48	9.41	6.05
2021.847	46.21	11.06	14.57	15.16	12.49	9.41	6.07
2021.849	46.19	11.07	14.59	15.15	12.50	9.41	6.12
2021.852	46.20	11.07	14.58	15.14	12.52	9.41	6.11
2021.855	46.24	11.02	14.59	15.16	12.51	9.39	6.09
2021.858	46.27	11.06	14.53	15.16	12.50	9.37	6.08
2021.860	46.31	11.04	14.50	15.17	12.50	9.35	6.10
2021.863	46.34	11.02	14.49	15.15	12.54	9.34	6.09
2021.866	46.39	10.98	14.49	15.15	12.54	9.42	6.04
2021.868	46.41	10.96	14.47	15.18	12.51	9.46	6.08
2021.871	46.44	10.93	14.48	15.19	12.53	9.44	6.08
2021.874	46.47	10.89	14.49	15.19	12.52	9.42	6.09
2021.877	46.51	10.85	14.50	15.18	12.56	9.43	6.06
2021.879	46.52	10.85	14.49	15.15	12.56	9.47	6.04
2021.882	46.49	10.88	14.48	15.15	12.55	9.50	6.02
2021.885	46.48	10.88	14.50	15.14	12.54	9.54	6.01
2021.888	46.49	10.86	14.43	15.23	12.57	9.52	6.05
2021.890	46.49	10.89	14.44	15.18	12.59	9.50	6.05
2021.893	46.51	10.88	14.33	15.29	12.56	9.56	6.03
2021.896	46.51	10.87	14.36	15.25	12.64	9.49	6.01
2021.899	46.53	10.86	14.38	15.24	12.65	9.49	5.99
2021.901	46.55	10.79	14.38	15.30	12.69	9.46	5.98
2021.904	46.56	10.78	14.32	15.36	12.70	9.43	5.93
2021.907	46.56	10.77	14.25	15.43	12.70	9.41	5.95
2021.910	46.55	10.79	14.25	15.44	12.70	9.40	5.95
2021.912	46.50	10.85	14.21	15.45	12.71	9.39	5.96
2021.915	46.52	10.86	14.25	15.37	12.76	9.34	5.97
2021.918	46.51	10.86	14.31	15.33	12.82	9.27	5.98
2021.921	46.51	10.88	14.27	15.37	12.81	9.25	5.98
2021.923	46.50	10.94	14.24	15.37	12.80	9.24	5.98
2021.926	46.50	10.96	14.24	15.36	12.77	9.27	5.99
2021.929	46.50	10.94	14.27	15.31	12.80	9.26	6.00
2021.932	46.49	10.89	14.34	15.28	12.81	9.28	5.99
2021.934	46.38	10.98	14.40	15.26	12.78	9.30	5.98
2021.937	46.26	11.09	14.43	15.32	12.70	9.30	5.98
2021.940	46.34	10.99	14.44	15.33	12.67	9.30	5.99
2021.942	46.61	10.73	14.45	15.34	12.67	9.29	5.99
2021.945	46.65	10.65	14.47	15.33	12.70	9.27	6.00
2021.948	46.65	10.69	14.41	15.40	12.64	9.28	6.00
2021.951	46.67	10.67	14.38	15.44	12.65	9.22	6.03
2021.953	46.68	10.66	14.36	15.47	12.65	9.22	6.00
2021.956	46.68	10.71	14.28	15.51	12.61	9.25	5.97
2021.959	46.68	10.70	14.32	15.48	12.62	9.23	5.93
2021.962	46.69	10.71	14.31	15.49	12.55	9.25	5.96
2021.964	46.68	10.73	14.29	15.50	12.58	9.23	5.96
2021.967	46.67	10.76	14.31	15.48	12.59	9.21	5.95
2021.970	46.65	10.79	14.33	15.43	12.69	9.17	5.91
2021.973	46.62	10.83	14.35	15.39	12.70	9.17	5.90
2021.975	46.58	10.86	14.32	15.42	12.71	9.17	5.90
2021.978	46.57	10.87	14.30	15.50	12.69	9.16	5.89
2021.981	46.54	10.87	14.33	15.51	12.72	9.14	5.87
2021.984	46.52	10.85	14.36	15.50	12.71	9.17	5.87
2021.986	46.49	10.88	14.45	15.43	12.68	9.19	5.86
2021.989	46.44	10.92	14.48	15.41	12.70	9.20	5.85
2021.992	46.48	10.88	14.47	15.46	12.65	9.23	5.84
2021.995	46.49	10.86	14.48	15.45	12.62	9.27	5.83
2021.997	46.47	10.87	14.49	15.46	12.64	9.25	5.85
2022.000	46.44	10.90	14.47	15.50	12.62	9.25	5.87
2022.003	46.44	10.89	14.46	15.52	12.61	9.24	5.88
2022.005	46.46	10.83	14.51	15.53	12.60	9.24	5.89
2022.008	46.47	10.81	14.52	15.54	12.56	9.26	5.91
2022.011	46.59	10.62	14.59	15.55	12.56	9.25	5.93
2022.014	46.62	10.56	14.63	15.55	12.54	9.24	5.94
2022.016	46.70	10.41	14.70	15.58	12.51	9.27	5.92
2022.019	46.73	10.37	14.68	15.61	12.50	9.28	5.94
2022.022	46.68	10.41	14.67	15.63	12.49	9.25	6.01
2022.025	46.64	10.54	14.64	15.58	12.49	9.25	6.05
2022.027	46.57	10.62	14.62	15.61	12.47	9.24	6.05
2022.030	46.52	10.73	14.53	15.64	12.46	9.30	6.01
2022.033	46.45	10.73	14.60	15.67	12.46	9.28	6.01
2022.036	46.45	10.73	14.62	15.67	12.45	9.29	6.00
2022.038	46.50	10.68	14.66	15.65	12.46	9.28	5.99
2022.041	46.53	10.64	14.74	15.62	12.44	9.27	5.99
2022.044	46.56	10.59	14.78	15.59	12.42	9.28	6.00
2022.047	46.59	10.44	14.88	15.56	12.48	9.29	5.97
2022.049	46.62	10.37	14.94	15.55	12.47	9.32	5.95
2022.052	46.68	10.30	14.98	15.57	12.44	9.33	6.00
2022.055	46.79	10.17	15.00	15.61	12.40	9.33	5.95
2022.058	46.82	10.13	15.01	15.56	12.46	9.34	5.91
2022.060	46.92	10.01	15.00	15.59	12.46	9.36	5.88
2022.063	46.90	10.00	14.99	15.64	12.48	9.34	5.86
2022.066	46.89	9.98	15.02	15.65	12.44	9.39	5.85
2022.068	46.88	10.03	15.00	15.61	12.47	9.40	5.83
2022.071	46.85	10.05	15.05	15.57	12.46	9.42	5.78
2022.074	46.83	10.05	15.07	15.57	12.46	9.40	5.77
2022.077	46.80	10.07	15.10	15.54	12.46	9.41	5.76
2022.079	46.82	10.09	15.04	15.56	12.47	9.40	5.75
2022.082	46.80	10.09	15.06	15.54	12.50	9.41	5.75
2022.085	46.79	10.07	15.08	15.50	12.50	9.47	5.66
2022.088	46.77	10.07	15.11	15.43	12.55	9.45	5.71
2022.090	46.76	10.05	15.13	15.45	12.54	9.41	5.79
2022.093	46.77	10.03	15.14	15.46	12.56	9.39	5.79
2022.096	46.74	10.06	15.12	15.46	12.57	9.37	5.82
2022.099	46.73	10.02	15.17	15.47	12.54	9.39	5.83
2022.101	46.72	10.06	15.12	15.48	12.51	9.42	5.84
2022.104	46.71	10.15	15.04	15.49	12.51	9.42	5.85
2022.107	46.70	10.16	14.98	15.53	12.52	9.39	5.89
2022.110	46.70	10.17	14.94	15.52	12.56	9.36	5.94
2022.112	46.68	10.18	14.91	15.56	12.55	9.38	5.94
2022.115	46.68	10.23	14.83	15.61	12.55	9.45	5.85
2022.118	46.67	10.26	14.77	15.63	12.56	9.51	5.80
2022.121	46.67	10.27	14.73	15.69	12.53	9.51	5.81
2022.123	46.77	10.18	14.70	15.74	12.47	9.50	5.85
2022.126	46.79	10.16	14.65	15.79	12.46	9.50	5.87
2022.129	46.78	10.18	14.63	15.81	12.47	9.45	5.92
2022.132	46.77	10.19	14.60	15.83	12.46	9.43	6.01
2022.134	46.76	10.19	14.59	15.85	12.44	9.47	6.01
2022.137	46.75	10.19	14.55	15.91	12.42	9.46	6.04
2022.140	46.74	10.19	14.53	15.93	12.40	9.50	6.02
2022.142	46.76	10.16	14.52	15.91	12.43	9.53	6.01
2022.145	46.80	10.09	14.53	15.91	12.44	9.56	5.99
2022.148	46.84	10.05	14.50	15.95	12.42	9.59	6.03
2022.151	46.89	9.99	14.49	15.99	12.36	9.62	6.03
2022.153	46.89	10.00	14.51	15.97	12.36	9.61	6.05
2022.156	46.85	10.02	14.58	15.94	12.32	9.61	6.06
2022.159	46.82	10.01	14.61	15.95	12.31	9.65	6.04
2022.162	46.80	10.11	14.56	15.92	12.32	9.66	6.01
2022.164	46.77	10.06	14.65	15.85	12.41	9.66	5.99
2022.167	46.73	10.12	14.63	15.86	12.42	9.66	5.98
2022.170	46.71	10.14	14.65	15.89	12.37	9.67	5.96
2022.173	46.69	10.17	14.59	15.93	12.38	9.70	5.94
2022.175	46.70	10.15	14.59	15.88	12.50	9.69	5.89
2022.178	46.70	10.21	14.51	15.85	12.53	9.71	5.89
2022.181	46.71	10.27	14.42	15.86	12.53	9.73	5.88
2022.184	46.71	10.30	14.41	15.84	12.55	9.74	5.86
2022.186	46.70	10.32	14.41	15.81	12.60	9.71	5.84
2022.189	46.73	10.30	14.39	15.81	12.57	9.74	5.82
2022.192	46.73	10.23	14.41	15.86	12.62	9.68	5.81
2022.195	46.74	10.28	14.34	15.88	12.56	9.72	5.77
2022.197	46.75	10.35	14.27	15.91	12.53	9.74	5.77
2022.200	46.75	10.36	14.26	15.92	12.49	9.75	5.77
2022.203	46.75	10.29	14.32	15.89	12.54	9.74	5.75
2022.205	46.71	10.35	14.27	15.93	12.57	9.74	5.72
2022.208	46.68	10.41	14.24	15.93	12.59	9.72	5.72
2022.211	46.66	10.33	14.34	15.93	12.62	9.70	5.72
2022.214	46.64	10.38	14.31	16.04	12.49	9.71	5.71
2022.216	46.61	10.44	14.31	16.03	12.48	9.71	5.70
2022.219	46.59	10.50	14.26	15.93	12.60	9.71	5.68
2022.222	46.57	10.52	14.23	15.97	12.57	9.74	5.67
2022.225	46.55	10.37	14.33	16.08	12.52	9.74	5.68
2022.227	46.55	10.38	14.32	16.06	12.57	9.72	5.69
2022.230	46.55	10.41	14.35	16.00	12.58	9.71	5.70
2022.233	46.50	10.46	14.38	15.99	12.54	9.72	5.72
2022.236	46.55	10.46	14.33	16.00	12.54	9.69	5.74
2022.238	46.59	10.43	14.31	15.96	12.61	9.66	5.75
2022.241	46.63	10.30	14.42	15.95	12.63	9.68	5.72
2022.244	46.68	10.24	14.43	15.96	12.59	9.70	5.72
2022.247	46.65	10.28	14.44	15.96	12.61	9.67	5.70
2022.249	46.71	10.22	14.44	15.98	12.61	9.67	5.69
2022.252	46.78	10.13	14.56	15.90	12.59	9.66	5.66
2022.255	46.88	9.97	14.62	15.87	12.60	9.69	5.67
2022.258	46.90	9.90	14.65	15.85	12.66	9.66	5.70
2022.260	46.93	9.83	14.70	15.84	12.68	9.68	5.69
2022.263	46.94	9.76	14.76	15.84	12.67	9.73	5.64
2022.266	46.96	9.74	14.74	15.85	12.65	9.73	5.66
2022.268	46.98	9.76	14.68	15.86	12.68	9.69	5.69
2022.271	47.00	9.84	14.60	15.84	12.71	9.66	5.69
2022.274	47.02	9.90	14.53	15.81	12.74	9.63	5.69
2022.277	47.00	9.99	14.48	15.77	12.79	9.60	5.69
2022.279	46.95	10.07	14.45	15.78	12.79	9.58	5.69
2022.282	47.03	10.03	14.43	15.78	12.77	9.63	5.59
2022.285	47.00	10.09	14.43	15.77	12.76	9.60	5.61
2022.288	46.98	10.10	14.46	15.71	12.80	9.58	5.62
2022.290	46.94	10.13	14.45	15.72	12.78	9.59	5.64
2022.293	46.86	10.20	14.46	15.76	12.75	9.59	5.61
2022.296	46.81	10.23	14.45	15.76	12.76	9.64	5.57
2022.299	46.77	10.27	14.45	15.76	12.75	9.67	5.58
2022.301	46.73	10.30	14.46	15.76	12.76	9.69	5.57
2022.304	46.68	10.34	14.47	15.79	12.71	9.71	5.60
2022.307	46.81	10.20	14.49	15.77	12.73	9.71	5.60
2022.310	47.02	10.01	14.46	15.76	12.77	9.70	5.58
2022.312	47.13	9.89	14.44	15.81	12.81	9.65	5.59
2022.315	47.14	9.84	14.46	15.79	12.85	9.64	5.60
2022.318	47.14	9.81	14.47	15.81	12.83	9.68	5.62
2022.321	47.15	9.80	14.43	15.86	12.83	9.68	5.63
2022.323	47.14	9.80	14.42	15.88	12.84	9.69	5.62
2022.326	47.13	9.84	14.38	15.89	12.85	9.70	5.62
2022.329	47.12	9.89	14.33	15.89	12.85	9.71	5.61
2022.332	47.10	9.85	14.45	15.83	12.84	9.74	5.60
2022.334	47.10	9.84	14.47	15.83	12.78	9.82	5.68
2022.337	47.10	9.82	14.50	15.82	12.81	9.79	5.68
2022.340	47.05	9.86	14.52	15.85	12.78	9.79	5.66
2022.342	47.07	9.90	14.47	15.84	12.78	9.79	5.66
2022.345	47.03	9.97	14.44	15.82	12.77	9.77	5.68
2022.348	47.01	9.96	14.48	15.84	12.75	9.80	5.63
2022.351	47.00	9.92	14.55	15.93	12.63	9.84	5.57
2022.353	46.97	9.93	14.57	15.95	12.59	9.86	5.52
2022.356	46.95	9.92	14.61	15.92	12.59	9.75	5.64
2022.359	46.95	9.90	14.51	16.02	12.62	9.79	5.57
2022.362	46.99	9.84	14.53	15.99	12.65	9.85	5.50
2022.364	47.03	9.78	14.56	15.95	12.69	9.89	5.53
2022.367	47.00	9.80	14.58	15.93	12.71	9.88	5.53
2022.370	47.00	9.80	14.58	15.93	12.69	9.91	5.52
2022.373	47.01	9.81	14.56	15.97	12.67	9.88	5.52
2022.375	47.03	9.82	14.48	16.04	12.73	9.80	5.43
2022.378	47.07	9.79	14.48	15.98	12.75	9.86	5.44
2022.381	47.09	9.71	14.55	15.95	12.77	9.94	5.37
2022.384	47.09	9.69	14.55	15.98	12.78	9.94	5.37
2022.386	47.09	9.65	14.59	15.97	12.83	9.91	5.38
2022.389	47.09	9.62	14.62	15.95	12.84	9.84	5.45
2022.392	47.09	9.55	14.74	15.86	12.89	9.87	5.42
2022.395	47.09	9.55	14.76	15.84	12.89	9.90	5.39
2022.397	47.03	9.61	14.79	15.81	12.89	9.87	5.41
2022.400	46.99	9.76	14.70	15.82	12.87	9.85	5.43
2022.403	46.99	9.78	14.65	15.85	12.84	9.87	5.54
2022.405	47.00	9.77	14.70	15.82	12.83	9.87	5.49
2022.408	47.01	9.74	14.72	15.76	12.86	9.90	5.44
2022.411	47.04	9.77	14.66	15.77	12.87	9.91	5.43
2022.414	47.11	9.70	14.65	15.78	12.88	9.90	5.43
2022.416	47.11	9.70	14.61	15.82	12.89	9.88	5.39
2022.419	47.09	9.72	14.58	15.85	12.94	9.83	5.39
2022.422	47.08	9.76	14.53	15.87	12.95	9.84	5.38
2022.425	47.08	9.81	14.47	15.87	12.96	9.85	5.38
2022.427	47.09	9.82	14.45	15.84	12.96	9.89	5.44
2022.430	47.13	9.79	14.46	15.82	12.97	9.88	5.45
2022.433	47.18	9.75	14.46	15.84	12.97	9.85	5.46
2022.436	47.08	9.83	14.48	15.85	12.95	9.83	5.48
2022.438	47.08	9.82	14.53	15.89	12.90	9.77	5.42
2022.441	47.08	9.79	14.60	15.88	12.90	9.74	5.44
2022.444	47.16	9.67	14.64	15.89	12.89	9.73	5.45
2022.447	47.39	9.43	14.58	15.98	12.87	9.76	5.45
2022.449	47.41	9.41	14.57	15.98	12.89	9.78	5.47
2022.452	47.42	9.36	14.65	15.97	12.88	9.76	5.48
2022.455	47.42	9.33	14.63	16.04	12.86	9.75	5.49
2022.458	47.40	9.37	14.66	16.02	12.85	9.73	5.50
2022.460	47.10	9.65	14.63	16.08	12.86	9.73	5.51
2022.463	47.09	9.55	14.74	16.07	12.87	9.74	5.51
2022.466	47.08	9.53	14.80	16.04	12.85	9.76	5.52
2022.468	47.07	9.50	14.85	16.08	12.75	9.80	5.52
2022.471	47.09	9.42	14.93	16.03	12.80	9.79	5.50
2022.474	47.11	9.43	14.91	16.06	12.74	9.79	5.53
2022.477	47.12	9.41	14.95	16.04	12.76	9.76	5.53
2022.479	47.13	9.39	15.00	15.99	12.85	9.70	5.52
2022.482	47.14	9.34	15.04	15.98	12.86	9.72	5.52
2022.485	47.16	9.31	15.01	16.01	12.88	9.73	5.51
2022.488	47.20	9.25	15.02	16.03	12.91	9.73	5.47
2022.490	47.22	9.24	15.11	15.94	12.87	9.79	5.44
2022.493	47.21	9.25	15.05	16.00	12.87	9.82	5.41
2022.496	47.21	9.26	15.03	16.02	12.87	9.84	5.41
2022.499	47.22	9.23	15.11	15.95	12.88	9.86	5.54
2022.501	47.22	9.22	15.13	15.96	12.86	9.89	5.54
2022.504	47.23	9.20	15.17	15.92	12.81	9.91	5.57
2022.507	47.27	9.18	15.14	15.93	12.80	9.95	5.55
2022.510	47.46	8.99	15.19	15.88	12.82	9.82	5.66
2022.512	47.55	8.92	15.15	15.90	12.84	9.77	5.69
2022.515	47.51	8.96	15.14	15.92	12.81	9.79	5.69
2022.518	47.46	9.00	15.13	15.94	12.74	9.85	5.69
2022.521	47.38	9.08	15.14	15.93	12.77	9.94	5.62
2022.523	47.31	9.17	15.15	15.87	12.80	9.92	5.64
2022.526	47.24	9.28	15.16	15.83	12.80	9.90	5.66
2022.529	47.17	9.28	15.28	15.77	12.75	9.94	5.68
2022.532	47.25	9.19	15.31	15.77	12.75	9.99	5.63
2022.534	47.46	8.98	15.23	15.85	12.81	9.99	5.56
2022.537	47.50	8.93	15.23	15.85	12.80	9.99	5.58
2022.540	47.52	8.92	15.18	15.91	12.78	10.02	5.55
2022.542	47.47	8.98	15.15	15.96	12.83	9.95	5.55
2022.545	47.36	9.08	15.13	15.99	12.80	9.98	5.61
2022.548	47.35	9.09	15.09	16.12	12.71	9.98	5.62
2022.551	47.33	9.07	15.13	16.15	12.66	9.99	5.61
2022.553	47.25	9.16	15.15	16.13	12.65	9.99	5.61
2022.556	47.18	9.23	15.16	16.17	12.62	9.99	5.63
2022.559	47.06	9.37	15.15	16.18	12.61	9.99	5.65
2022.562	47.06	9.39	15.12	16.22	12.55	10.00	5.65
2022.564	47.05	9.40	15.08	16.26	12.52	10.02	5.66
2022.567	47.05	9.39	15.14	16.27	12.47	10.03	5.67
2022.570	47.05	9.38	15.14	16.29	12.47	10.03	5.70
2022.573	47.05	9.39	15.10	16.34	12.47	10.00	5.73
2022.575	46.99	9.45	15.09	16.34	12.47	10.02	5.79
2022.578	46.75	9.73	14.99	16.43	12.43	10.02	5.82
2022.581	46.66	9.86	14.96	16.42	12.44	10.02	5.89
2022.584	46.65	9.85	14.99	16.44	12.38	10.03	5.93
2022.586	46.70	9.71	15.05	16.47	12.38	10.02	5.96
2022.589	46.77	9.67	15.05	16.45	12.38	10.02	5.99
2022.592	46.78	9.70	14.99	16.41	12.48	9.98	5.98
2022.595	46.78	9.71	14.99	16.39	12.48	9.99	5.95
2022.597	46.79	9.70	14.96	16.43	12.47	10.00	5.96
2022.600	46.80	9.63	15.04	16.42	12.52	9.94	5.98
2022.603	46.80	9.63	15.08	16.37	12.51	9.94	6.01
2022.605	46.86	9.54	15.13	16.37	12.53	9.93	6.01
2022.608	46.98	9.36	15.19	16.38	12.49	9.98	6.01
2022.611	46.95	9.41	15.18	16.39	12.46	10.01	5.99
2022.614	46.98	9.41	15.18	16.38	12.46	10.01	6.01
2022.616	46.84	9.67	15.07	16.35	12.48	10.02	6.02
2022.619	46.84	9.69	14.99	16.42	12.48	10.04	6.00
2022.622	46.85	9.66	14.97	16.50	12.43	10.05	6.02
2022.625	46.86	9.61	14.98	16.52	12.44	10.06	6.03
2022.627	46.86	9.55	14.95	16.63	12.40	10.08	6.15
2022.630	46.57	9.79	14.99	16.63	12.42	10.10	6.15
2022.633	46.57	9.77	15.01	16.62	12.45	10.10	6.13
2022.636	46.57	9.70	15.10	16.61	12.44	10.13	6.14
2022.638	46.57	9.74	15.06	16.62	12.43	10.13	6.14
2022.641	46.57	9.73	15.07	16.62	12.47	10.09	6.14
2022.644	46.55	9.76	15.02	16.65	12.49	10.08	6.13
2022.647	46.63	9.69	15.05	16.61	12.51	10.06	6.13
2022.649	46.60	9.74	14.99	16.68	12.51	9.98	6.12
2022.652	46.56	9.78	14.99	16.68	12.54	9.94	6.12
2022.655	46.56	9.79	15.01	16.62	12.59	9.92	6.13
2022.658	46.56	9.80	15.02	16.61	12.56	9.93	6.13
2022.660	46.56	9.81	15.05	16.62	12.55	9.89	6.20
2022.663	46.56	9.82	15.06	16.61	12.51	9.92	6.20
2022.666	46.56	9.82	15.08	16.63	12.45	9.97	6.18
2022.668	46.60	9.71	15.19	16.56	12.50	9.94	6.21
2022.671	46.62	9.68	15.19	16.56	12.49	9.96	6.22
2022.674	46.62	9.72	15.20	16.46	12.53	9.99	6.25
2022.677	46.66	9.70	15.26	16.34	12.55	10.00	6.32
2022.679	46.65	9.73	15.26	16.32	12.58	9.98	6.38
2022.682	46.64	9.84	15.21	16.30	12.54	9.95	6.42
2022.685	46.63	9.93	15.15	16.24	12.62	9.91	6.42
2022.688	46.62	9.88	15.23	16.20	12.61	9.98	6.41
2022.690	46.61	9.87	15.20	16.26	12.60	9.96	6.45
2022.693	46.63	9.86	15.12	16.24	12.69	9.97	6.45
2022.696	46.85	9.80	14.96	16.22	12.74	9.94	6.46
2022.699	46.92	9.75	14.95	16.20	12.74	9.87	6.56
2022.701	47.03	9.48	15.10	16.27	12.66	9.84	6.59
2022.704	47.03	9.50	15.08	16.33	12.62	9.79	6.59
2022.707	47.03	9.47	15.09	16.34	12.62	9.79	6.59
2022.710	47.02	9.39	15.19	16.34	12.58	9.82	6.58
2022.712	47.13	9.17	15.34	16.34	12.54	9.84	6.54
2022.715	47.10	9.24	15.30	16.29	12.63	9.82	6.45
2022.718	47.06	9.32	15.23	16.32	12.62	9.87	6.43
2022.721	47.02	9.38	15.20	16.34	12.59	9.93	6.41
2022.723	47.02	9.39	15.17	16.35	12.59	9.95	6.42
2022.726	47.02	9.60	14.97	16.35	12.61	9.92	6.42
2022.729	47.02	9.60	14.96	16.40	12.57	9.92	6.42
2022.732	47.02	9.59	14.98	16.39	12.58	9.96	6.37
2022.734	47.02	9.58	15.04	16.35	12.59	9.98	6.35
2022.737	47.02	9.56	15.11	16.29	12.59	10.02	6.34
2022.740	47.02	9.54	15.15	16.28	12.62	10.02	6.33
2022.742	47.00	9.59	15.11	16.28	12.68	9.98	6.34
2022.745	46.96	9.66	15.09	16.33	12.72	9.91	6.31
2022.748	46.94	9.65	15.13	16.34	12.70	9.92	6.30
2022.751	47.02	9.59	15.09	16.38	12.65	9.97	6.28
2022.753	47.01	9.61	15.06	16.45	12.60	9.97	6.29
2022.756	47.00	9.60	15.09	16.45	12.59	9.94	6.33
2022.759	47.00	9.59	15.10	16.47	12.61	9.89	6.27
2022.762	46.98	9.60	15.11	16.50	12.57	9.89	6.31
2022.764	46.97	9.60	15.11	16.54	12.52	9.92	6.26
2022.767	46.96	9.73	15.00	16.53	12.51	9.94	6.22
2022.770	46.96	9.74	14.99	16.54	12.52	9.87	6.26
2022.773	46.93	9.75	14.99	16.55	12.51	9.94	6.13
2022.775	46.90	9.79	14.97	16.53	12.56	9.90	6.14
2022.778	46.87	9.82	15.00	16.52	12.56	9.91	6.10
2022.781	46.84	9.88	14.98	16.43	12.62	9.92	6.08
2022.784	46.81	9.94	14.94	16.42	12.68	9.88	6.06
2022.786	46.76	9.98	14.96	16.33	12.75	9.84	6.13
2022.789	46.77	9.95	15.01	16.34	12.75	9.84	6.13
2022.792	46.77	9.94	15.01	16.38	12.73	9.86	6.11
2022.795	46.76	9.94	15.03	16.36	12.70	9.90	6.09
2022.797	46.75	9.96	15.03	16.39	12.71	9.87	6.09
2022.800	46.74	9.95	15.06	16.33	12.77	9.86	6.09
2022.803	46.75	9.95	15.09	16.25	12.81	9.84	6.10
2022.805	46.76	9.98	15.14	16.18	12.82	9.85	6.10
2022.808	46.77	9.94	15.11	16.24	12.83	9.82	6.13
2022.811	46.79	9.94	15.08	16.29	12.81	9.82	6.06
2022.814	46.81	9.89	15.14	16.26	12.84	9.82	6.06
2022.816	46.83	9.85	15.17	16.28	12.80	9.83	6.06
2022.819	46.87	9.81	15.18	16.17	12.86	9.89	6.06
2022.822	46.87	9.80	15.15	16.34	12.73	9.82	6.19
2022.825	46.90	9.89	15.06	16.38	12.68	9.84	6.19
2022.827	46.91	9.88	15.12	16.33	12.65	9.91	6.17
2022.830	46.93	9.82	15.16	16.31	12.70	9.90	6.13
2022.833	46.95	9.76	15.19	16.32	12.70	9.94	6.08
2022.836	47.00	9.79	15.10	16.28	12.79	9.88	6.12
2022.838	47.01	9.81	15.05	16.34	12.74	9.85	6.18
2022.841	47.01	9.83	15.04	16.35	12.73	9.80	6.24
2022.844	47.01	9.82	15.08	16.32	12.78	9.76	6.25
2022.847	47.01	9.80	15.08	16.32	12.83	9.75	6.24
2022.849	47.02	9.77	15.08	16.35	12.81	9.76	6.24
2022.852	47.04	9.73	15.08	16.38	12.81	9.74	6.25
2022.855	47.05	9.70	15.13	16.39	12.76	9.77	6.24
2022.858	47.05	9.69	15.10	16.47	12.74	9.76	6.21
2022.860	47.04	9.69	15.08	16.51	12.73	9.78	6.17
2022.863	47.04	9.69	15.08	16.50	12.73	9.79	6.15
2022.866	47.03	9.69	15.09	16.52	12.71	9.84	6.09
2022.868	47.03	9.69	15.11	16.51	12.71	9.85	6.06
2022.871	47.08	9.62	15.09	16.54	12.68	9.89	6.05
2022.874	47.17	9.52	15.13	16.50	12.65	9.94	6.02
2022.877	47.19	9.48	15.17	16.49	12.67	9.93	5.96
2022.879	47.19	9.46	15.19	16.49	12.67	9.90	5.97
2022.882	47.17	9.48	15.21	16.47	12.65	9.94	5.90
2022.885	47.17	9.49	15.24	16.45	12.67	9.91	5.92
2022.888	47.12	9.54	15.25	16.43	12.68	9.91	5.90
2022.890	47.06	9.63	15.26	16.38	12.74	9.86	5.85
2022.893	47.14	9.62	15.18	16.35	12.82	9.79	5.85
2022.896	47.13	9.66	15.15	16.32	12.85	9.78	5.83
2022.899	47.12	9.68	15.09	16.33	12.90	9.76	5.82
2022.901	47.12	9.68	15.12	16.31	12.94	9.73	5.80
2022.904	47.23	9.54	15.16	16.29	12.96	9.70	5.75
2022.907	47.21	9.58	15.14	16.31	12.97	9.69	5.75
2022.910	47.18	9.63	15.20	16.28	12.91	9.71	5.77
2022.912	47.20	9.62	15.19	16.28	12.93	9.73	5.65
2022.915	47.27	9.53	15.18	16.36	12.90	9.72	5.62
2022.918	47.25	9.51	15.20	16.39	12.93	9.69	5.61
2022.921	47.23	9.49	15.22	16.42	12.91	9.66	5.68
2022.923	47.21	9.47	15.22	16.46	12.90	9.61	5.74
2022.926	47.18	9.47	15.26	16.45	12.91	9.69	5.68
2022.929	47.16	9.47	15.28	16.46	12.83	9.75	5.73
2022.932	47.14	9.49	15.31	16.43	12.82	9.75	5.75
2022.934	47.11	9.55	15.30	16.41	12.84	9.69	5.83
2022.937	47.07	9.58	15.33	16.39	12.79	9.72	5.88
2022.940	47.02	9.60	15.34	16.40	12.78	9.71	5.93
2022.942	46.96	9.64	15.36	16.40	12.76	9.72	5.88
2022.945	46.95	9.57	15.44	16.43	12.76	9.63	5.92
2022.948	46.92	9.68	15.36	16.41	12.84	9.60	5.91
2022.951	46.90	9.73	15.34	16.41	12.83	9.61	5.92
2022.953	46.94	9.70	15.33	16.42	12.77	9.65	5.94
2022.956	46.94	9.80	15.22	16.42	12.77	9.70	5.93
2022.959	46.90	9.82	15.22	16.45	12.78	9.72	5.89
2022.962	46.89	9.79	15.23	16.50	12.79	9.72	5.88
2022.964	46.86	9.75	15.28	16.53	12.78	9.74	5.87
2022.967	46.85	9.62	15.40	16.52	12.87	9.66	5.86
2022.970	46.83	9.63	15.35	16.58	12.89	9.62	5.87
2022.973	46.82	9.64	15.35	16.59	12.90	9.60	5.86
2022.975	46.80	9.58	15.41	16.60	12.93	9.58	5.86
2022.978	46.78	9.65	15.37	16.59	12.94	9.58	5.86
2022.981	46.77	9.69	15.37	16.53	12.96	9.59	5.85
2022.984	46.75	9.70	15.40	16.53	12.90	9.61	5.85
2022.986	46.74	9.71	15.43	16.50	12.92	9.61	5.86
2022.989	46.73	9.67	15.48	16.49	12.96	9.59	5.85
2022.992	46.72	9.68	15.48	16.46	12.95	9.64	5.85
2022.995	46.71	9.68	15.52	16.44	12.95	9.63	5.84
2022.997	46.70	9.70	15.50	16.45	12.93	9.63	5.85
2023.000	46.69	9.71	15.53	16.42	12.93	9.64	5.86
2023.003	46.69	9.72	15.53	16.41	12.95	9.64	5.86
2023.005	46.67	9.75	15.52	16.41	13.00	9.61	5.83
2023.008	46.66	9.77	15.53	16.38	13.05	9.60	5.83
2023.011	46.59	9.82	15.53	16.40	13.07	9.57	5.84
2023.014	46.60	9.79	15.56	16.41	13.10	9.55	5.83
2023.016	46.62	9.76	15.59	16.38	13.01	9.70	5.80
2023.019	46.65	9.73	15.64	16.34	13.00	9.73	5.82
2023.022	46.64	9.72	15.63	16.37	12.99	9.74	5.86
2023.025	46.60	9.75	15.71	16.33	12.97	9.74	5.90
2023.027	46.59	9.76	15.73	16.31	12.97	9.74	6.00
2023.030	46.60	9.79	15.69	16.34	12.93	9.75	6.04
2023.033	46.57	9.84	15.66	16.32	12.95	9.78	6.02
2023.036	46.55	9.92	15.61	16.31	12.97	9.78	6.00
2023.038	46.53	9.96	15.61	16.30	12.98	9.81	5.98
2023.041	46.51	9.98	15.63	16.31	12.95	9.81	5.99
2023.044	46.48	10.00	15.65	16.32	12.93	9.80	5.99
2023.047	46.47	9.99	15.67	16.30	12.96	9.79	5.97
2023.049	46.45	9.99	15.68	16.31	12.96	9.79	5.99
2023.052	46.35	9.97	15.76	16.41	12.91	9.76	5.97
2023.055	46.37	9.99	15.73	16.42	12.88	9.79	5.94
2023.058	46.40	9.97	15.71	16.42	12.91	9.78	5.94
2023.060	46.38	10.00	15.69	16.45	12.91	9.77	5.92
2023.063	46.36	10.00	15.70	16.41	13.00	9.74	5.87
2023.066	46.35	10.00	15.73	16.41	13.00	9.74	5.80
2023.068	46.33	10.00	15.67	16.43	13.10	9.72	5.74
2023.071	46.32	9.99	15.67	16.46	13.10	9.76	5.63
2023.074	46.39	9.92	15.68	16.42	13.13	9.75	5.61
2023.077	46.53	9.72	15.74	16.42	13.13	9.76	5.58
2023.079	46.53	9.69	15.78	16.39	13.15	9.75	5.55
2023.082	46.54	9.68	15.75	16.43	13.14	9.77	5.49
2023.085	46.51	9.69	15.74	16.45	13.12	9.80	5.48
2023.088	46.48	9.71	15.74	16.47	13.12	9.79	5.47
2023.090	46.43	9.77	15.73	16.50	13.10	9.76	5.50
2023.093	46.40	9.81	15.73	16.48	13.11	9.75	5.51
2023.096	46.41	9.81	15.75	16.48	13.10	9.74	5.53
2023.099	46.59	9.62	15.77	16.48	13.07	9.76	5.55
2023.101	46.54	9.68	15.79	16.40	13.11	9.79	5.57
2023.104	46.43	9.74	15.86	16.36	13.08	9.84	5.58
2023.107	46.37	9.85	15.83	16.33	13.09	9.84	5.60
2023.110	46.31	9.93	15.85	16.28	13.16	9.81	5.60
2023.112	46.23	9.98	15.82	16.33	13.17	9.83	5.58
2023.115	46.16	10.06	15.80	16.36	13.16	9.80	5.60
2023.118	46.14	10.08	15.78	16.39	13.16	9.78	5.62
2023.121	46.12	10.08	15.79	16.41	13.13	9.76	5.66
2023.123	46.10	10.06	15.87	16.36	13.17	9.75	5.65
2023.126	46.08	10.06	15.89	16.31	13.20	9.75	5.58
2023.129	46.06	10.08	15.89	16.33	13.21	9.74	5.53
2023.132	46.04	10.09	15.92	16.30	13.21	9.75	5.40
2023.134	46.01	10.09	15.95	16.30	13.21	9.76	5.38
2023.137	45.89	10.31	15.82	16.32	13.19	9.80	5.38
2023.140	45.75	10.45	15.79	16.35	13.18	9.80	5.34
2023.142	45.74	10.56	15.68	16.36	13.13	9.85	5.35
2023.145	45.73	10.54	15.71	16.35	13.07	9.92	5.33
2023.148	45.76	10.49	15.79	16.28	13.11	9.92	5.30
2023.151	45.78	10.48	15.79	16.23	13.13	9.96	5.22
2023.153	45.71	10.55	15.78	16.24	13.15	9.93	5.17
2023.156	45.66	10.58	15.78	16.30	13.12	9.91	5.21
2023.159	45.65	10.57	15.81	16.31	13.10	9.92	5.24
2023.162	45.68	10.52	15.82	16.31	13.12	9.89	5.25
2023.164	45.70	10.52	15.80	16.37	13.07	9.86	5.28
2023.167	45.63	10.61	15.72	16.43	13.07	9.86	5.29
2023.170	45.62	10.65	15.67	16.44	13.08	9.85	5.29
2023.173	45.60	10.70	15.65	16.53	13.00	9.86	5.11
2023.175	45.55	10.77	15.64	16.47	13.06	9.86	5.08
2023.178	45.46	10.84	15.67	16.50	13.05	9.86	5.07
2023.181	45.44	10.84	15.67	16.50	13.07	9.81	5.10
2023.184	45.41	10.87	15.66	16.54	13.03	9.82	5.09
2023.186	45.41	10.88	15.66	16.53	13.04	9.84	5.13
2023.189	45.46	10.80	15.67	16.55	13.02	9.85	5.13
2023.192	45.46	10.78	15.66	16.62	12.97	9.86	5.17
2023.195	45.51	10.71	15.65	16.65	13.00	9.78	5.21
2023.197	45.56	10.60	15.69	16.72	12.96	9.78	5.20
2023.200	45.49	10.69	15.66	16.74	12.95	9.77	5.20
2023.203	45.42	10.79	15.59	16.80	12.94	9.76	5.21
2023.205	45.31	10.91	15.58	16.78	12.97	9.75	5.21
2023.208	45.22	11.04	15.55	16.78	12.94	9.75	5.24
2023.211	45.11	11.11	15.60	16.79	12.94	9.74	5.21
2023.214	45.00	11.15	15.73	16.73	12.94	9.75	5.17
2023.216	44.91	11.23	15.74	16.72	12.97	9.74	5.14
2023.219	44.84	11.28	15.75	16.72	13.01	9.72	5.11
2023.222	44.77	11.35	15.77	16.69	13.01	9.67	5.17
2023.225	44.75	11.40	15.75	16.68	13.01	9.63	5.22
2023.227	44.73	11.47	15.71	16.65	13.02	9.62	5.25
2023.230	44.70	11.49	15.71	16.61	13.06	9.60	5.29
2023.233	44.69	11.47	15.75	16.63	13.03	9.61	5.29
2023.236	44.70	11.50	15.70	16.68	12.98	9.63	5.29
2023.238	44.78	11.45	15.69	16.68	12.98	9.63	5.26
2023.241	44.82	11.43	15.65	16.70	12.96	9.65	5.24
2023.244	44.90	11.37	15.65	16.67	12.99	9.64	5.20
2023.247	44.99	11.29	15.65	16.66	12.98	9.67	5.20
2023.249	45.08	11.28	15.57	16.65	13.01	9.62	5.23
2023.252	45.16	11.26	15.48	16.66	13.06	9.65	5.18
2023.255	45.33	11.09	15.51	16.61	13.09	9.60	5.24
2023.258	45.32	11.05	15.53	16.60	13.11	9.58	5.26
2023.260	45.31	10.99	15.59	16.59	13.13	9.58	5.26
2023.263	45.29	10.90	15.68	16.67	13.05	9.57	5.24
2023.266	45.25	10.92	15.69	16.58	13.17	9.57	5.21
2023.268	45.22	10.89	15.75	16.53	13.20	9.64	5.15
2023.271	45.21	10.89	15.71	16.61	13.17	9.60	5.19
2023.274	45.19	10.91	15.73	16.66	13.10	9.58	5.23
2023.277	45.04	11.05	15.75	16.65	13.08	9.60	5.29
2023.279	44.96	11.13	15.79	16.63	13.05	9.61	5.31
2023.282	44.92	11.18	15.79	16.70	12.99	9.59	5.37
2023.285	44.90	11.27	15.75	16.64	13.00	9.55	5.43
2023.288	44.92	11.28	15.66	16.75	12.97	9.50	5.47
2023.290	44.94	11.25	15.72	16.66	13.01	9.48	5.50
2023.293	44.96	11.21	15.69	16.72	13.03	9.46	5.63
2023.296	44.98	11.18	15.67	16.63	13.15	9.47	5.68
2023.299	45.05	11.12	15.65	16.65	13.13	9.48	5.63
2023.301	45.09	11.16	15.57	16.74	13.06	9.49	5.72
2023.304	45.05	11.18	15.62	16.74	13.02	9.51	5.74
2023.307	44.97	11.26	15.63	16.64	13.11	9.49	5.76
2023.310	44.91	11.31	15.61	16.74	13.04	9.48	5.77
2023.312	44.91	11.30	15.60	16.65	13.14	9.50	5.78
2023.315	44.92	11.26	15.62	16.63	13.15	9.50	5.73
2023.318	44.93	11.09	15.78	16.66	13.12	9.48	5.69
2023.321	44.94	11.06	15.76	16.75	13.10	9.52	5.58
2023.323	44.96	11.03	15.75	16.77	13.10	9.52	5.57
2023.326	44.97	11.00	15.75	16.78	13.12	9.51	5.58
2023.329	44.98	10.91	15.80	16.82	13.09	9.52	5.58
2023.332	45.00	10.89	15.78	16.85	13.08	9.53	5.63
2023.334	44.99	10.90	15.78	16.84	13.08	9.52	5.70
2023.337	44.98	10.92	15.76	16.89	13.06	9.50	5.99
2023.340	44.97	10.93	15.71	16.97	12.99	9.54	5.98
2023.342	44.95	10.94	15.66	17.02	12.97	9.54	5.96
2023.345	44.92	10.98	15.55	17.13	13.01	9.49	5.93
2023.348	44.91	10.99	15.52	17.17	13.02	9.50	5.86
2023.351	44.92	10.98	15.53	17.18	12.96	9.56	5.79
2023.353	44.93	10.97	15.50	17.19	12.94	9.60	5.79
2023.356	45.02	10.89	15.49	17.19	12.96	9.59	5.76
2023.359	45.03	10.88	15.48	17.20	12.96	9.60	5.73
2023.362	45.00	10.91	15.47	17.19	12.97	9.59	5.71
2023.364	44.96	10.95	15.47	17.23	12.99	9.54	5.68
2023.367	44.92	10.97	15.49	17.22	13.00	9.54	5.66
2023.370	44.96	10.92	15.47	17.26	12.99	9.53	5.67
2023.373	45.02	10.84	15.43	17.32	13.01	9.51	5.66
2023.375	45.00	10.90	15.38	17.30	13.03	9.49	5.70
2023.378	44.96	10.95	15.43	17.25	13.03	9.49	5.71
2023.381	44.94	10.89	15.52	17.26	12.99	9.51	5.65
2023.384	44.92	10.84	15.58	17.28	12.97	9.52	5.57
2023.386	44.90	10.87	15.58	17.26	13.01	9.48	5.65
2023.389	44.88	10.88	15.59	17.23	13.03	9.48	5.66
2023.392	44.85	10.89	15.63	17.21	13.04	9.47	5.63
2023.395	44.85	10.87	15.66	17.19	13.06	9.52	5.49
2023.397	44.84	10.90	15.63	17.16	13.10	9.54	5.45
2023.400	44.84	10.90	15.63	17.18	13.06	9.49	5.51
2023.403	44.83	10.90	15.63	17.20	13.04	9.53	5.48
2023.405	44.83	10.90	15.69	17.15	13.04	9.48	5.55
2023.408	44.82	10.88	15.70	17.16	13.02	9.48	5.53
2023.411	44.83	10.88	15.80	17.09	13.01	9.47	5.52
2023.414	44.83	10.88	15.77	17.13	13.00	9.46	5.53
2023.416	44.80	10.93	15.72	17.17	13.00	9.46	5.54
2023.419	44.76	10.91	15.80	17.15	13.00	9.45	5.56
2023.422	44.85	10.79	15.87	17.10	13.01	9.46	5.62
2023.425	44.72	10.89	15.85	17.12	13.04	9.46	5.60
2023.427	44.70	10.93	15.81	17.17	13.01	9.48	5.58
2023.430	44.67	10.94	15.85	17.15	12.99	9.50	5.56
2023.433	44.65	10.95	15.91	17.07	13.01	9.51	5.56
2023.436	44.65	10.94	15.93	17.04	13.03	9.51	5.53
2023.438	44.68	10.91	15.96	17.01	13.00	9.57	5.50
2023.441	44.65	10.94	15.97	16.96	12.97	9.76	5.35
2023.444	44.61	11.03	15.92	16.88	13.05	9.79	5.28
2023.447	44.58	11.01	15.97	16.88	13.07	9.82	5.21
2023.449	44.56	10.96	16.03	16.89	13.06	9.80	5.21
2023.452	44.55	10.95	16.10	16.82	13.16	9.71	5.20
2023.455	44.55	10.94	16.13	16.82	13.11	9.73	5.19
2023.458	44.54	10.95	16.06	16.93	13.08	9.72	5.18
2023.460	44.52	10.90	16.11	16.96	13.09	9.71	5.08
2023.463	44.49	10.94	16.08	16.95	13.12	9.71	5.04
2023.466	44.54	10.93	16.05	16.98	13.09	9.72	5.03
2023.468	44.41	11.10	16.05	16.93	13.13	9.70	5.05
2023.471	44.38	11.20	15.88	17.00	13.16	9.68	5.06
2023.474	44.35	11.18	15.99	16.89	13.23	9.68	5.01
2023.477	44.32	11.13	16.01	16.90	13.28	9.65	5.04
2023.479	44.29	11.10	16.04	16.91	13.32	9.65	5.03
2023.482	44.27	11.12	16.03	16.92	13.29	9.63	5.09
2023.485	44.26	11.09	16.07	16.93	13.29	9.60	5.09
2023.488	44.27	11.09	16.06	16.93	13.28	9.57	5.13
2023.490	44.27	11.09	16.05	16.93	13.28	9.56	5.15
2023.493	44.26	11.06	16.10	16.92	13.28	9.53	5.21
2023.496	44.21	11.11	16.09	16.93	13.29	9.47	5.28
2023.499	44.18	11.15	16.07	16.94	13.33	9.40	5.28
2023.501	44.16	11.15	16.08	16.95	13.33	9.38	5.27
2023.504	44.17	11.14	16.10	16.94	13.35	9.35	5.27
2023.507	44.17	11.06	16.16	17.00	13.30	9.40	5.24
2023.510	44.09	11.19	16.09	17.06	13.22	9.44	5.23
2023.512	44.11	11.17	16.08	17.10	13.16	9.44	5.27
2023.515	44.16	11.09	16.10	17.13	13.15	9.41	5.29
2023.518	44.19	11.08	16.08	17.12	13.19	9.38	5.29
2023.521	44.19	11.08	16.09	17.09	13.20	9.38	5.30
2023.523	44.19	11.05	16.12	17.09	13.20	9.37	5.31
2023.526	44.18	11.13	16.05	17.10	13.24	9.32	5.31
2023.529	44.17	11.16	16.07	17.08	13.24	9.33	5.29
2023.532	44.22	11.12	16.07	17.04	13.30	9.29	5.35
2023.534	44.22	11.16	16.04	17.08	13.18	9.36	5.40
2023.537	44.26	11.14	16.02	17.08	13.21	9.32	5.51
2023.540	44.25	11.14	16.05	17.10	13.18	9.32	5.36
2023.542	44.23	11.13	16.13	17.10	13.11	9.35	5.37
2023.545	44.21	11.12	16.13	17.11	13.12	9.34	5.39
2023.548	44.20	11.12	16.13	17.14	13.09	9.36	5.38
2023.551	44.19	11.12	16.12	17.08	13.13	9.42	5.35
2023.553	44.16	11.15	16.11	17.07	13.13	9.46	5.32
2023.556	44.14	11.17	16.09	17.10	13.12	9.44	5.33
2023.559	44.12	11.19	16.09	17.16	13.07	9.46	5.30
2023.562	44.11	11.34	15.97	17.16	13.06	9.47	5.32
2023.564	44.16	11.49	15.78	17.18	13.02	9.50	5.40
2023.567	44.16	11.55	15.73	17.15	13.04	9.51	5.40
2023.570	44.26	11.57	15.62	17.13	13.05	9.51	5.41
2023.573	44.23	11.59	15.63	17.09	13.08	9.50	5.44
2023.575	44.19	11.63	15.63	17.11	13.06	9.51	5.46
2023.578	44.18	11.64	15.64	17.06	13.09	9.53	5.51
2023.581	44.16	11.64	15.65	17.07	13.11	9.47	5.58
2023.584	44.15	11.64	15.65	17.08	13.11	9.47	5.60
2023.586	44.13	11.66	15.65	17.07	13.12	9.47	5.57
2023.589	44.13	11.64	15.68	17.07	13.14	9.46	5.45
2023.592	44.12	11.59	15.72	17.07	13.13	9.46	5.42
2023.595	44.12	11.62	15.70	17.08	13.13	9.42	5.44
2023.597	44.12	11.59	15.74	17.08	13.17	9.44	5.38
2023.600	44.11	11.62	15.71	17.04	13.24	9.43	5.29
2023.603	44.11	11.63	15.65	17.09	13.25	9.40	5.29
2023.605	44.11	11.64	15.67	17.05	13.26	9.39	5.30
2023.608	44.10	11.64	15.67	17.06	13.25	9.40	5.33
2023.611	44.10	11.55	15.76	17.04	13.26	9.42	5.34
2023.614	44.10	11.54	15.74	17.03	13.31	9.44	5.34
2023.616	44.10	11.48	15.78	17.08	13.25	9.48	5.35
2023.619	44.13	11.34	15.88	17.13	13.25	9.44	5.38
2023.622	44.15	11.27	15.91	17.13	13.26	9.43	5.41
2023.625	44.18	11.23	15.90	17.10	13.31	9.43	5.40
2023.627	44.23	11.18	15.85	17.16	13.32	9.39	5.39
2023.630	44.22	11.30	15.73	17.14	13.39	9.33	5.38
2023.633	44.15	11.44	15.62	17.17	13.36	9.41	5.36
2023.636	44.17	11.25	15.83	17.11	13.38	9.40	5.40
2023.638	44.18	11.13	15.94	17.10	13.40	9.40	5.40
2023.641	44.19	11.10	15.96	17.10	13.42	9.40	5.38
2023.644	44.20	11.13	15.89	17.13	13.38	9.43	5.37
2023.647	44.17	11.16	15.84	17.16	13.39	9.42	5.37
2023.649	44.10	11.17	15.90	17.13	13.40	9.48	5.37
2023.652	44.10	11.28	15.81	17.10	13.40	9.47	5.43
2023.655	44.09	11.30	15.85	17.06	13.34	9.51	5.46
2023.658	44.08	11.29	15.89	17.03	13.27	9.57	5.46
2023.660	44.06	11.21	15.99	16.99	13.30	9.59	5.46
2023.663	44.02	11.17	16.04	16.95	13.34	9.62	5.43
2023.666	44.00	11.19	16.05	16.95	13.33	9.62	5.41
2023.668	43.99	11.20	16.07	16.94	13.29	9.65	5.39
2023.671	43.96	11.20	16.09	16.95	13.26	9.67	5.38
2023.674	43.94	11.17	16.12	16.94	13.28	9.67	5.56
2023.677	43.86	11.15	16.18	16.97	13.28	9.69	5.65
2023.679	43.64	11.35	16.17	17.00	13.27	9.70	5.64
2023.682	43.55	11.45	16.11	17.06	13.27	9.67	5.62
2023.685	43.55	11.46	16.11	17.00	13.33	9.66	5.57
2023.688	43.54	11.47	16.12	16.94	13.36	9.66	5.55
2023.690	43.54	11.54	16.03	16.96	13.32	9.68	5.51
2023.693	43.54	11.62	15.87	17.02	13.33	9.70	5.45
2023.696	43.54	11.67	15.71	17.12	13.37	9.69	5.40
2023.699	43.54	11.76	15.62	17.10	13.48	9.61	5.41
2023.701	43.54	11.79	15.59	17.10	13.49	9.60	5.42
2023.704	43.51	11.82	15.59	17.10	13.49	9.60	5.44
2023.707	43.49	11.84	15.60	17.07	13.51	9.60	5.47
2023.710	43.48	11.85	15.62	17.05	13.50	9.60	5.51
2023.712	43.37	11.97	15.61	17.04	13.43	9.65	5.53
2023.715	43.34	11.98	15.61	17.05	13.43	9.68	5.51
2023.718	43.32	12.00	15.60	17.06	13.40	9.69	5.51
2023.721	43.30	11.91	15.72	17.05	13.39	9.71	5.53
2023.723	43.28	11.92	15.71	17.06	13.38	9.72	5.56
2023.726	43.21	11.90	15.75	17.12	13.37	9.73	5.46
2023.729	43.13	12.02	15.69	17.10	13.41	9.75	5.39
2023.732	43.02	12.07	15.74	17.10	13.42	9.75	5.42
2023.734	42.97	12.04	15.82	17.11	13.41	9.74	5.48
2023.737	42.89	12.17	15.79	17.04	13.47	9.72	5.51
2023.740	42.85	12.15	15.86	16.99	13.54	9.68	5.55
2023.742	42.77	12.17	15.90	17.01	13.56	9.65	5.56
2023.745	42.71	12.22	15.92	16.98	13.58	9.65	5.57
2023.748	42.65	12.22	15.98	16.99	13.56	9.67	5.43
2023.751	42.61	12.23	15.97	17.02	13.54	9.70	5.43
2023.753	42.61	12.23	15.95	17.07	13.50	9.71	5.44
2023.756	42.62	12.21	15.93	17.09	13.49	9.72	5.46
2023.759	42.61	12.14	16.04	17.05	13.51	9.69	5.46
2023.762	42.58	12.14	16.12	16.98	13.55	9.67	5.47
2023.764	42.63	12.13	16.08	17.00	13.52	9.68	5.47
2023.767	42.75	12.01	15.97	17.09	13.56	9.65	5.52
2023.770	42.76	11.98	16.01	17.06	13.57	9.67	5.58
2023.773	42.83	11.85	16.11	17.00	13.55	9.70	5.62
2023.775	43.04	11.61	16.10	17.03	13.53	9.73	5.73
2023.778	43.08	11.53	16.13	17.05	13.53	9.73	5.72
2023.781	43.21	11.35	16.15	17.08	13.51	9.76	5.71
2023.784	43.38	11.16	16.16	17.09	13.53	9.72	5.69
2023.786	43.25	11.32	16.13	17.10	13.54	9.71	5.70
2023.789	43.08	11.41	16.20	17.11	13.56	9.69	5.70
2023.792	43.03	11.44	16.19	17.13	13.56	9.70	5.73
2023.795	43.03	11.53	16.10	17.10	13.59	9.70	5.73
2023.797	43.03	11.56	16.07	17.14	13.55	9.71	5.74
2023.800	43.01	11.57	16.07	17.10	13.61	9.70	5.75
2023.803	42.95	11.69	16.00	17.10	13.63	9.69	5.72
2023.805	42.94	11.66	15.98	17.15	13.64	9.66	5.67
2023.808	42.99	11.65	15.95	17.14	13.65	9.65	5.65
2023.811	42.92	11.79	15.88	17.15	13.62	9.64	5.63
2023.814	42.93	11.86	15.76	17.17	13.58	9.69	5.68
2023.816	42.93	11.80	15.79	17.21	13.64	9.64	5.65
2023.819	42.96	11.68	15.88	17.21	13.65	9.64	5.66
2023.822	42.98	11.65	15.93	17.17	13.63	9.66	5.72
2023.825	42.84	11.77	15.92	17.19	13.65	9.67	5.78
2023.827	42.74	11.85	15.93	17.20	13.66	9.67	5.78
2023.830	42.78	11.79	15.94	17.21	13.65	9.63	5.81
2023.833	42.82	11.72	15.97	17.21	13.59	9.61	5.87
2023.836	42.90	11.63	16.02	17.15	13.55	9.72	5.81
2023.838	42.87	11.69	16.05	17.11	13.51	9.75	5.74
2023.841	42.81	11.72	16.07	17.13	13.52	9.73	5.69
2023.844	42.77	11.65	16.16	17.04	13.61	9.74	5.62
2023.847	42.74	11.67	16.19	17.08	13.55	9.70	5.58
2023.849	42.47	11.93	16.24	17.08	13.51	9.72	5.55
2023.852	42.32	12.05	16.30	17.04	13.54	9.71	5.56
2023.855	42.18	12.15	16.34	17.05	13.47	9.73	5.55
2023.858	42.16	12.22	16.23	17.13	13.45	9.77	5.56
2023.860	42.30	12.16	16.21	17.06	13.45	9.80	5.58
2023.863	42.44	12.05	16.09	17.07	13.53	9.79	5.61
2023.866	42.58	11.91	16.02	17.14	13.52	9.71	5.72
2023.868	42.66	11.85	16.03	17.09	13.53	9.77	5.73
2023.871	42.53	12.06	15.97	17.08	13.53	9.79	5.73
2023.874	42.11	12.48	15.94	17.11	13.52	9.76	5.78
2023.877	42.09	12.52	15.92	17.13	13.52	9.77	5.78
2023.879	42.08	12.58	15.86	17.12	13.54	9.74	5.81
2023.882	42.07	12.59	15.93	17.05	13.53	9.69	5.87
2023.885	42.07	12.57	16.02	16.98	13.56	9.68	5.80
2023.888	42.06	12.54	16.10	16.93	13.59	9.65	5.86
2023.890	41.95	12.66	16.03	16.98	13.57	9.67	5.88
2023.893	41.85	12.77	15.98	16.91	13.68	9.69	5.83
2023.896	41.90	12.71	15.99	16.95	13.62	9.70	5.80
2023.899	41.92	12.66	15.99	17.04	13.54	9.72	5.76
2023.901	41.94	12.63	15.95	17.04	13.63	9.65	5.79
2023.904	41.92	12.63	15.94	17.05	13.64	9.71	5.71
2023.907	41.88	12.69	15.95	17.09	13.55	9.75	5.66
2023.910	41.79	12.77	15.96	17.10	13.56	9.73	5.64
2023.912	41.67	12.88	16.03	17.09	13.47	9.77	5.60
2023.915	41.66	12.83	16.10	17.13	13.45	9.76	5.58
2023.918	41.61	12.89	16.03	17.17	13.47	9.74	5.60
2023.921	41.57	12.94	16.01	17.20	13.37	9.79	5.63
2023.923	41.64	12.88	16.01	17.14	13.42	9.76	5.68
2023.926	41.66	12.84	16.06	17.07	13.44	9.74	5.71
2023.929	41.72	12.77	16.11	17.13	13.33	9.75	5.73
2023.932	41.93	12.47	16.17	17.16	13.32	9.78	5.72
2023.934	41.97	12.47	16.12	17.06	13.42	9.79	5.72
2023.937	42.01	12.43	16.14	17.11	13.37	9.78	5.73
2023.940	41.90	12.54	16.10	17.19	13.35	9.78	5.72
2023.942	41.88	12.57	16.13	17.16	13.33	9.75	5.77
2023.945	41.88	12.56	16.12	17.20	13.30	9.72	5.81
2023.948	41.90	12.55	16.20	17.10	13.27	9.75	5.84
2023.951	41.92	12.47	16.25	17.14	13.24	9.76	5.84
2023.953	41.93	12.44	16.20	17.18	13.24	9.81	5.83
2023.956	41.94	12.43	16.18	17.21	13.24	9.78	5.87
2023.959	41.95	12.34	16.20	17.26	13.24	9.82	5.83
2023.962	41.94	12.25	16.29	17.27	13.23	9.82	5.86
2023.964	41.90	12.26	16.33	17.27	13.23	9.88	5.81
2023.967	41.66	12.52	16.33	17.22	13.27	9.83	5.84
2023.970	41.64	12.59	16.30	17.20	13.26	9.83	5.87
2023.973	41.66	12.66	16.22	17.18	13.26	9.81	5.91
2023.975	41.81	12.68	16.05	17.12	13.32	9.81	5.93
2023.978	41.92	12.60	16.06	17.15	13.25	9.81	5.94
2023.981	41.95	12.53	16.06	17.15	13.29	9.83	5.92
2023.984	42.00	12.50	16.03	17.09	13.36	9.84	5.92
2023.986	42.04	12.52	15.95	17.21	13.26	9.85	5.91
2023.989	41.90	12.58	16.04	17.16	13.33	9.83	5.93
2023.992	41.91	12.49	16.10	17.14	13.38	9.81	5.95
2023.995	41.94	12.40	16.16	17.13	13.42	9.77	5.85
2023.997	41.98	12.62	15.93	17.10	13.41	9.77	5.95
2024.000	42.04	12.56	15.87	17.21	13.34	9.72	5.96
2024.003	42.04	12.53	15.92	17.21	13.30	9.67	5.97
2024.005	42.03	12.46	15.99	17.22	13.31	9.64	5.95
2024.008	42.02	12.45	15.99	17.16	13.39	9.64	5.89
2024.011	42.01	12.49	15.95	17.11	13.45	9.64	5.87
2024.014	42.01	12.58	15.94	17.10	13.39	9.64	5.86
2024.016	41.99	12.59	15.95	17.16	13.31	9.66	5.83
2024.019	41.96	12.62	15.99	17.08	13.36	9.64	5.80
2024.022	41.97	12.30	16.29	17.17	13.28	9.65	5.77
2024.025	41.97	12.29	16.24	17.22	13.28	9.65	5.83
2024.027	41.96	12.33	16.18	17.24	13.28	9.66	5.88
2024.030	41.96	12.44	16.08	17.25	13.27	9.68	5.90
2024.033	42.04	12.46	15.94	17.35	13.23	9.68	5.87
2024.036	42.04	12.52	15.89	17.35	13.21	9.70	5.79
2024.038	42.04	12.52	15.89	17.34	13.19	9.77	5.68
2024.041	42.04	12.19	16.23	17.31	13.23	9.77	5.69
2024.044	41.97	12.24	16.24	17.34	13.20	9.77	5.62
2024.047	41.94	12.33	16.16	17.36	13.20	9.76	5.63
2024.049	41.96	12.44	16.02	17.33	13.25	9.73	5.64
2024.052	41.99	12.57	15.87	17.33	13.25	9.71	5.64
2024.055	42.01	12.53	15.86	17.34	13.24	9.69	5.68
2024.058	41.88	12.59	15.89	17.38	13.24	9.69	5.68
2024.060	41.88	12.41	16.09	17.39	13.21	9.71	5.68
2024.063	41.88	12.27	16.23	17.42	13.16	9.72	5.68
2024.066	41.88	12.26	16.28	17.38	13.16	9.72	5.71
2024.068	41.88	12.30	16.23	17.38	13.16	9.78	5.65
2024.071	41.88	12.31	16.22	17.39	13.15	9.85	5.59
2024.074	41.88	12.23	16.23	17.44	13.16	9.80	5.64
2024.077	41.88	12.30	16.20	17.41	13.15	9.81	5.67
2024.079	41.88	12.39	16.10	17.39	13.13	9.91	5.64
2024.082	41.88	12.47	16.06	17.34	13.20	9.86	5.68
2024.085	41.88	12.47	16.06	17.34	13.19	9.89	5.66
2024.088	41.88	12.42	16.12	17.34	13.18	9.95	5.58
2024.090	41.88	12.34	16.20	17.36	13.16	9.95	5.55
2024.093	41.88	12.22	16.33	17.36	13.16	9.95	5.54
2024.096	41.88	12.17	16.37	17.37	13.15	9.92	5.55
2024.099	41.88	12.06	16.48	17.40	13.08	9.96	5.53
2024.101	41.88	12.02	16.52	17.41	13.07	9.93	5.55
2024.104	41.91	11.95	16.56	17.37	13.14	9.90	5.54
2024.107	41.89	11.94	16.60	17.37	13.14	9.87	5.57
2024.110	41.99	11.79	16.64	17.40	13.06	9.90	5.61
2024.112	42.04	11.71	16.72	17.33	13.05	9.91	5.66
2024.115	42.09	11.62	16.76	17.32	13.02	9.93	5.68
2024.118	42.20	11.34	16.97	17.32	12.99	9.93	5.70
2024.121	42.31	11.15	17.05	17.28	13.02	9.92	5.73
2024.123	42.32	11.17	16.98	17.29	13.06	9.88	5.74
2024.126	42.32	11.18	16.94	17.30	13.06	9.88	5.70
2024.129	42.17	11.31	16.93	17.34	13.05	9.87	5.71
2024.132	42.04	11.45	16.92	17.35	13.05	9.83	5.73
2024.134	42.04	11.59	16.79	17.36	13.06	9.81	5.73
2024.137	42.04	11.59	16.78	17.41	13.08	9.77	5.71
2024.140	42.04	11.61	16.78	17.41	13.10	9.74	5.71
2024.142	42.04	11.68	16.72	17.40	13.10	9.74	5.71
2024.145	42.04	11.75	16.64	17.42	13.07	9.75	5.73
2024.148	42.04	11.72	16.65	17.44	13.06	9.76	5.74
2024.151	42.04	11.68	16.70	17.42	13.05	9.82	5.72
2024.153	41.88	11.84	16.70	17.41	13.10	9.81	5.74
2024.156	41.85	11.87	16.71	17.40	13.10	9.86	5.74
2024.159	41.73	11.98	16.71	17.41	13.04	9.87	5.82
2024.162	41.68	12.11	16.63	17.44	13.01	9.87	5.87
2024.164	41.71	12.08	16.63	17.44	13.01	9.87	5.92
2024.167	41.72	12.07	16.62	17.44	13.01	9.85	5.98
2024.170	41.65	12.14	16.59	17.45	13.03	9.84	6.03
2024.173	41.66	12.06	16.70	17.44	13.07	9.77	6.06
2024.175	41.62	12.09	16.70	17.44	13.04	9.78	6.11
2024.178	41.63	12.08	16.70	17.41	13.07	9.78	6.12
2024.181	41.63	12.15	16.62	17.43	13.09	9.76	6.13
2024.184	41.63	12.15	16.55	17.51	13.08	9.73	6.15
2024.186	41.76	12.10	16.48	17.51	13.09	9.71	6.17
2024.189	41.83	12.14	16.39	17.49	13.10	9.70	6.17
2024.192	41.88	12.09	16.40	17.50	13.07	9.70	6.22
2024.195	41.90	12.07	16.44	17.45	13.09	9.70	6.29
2024.197	41.91	12.05	16.45	17.42	13.11	9.69	6.30
2024.200	41.93	12.03	16.45	17.43	13.10	9.69	6.30
2024.203	41.93	12.03	16.41	17.46	13.11	9.68	6.31
2024.205	41.93	11.96	16.52	17.42	13.11	9.68	6.32
2024.208	41.93	11.86	16.62	17.41	13.13	9.64	6.35
2024.211	41.93	11.84	16.65	17.44	13.12	9.60	6.36
2024.214	41.93	11.79	16.70	17.44	13.12	9.60	6.36
2024.216	41.93	11.79	16.66	17.48	13.12	9.60	6.36
2024.219	41.93	11.82	16.62	17.48	13.12	9.60	6.36
2024.222	41.93	11.86	16.57	17.50	13.14	9.58	6.36
2024.225	41.93	11.86	16.55	17.51	13.12	9.60	6.36
2024.227	41.93	11.86	16.59	17.48	13.13	9.58	6.36
2024.230	41.93	11.86	16.59	17.48	13.15	9.57	6.36
2024.233	41.93	11.92	16.53	17.46	13.18	9.57	6.25
2024.236	41.93	11.86	16.58	17.46	13.18	9.57	6.25
2024.238	41.93	11.87	16.57	17.46	13.18	9.57	6.25
2024.241	41.93	11.86	16.62	17.44	13.14	9.57	6.26
2024.244	41.99	11.80	16.62	17.45	13.15	9.54	6.28
2024.247	42.04	11.75	16.59	17.48	13.17	9.52	6.28
2024.249	42.04	11.75	16.59	17.48	13.17	9.52	6.28
2024.252	42.04	11.75	16.59	17.48	13.17	9.52	6.28
2024.255	42.04	11.75	16.62	17.44	13.17	9.52	6.28
2024.258	42.04	11.75	16.62	17.42	13.19	9.52	6.28
2024.260	42.04	11.82	16.55	17.41	13.24	9.49	6.25
2024.263	42.16	11.75	16.50	17.40	13.24	9.48	6.17
2024.266	42.16	11.75	16.50	17.40	13.24	9.48	6.18
2024.268	42.04	11.87	16.50	17.39	13.30	9.44	6.20
2024.271	42.04	11.88	16.50	17.37	13.31	9.46	6.20
2024.274	42.04	11.88	16.50	17.41	13.27	9.47	6.22
2024.277	42.04	11.75	16.63	17.41	13.26	9.48	6.23
2024.279	42.04	11.75	16.63	17.43	13.24	9.48	6.24
2024.282	42.04	11.75	16.61	17.45	13.23	9.49	6.24
2024.285	42.04	11.75	16.59	17.48	13.22	9.51	6.23
2024.288	42.04	11.75	16.59	17.48	13.22	9.53	6.21
2024.290	42.04	11.75	16.59	17.48	13.22	9.56	6.19
2024.293	42.04	11.75	16.59	17.48	13.26	9.48	6.23
2024.296	42.04	11.87	16.46	17.46	13.28	9.48	6.23
2024.299	42.07	11.85	16.49	17.44	13.26	9.52	6.24
2024.301	42.09	11.83	16.49	17.44	13.26	9.52	6.30
2024.304	42.14	11.84	16.43	17.44	13.26	9.52	6.31
2024.307	42.16	11.89	16.36	17.44	13.29	9.48	6.31
2024.310	42.16	11.89	16.36	17.44	13.30	9.48	6.31
2024.312	42.16	11.89	16.35	17.45	13.32	9.45	6.31
2024.315	42.16	12.01	16.20	17.48	13.32	9.44	6.32
2024.318	42.16	12.01	16.20	17.50	13.30	9.42	6.34
2024.321	42.16	12.01	16.20	17.50	13.27	9.48	6.31
2024.323	42.16	12.01	16.16	17.55	13.25	9.48	6.31
2024.326	42.16	12.01	16.16	17.59	13.21	9.48	6.31
2024.329	42.16	12.01	16.16	17.59	13.21	9.51	6.28
2024.332	42.16	12.01	16.16	17.59	13.24	9.50	6.26
2024.334	42.16	12.01	16.20	17.56	13.24	9.50	6.26
2024.337	42.16	12.01	16.20	17.58	13.23	9.50	6.26
2024.340	42.16	12.01	16.20	17.58	13.22	9.50	6.26
2024.342	42.16	12.01	16.16	17.61	13.23	9.50	6.26
2024.345	42.16	12.01	16.16	17.61	13.23	9.50	6.26
2024.348	42.16	12.01	16.16	17.62	13.23	9.49	6.26
2024.351	42.16	12.01	16.16	17.62	13.23	9.49	6.26
2024.353	42.16	12.01	16.16	17.60	13.25	9.49	6.26
2024.356	42.16	12.01	16.16	17.60	13.25	9.49	6.24
2024.359	42.16	12.01	16.16	17.60	13.25	9.49	6.21
2024.362	42.16	12.06	16.11	17.60	13.25	9.49	6.18
2024.364	42.16	12.15	16.01	17.60	13.25	9.47	6.24
2024.367	42.16	12.15	16.02	17.61	13.23	9.47	6.28
2024.370	42.16	12.15	16.02	17.61	13.23	9.48	6.28
2024.373	42.16	12.14	16.03	17.59	13.24	9.45	6.31
2024.375	42.16	12.12	16.05	17.59	13.24	9.45	6.31
2024.378	42.16	12.10	16.08	17.59	13.24	9.45	6.31
2024.381	42.16	12.08	16.08	17.60	13.24	9.45	6.31
2024.384	42.15	12.08	16.11	17.60	13.24	9.45	6.31
2024.386	42.07	12.13	16.14	17.59	13.24	9.45	6.31
2024.389	42.04	12.14	16.16	17.59	13.24	9.45	6.31
2024.392	42.04	12.09	16.21	17.59	13.24	9.45	6.31
2024.395	42.04	12.04	16.26	17.59	13.24	9.45	6.31
2024.397	42.04	12.02	16.28	17.59	13.21	9.48	6.31
2024.400	42.04	12.02	16.29	17.58	13.21	9.48	6.31
2024.403	42.04	12.02	16.29	17.59	13.21	9.48	6.31
2024.405	42.04	12.02	16.28	17.59	13.21	9.49	6.31
2024.408	42.04	12.02	16.28	17.59	13.20	9.49	6.31
2024.411	42.04	12.02	16.28	17.59	13.20	9.49	6.31
2024.414	42.04	12.00	16.30	17.59	13.19	9.50	6.31
2024.416	42.04	11.97	16.33	17.59	13.19	9.50	6.31
2024.419	42.04	11.93	16.37	17.59	13.19	9.51	6.31
2024.422	42.04	11.88	16.42	17.59	13.21	9.48	6.31
2024.425	42.04	11.88	16.42	17.59	13.18	9.52	6.31
2024.427	42.04	11.88	16.42	17.59	13.18	9.52	6.31
2024.430	42.04	11.88	16.42	17.59	13.18	9.52	6.31
2024.433	42.04	11.88	16.42	17.59	13.18	9.52	6.31
2024.436	42.04	11.88	16.42	17.59	13.18	9.52	6.31
2024.438	42.04	11.88	16.42	17.59	13.18	9.52	6.31
2024.441	42.04	11.88	16.42	17.59	13.18	9.52	6.31
2024.444	42.04	11.88	16.42	17.59	13.18	9.52	6.31
2024.447	42.04	11.88	16.42	17.59	13.16	9.54	6.31
2024.449	42.04	11.88	16.42	17.59	13.16	9.57	6.28
2024.452	42.04	11.88	16.43	17.59	13.16	9.57	6.28
2024.455	42.04	11.88	16.43	17.58	13.16	9.57	6.28
2024.458	42.04	11.88	16.43	17.58	13.18	9.55	6.28
2024.460	42.04	11.88	16.42	17.55	13.22	9.55	6.28
2024.463	42.04	11.78	16.52	17.59	13.21	9.51	6.28
2024.466	42.04	11.78	16.52	17.60	13.21	9.51	6.28
2024.468	42.04	11.78	16.52	17.60	13.21	9.51	6.28
2024.471	42.04	11.78	16.52	17.60	13.21	9.51	6.28
2024.474	42.04	11.78	16.52	17.60	13.21	9.51	6.28
2024.477	42.04	11.78	16.52	17.60	13.21	9.51	6.28
2024.479	42.04	11.78	16.52	17.60	13.21	9.51	6.28
2024.482	42.04	11.78	16.52	17.60	13.21	9.51	6.28
2024.485	42.04	11.78	16.52	17.60	13.21	9.51	6.28
2024.488	42.04	11.78	16.52	17.60	13.21	9.51	6.28
2024.490	42.04	11.72	16.58	17.60	13.21	9.51	6.28
2024.493	42.04	11.72	16.58	17.60	13.21	9.51	6.28
2024.496	42.04	11.72	16.58	17.60	13.21	9.51	6.28
2024.499	42.04	11.72	16.58	17.60	13.21	9.51	6.28